Date/Time,Whole Building:Facility Total Electricity Demand Rate [W](TimeStep),PV1:Generator Produced DC Electricity Rate [W](TimeStep)
 01/01  00:15:00,2812.3262838028404,0.0
 01/01  00:30:00,2844.95588828219,0.0
 01/01  00:45:00,2837.016367521744,0.0
 01/01  01:00:00,2831.8068666868458,0.0
 01/01  01:15:00,2870.7447310068183,0.0
 01/01  01:30:00,2909.108490791381,0.0
 01/01  01:45:00,2942.5810460208954,0.0
 01/01  02:00:00,2967.447810392729,0.0
 01/01  02:15:00,2994.9851189799488,0.0
 01/01  02:30:00,3026.651859418778,0.0
 01/01  02:45:00,3051.5357000207714,0.0
 01/01  03:00:00,3067.602410337623,0.0
 01/01  03:15:00,3080.816385410993,0.0
 01/01  03:30:00,3099.3647132716223,0.0
 01/01  03:45:00,3123.952047642224,0.0
 01/01  04:00:00,3134.101988221856,0.0
 01/01  04:15:00,3136.2616576782625,0.0
 01/01  04:30:00,3142.948463826691,0.0
 01/01  04:45:00,3159.4000099058235,0.0
 01/01  05:00:00,3169.0269580448485,0.0
 01/01  05:15:00,3168.985714746005,0.0
 01/01  05:30:00,3174.8316899787465,0.0
 01/01  05:45:00,3188.681353779287,0.0
 01/01  06:00:00,3201.610779559691,0.0
 01/01  06:15:00,3202.0320014232743,0.0
 01/01  06:30:00,3247.7934608192977,0.0
 01/01  06:45:00,3179.6487079125995,0.0
 01/01  07:00:00,3177.307424492125,0.0
 01/01  07:15:00,3154.117793630305,0.0
 01/01  07:30:00,3152.405979418897,0.0
 01/01  07:45:00,3143.649192802936,0.0
 01/01  08:00:00,3144.992539882257,0.0
 01/01  08:15:00,3159.803245475822,0.0
 01/01  08:30:00,3170.481732143811,0.0
 01/01  08:45:00,4950.568327971952,0.0
 01/01  09:00:00,5588.582494987435,4.045981382567159
 01/01  09:15:00,3845.370018052359,6.071174614271154
 01/01  09:30:00,4121.298547518989,7.796209069794886
 01/01  09:45:00,4076.5831547822954,11.90480047227229
 01/01  10:00:00,5337.470947831327,16.017192648240552
 01/01  10:15:00,3903.8227464108872,20.11778990109727
 01/01  10:30:00,4016.303954246129,24.219126293456483
 01/01  10:45:00,4011.003564318695,27.732052353642747
 01/01  11:00:00,4109.060554511773,31.247135418552883
 01/01  11:15:00,7970.472193893817,34.76793849267274
 01/01  11:30:00,7648.865986967615,38.28978240015828
 01/01  11:45:00,4650.943561329746,39.84588684909294
 01/01  12:00:00,4103.048393638783,41.40724956502072
 01/01  12:15:00,2307.8864838985514,42.95119940801945
 01/01  12:30:00,2860.393999196864,44.4956692184526
 01/01  12:45:00,2855.908771696508,43.88123754088722
 01/01  13:00:00,2940.4093747978923,43.27266216790692
 01/01  13:15:00,3127.3660567885822,42.672425671423866
 01/01  13:30:00,3130.629533591311,42.07387575741354
 01/01  13:45:00,3135.710260312664,44.728040965529885
 01/01  14:00:00,3144.478125216049,48.16368485408463
 01/01  14:15:00,3145.6410430799538,52.02499547704547
 01/01  14:30:00,3132.059062115324,56.512664168705136
 01/01  14:45:00,3139.478902797758,48.400140027946485
 01/01  15:00:00,3154.545426286186,40.49070960641937
 01/01  15:15:00,3172.770445722,32.73579882174009
 01/01  15:30:00,3182.940357382653,25.67202006240088
 01/01  15:45:00,3188.351604755223,21.196649628431537
 01/01  16:00:00,3201.8990758129185,16.720196654821205
 01/01  16:15:00,4678.02908197267,12.247881709051171
 01/01  16:30:00,4342.858161362128,8.057299872441915
 01/01  16:45:00,4151.674485055174,0.0
 01/01  17:00:00,4329.632935733488,0.0
 01/01  17:15:00,8163.430375393225,0.0
 01/01  17:30:00,8142.181668125997,0.0
 01/01  17:45:00,5989.948310555203,0.0
 01/01  18:00:00,4448.333554524237,0.0
 01/01  18:15:00,4232.059065141437,0.0
 01/01  18:30:00,5576.239838526635,0.0
 01/01  18:45:00,7272.51462651045,0.0
 01/01  19:00:00,7224.074291439309,0.0
 01/01  19:15:00,5951.729987798649,0.0
 01/01  19:30:00,5370.382767526806,0.0
 01/01  19:45:00,3919.655116991404,0.0
 01/01  20:00:00,3986.1093102192663,0.0
 01/01  20:15:00,4014.301166123818,0.0
 01/01  20:30:00,4101.232129211258,0.0
 01/01  20:45:00,4180.246792738613,0.0
 01/01  21:00:00,4173.348128556729,0.0
 01/01  21:15:00,4186.204825545219,0.0
 01/01  21:30:00,4177.758011529574,0.0
 01/01  21:45:00,4182.804528459208,0.0
 01/01  22:00:00,4196.207178512064,0.0
 01/01  22:15:00,4194.914730087407,0.0
 01/01  22:30:00,4185.195326259306,0.0
 01/01  22:45:00,4178.907124977989,0.0
 01/01  23:00:00,4183.386126686059,0.0
 01/01  23:15:00,2171.5270231857203,0.0
 01/01  23:30:00,2625.088125236369,0.0
 01/01  23:45:00,2712.804856563152,0.0
 01/01  24:00:00,2818.473912796085,0.0
 01/02  00:15:00,3365.056739275412,0.0
 01/02  00:30:00,2839.8223705584387,0.0
 01/02  00:45:00,2963.095475514096,0.0
 01/02  01:00:00,2886.3815636690056,0.0
 01/02  01:15:00,2909.0673923972613,0.0
 01/02  01:30:00,2921.9415733440123,0.0
 01/02  01:45:00,2922.4268019661918,0.0
 01/02  02:00:00,2918.5361295672387,0.0
 01/02  02:15:00,2922.206670387826,0.0
 01/02  02:30:00,2935.341821091685,0.0
 01/02  02:45:00,2939.622808634076,0.0
 01/02  03:00:00,2933.2660827722425,0.0
 01/02  03:15:00,2935.8025205897948,0.0
 01/02  03:30:00,2941.5138534605303,0.0
 01/02  03:45:00,2951.2162365126,0.0
 01/02  04:00:00,2952.955165789818,0.0
 01/02  04:15:00,2937.629961736786,0.0
 01/02  04:30:00,2933.239826719181,0.0
 01/02  04:45:00,2937.0575274947064,0.0
 01/02  05:00:00,2930.420126183602,0.0
 01/02  05:15:00,2919.630117891985,0.0
 01/02  05:30:00,2910.996034220533,0.0
 01/02  05:45:00,2911.836065112036,0.0
 01/02  06:00:00,2912.094443195951,0.0
 01/02  06:15:00,2913.3666191362718,0.0
 01/02  06:30:00,2960.027395074406,0.0
 01/02  06:45:00,2891.7732747373484,0.0
 01/02  07:00:00,2895.2517476382623,0.0
 01/02  07:15:00,2873.1122339016506,0.0
 01/02  07:30:00,2874.2723828963253,0.0
 01/02  07:45:00,2865.4829048625024,0.0
 01/02  08:00:00,2866.5245999492595,0.0
 01/02  08:15:00,2876.2627636281973,0.0
 01/02  08:30:00,2874.468821834987,0.0
 01/02  08:45:00,4717.361653905827,0.0
 01/02  09:00:00,5383.966819169101,3.9653385172784064
 01/02  09:15:00,3587.516516825898,5.945415237765365
 01/02  09:30:00,3877.431120494788,7.629658978878999
 01/02  09:45:00,3786.015842278215,32.84194449806693
 01/02  10:00:00,5204.065814098839,63.29024081457885
 01/02  10:15:00,3704.217740040997,105.80105998448244
 01/02  10:30:00,3743.058847495555,139.29338388278632
 01/02  10:45:00,3710.345963093871,157.3454701608042
 01/02  11:00:00,3813.151121877017,176.52349976426208
 01/02  11:15:00,7966.055665723094,196.5160494216577
 01/02  11:30:00,7928.094831234639,217.11838200372472
 01/02  11:45:00,5173.545950658042,221.32711232279
 01/02  12:00:00,3825.1865914078894,225.33211789196275
 01/02  12:15:00,1632.4062170676275,229.29314075307704
 01/02  12:30:00,2071.522663872268,233.22567092997906
 01/02  12:45:00,2152.850436163269,198.48387428011648
 01/02  13:00:00,2201.640115379201,178.87605064638285
 01/02  13:15:00,2449.267362844142,159.57088382260724
 01/02  13:30:00,2370.607573634084,140.80514484633017
 01/02  13:45:00,2388.1321588633687,120.29012316804706
 01/02  14:00:00,2413.859503925829,90.15547381095547
 01/02  14:15:00,2429.2496314455702,72.80670907904262
 01/02  14:30:00,2436.06319635665,56.113735152521215
 01/02  14:45:00,2444.919412299472,51.04810073718144
 01/02  15:00:00,2456.905176839559,46.14854508671396
 01/02  15:15:00,2463.6822166273537,41.43598114985711
 01/02  15:30:00,2461.311625659318,36.94287051247538
 01/02  15:45:00,2460.566293893491,27.614014097089225
 01/02  16:00:00,2469.4195311383546,18.585327032997718
 01/02  16:15:00,4400.044347038996,11.162658903512995
 01/02  16:30:00,4035.581956851682,3.7675430265459635
 01/02  16:45:00,3666.7743272184334,0.0
 01/02  17:00:00,3891.127437671931,0.0
 01/02  17:15:00,8153.216914641088,0.0
 01/02  17:30:00,8133.875004137246,0.0
 01/02  17:45:00,5168.692389083291,0.0
 01/02  18:00:00,3987.149050440156,0.0
 01/02  18:15:00,3736.008981533841,0.0
 01/02  18:30:00,5252.837468494307,0.0
 01/02  18:45:00,6951.87059111775,0.0
 01/02  19:00:00,6899.703534620972,0.0
 01/02  19:15:00,5623.310461887592,0.0
 01/02  19:30:00,5040.421772658805,0.0
 01/02  19:45:00,3569.7253646428053,0.0
 01/02  20:00:00,3633.541245717396,0.0
 01/02  20:15:00,3652.90925240157,0.0
 01/02  20:30:00,3631.580719961376,0.0
 01/02  20:45:00,3667.668019270204,0.0
 01/02  21:00:00,3674.042259254912,0.0
 01/02  21:15:00,3663.5496596325975,0.0
 01/02  21:30:00,3620.635271676197,0.0
 01/02  21:45:00,3642.058429878859,0.0
 01/02  22:00:00,3655.65357175117,0.0
 01/02  22:15:00,3655.772655263792,0.0
 01/02  22:30:00,3625.157480742341,0.0
 01/02  22:45:00,3634.8129195818506,0.0
 01/02  23:00:00,3632.522871277899,0.0
 01/02  23:15:00,1363.8204471283389,0.0
 01/02  23:30:00,1521.6901655681356,0.0
 01/02  23:45:00,1671.4400351825122,0.0
 01/02  24:00:00,1867.9069908831416,0.0
 01/03  00:15:00,1979.5935258171512,0.0
 01/03  00:30:00,1982.6401998377744,0.0
 01/03  00:45:00,2002.5892057760532,0.0
 01/03  01:00:00,2014.540617808377,0.0
 01/03  01:15:00,2024.99721543004,0.0
 01/03  01:30:00,2033.92094627468,0.0
 01/03  01:45:00,2031.8738003690853,0.0
 01/03  02:00:00,2028.2051190895377,0.0
 01/03  02:15:00,2033.006269726914,0.0
 01/03  02:30:00,2049.0071439872727,0.0
 01/03  02:45:00,2051.5562290295115,0.0
 01/03  03:00:00,2049.571438982524,0.0
 01/03  03:15:00,2046.6801982143668,0.0
 01/03  03:30:00,2051.6214959029685,0.0
 01/03  03:45:00,2054.816802727825,0.0
 01/03  04:00:00,2051.774706709286,0.0
 01/03  04:15:00,2051.0175248757478,0.0
 01/03  04:30:00,2062.616020253565,0.0
 01/03  04:45:00,2080.473658975555,0.0
 01/03  05:00:00,2089.875943123806,0.0
 01/03  05:15:00,2086.584959254013,0.0
 01/03  05:30:00,2085.3503131875755,0.0
 01/03  05:45:00,2092.26929284456,0.0
 01/03  06:00:00,2099.274983548134,0.0
 01/03  06:15:00,2105.4908507238783,0.0
 01/03  06:30:00,2157.409973187516,0.0
 01/03  06:45:00,2096.380365133023,0.0
 01/03  07:00:00,2111.734818728779,0.0
 01/03  07:15:00,2093.130758855764,0.0
 01/03  07:30:00,2093.837511824208,0.0
 01/03  07:45:00,2086.3000820339144,0.0
 01/03  08:00:00,2092.101481186301,0.0
 01/03  08:15:00,2105.7552741686827,0.0
 01/03  08:30:00,2114.3761421035288,0.0
 01/03  08:45:00,4151.421038116101,0.0
 01/03  09:00:00,4909.481044260298,3.952929177201287
 01/03  09:15:00,2988.470818026557,5.929611045657116
 01/03  09:30:00,3171.3606098331047,7.613172067787298
 01/03  09:45:00,3174.369110903223,11.623900364530806
 01/03  10:00:00,4908.999317472351,15.637746115500457
 01/03  10:15:00,3350.022070159774,19.653185062825177
 01/03  10:30:00,3404.971425659698,23.670772526782386
 01/03  10:45:00,3421.6743840338786,27.113639405079894
 01/03  11:00:00,3409.594821863652,30.558474666763352
 01/03  11:15:00,7958.080036811667,34.00470065774987
 01/03  11:30:00,7920.507446284078,37.45220894027416
 01/03  11:45:00,4453.889249056166,38.97727053064826
 01/03  12:00:00,3462.7336756666527,40.5062965253779
 01/03  12:15:00,1174.9335002661817,42.04328018229457
 01/03  12:30:00,1470.330553606768,43.58187729100354
 01/03  12:45:00,1644.3503024848685,43.19829816876513
 01/03  13:00:00,1859.981703517144,42.818926216440644
 01/03  13:15:00,2019.457864422534,42.51448344748576
 01/03  13:30:00,2092.7931103084693,42.212494039444195
 01/03  13:45:00,2142.206980480149,39.78329688979089
 01/03  14:00:00,2196.86417680864,37.348369171093566
 01/03  14:15:00,2223.3440363017767,34.8837454369418
 01/03  14:30:00,2238.1100061101897,32.41435450947855
 01/03  14:45:00,2263.673610026378,28.385504314525733
 01/03  15:00:00,2295.084311735174,24.350211495079417
 01/03  15:15:00,2309.229598227384,20.283073077166787
 01/03  15:30:00,2316.7153597544384,16.218159991040054
 01/03  15:45:00,2318.0977553853527,12.73740710498954
 01/03  16:00:00,2329.247165419184,9.258148209839005
 01/03  16:15:00,4348.703255803752,5.778208026411816
 01/03  16:30:00,3984.181074777666,2.306117992587628
 01/03  16:45:00,3616.647376335324,0.0
 01/03  17:00:00,3764.159675450082,0.0
 01/03  17:15:00,8150.909160695932,0.0
 01/03  17:30:00,8131.67885661475,0.0
 01/03  17:45:00,4942.0926388695625,0.0
 01/03  18:00:00,3916.470851239788,0.0
 01/03  18:15:00,3666.970323159212,0.0
 01/03  18:30:00,5196.467690703015,0.0
 01/03  18:45:00,6899.961564711591,0.0
 01/03  19:00:00,6850.123458984303,0.0
 01/03  19:15:00,5576.143192416887,0.0
 01/03  19:30:00,4995.831819950136,0.0
 01/03  19:45:00,3529.6561765805936,0.0
 01/03  20:00:00,3595.8976002640006,0.0
 01/03  20:15:00,3619.347732463846,0.0
 01/03  20:30:00,3602.7317567337896,0.0
 01/03  20:45:00,3622.097246885544,0.0
 01/03  21:00:00,3652.021273970529,0.0
 01/03  21:15:00,3650.671466465181,0.0
 01/03  21:30:00,3614.1146422364745,0.0
 01/03  21:45:00,3617.5824814958414,0.0
 01/03  22:00:00,3660.681596891966,0.0
 01/03  22:15:00,3666.3489337612896,0.0
 01/03  22:30:00,3637.4663576992975,0.0
 01/03  22:45:00,3634.477225495213,0.0
 01/03  23:00:00,3644.21639025189,0.0
 01/03  23:15:00,1374.6058649996612,0.0
 01/03  23:30:00,1591.8443572083966,0.0
 01/03  23:45:00,1802.004349015344,0.0
 01/03  24:00:00,2035.795587057662,0.0
 01/04  00:15:00,3603.087274079469,0.0
 01/04  00:30:00,2775.2394980200384,0.0
 01/04  00:45:00,3087.440447617124,0.0
 01/04  01:00:00,1830.3638490802327,0.0
 01/04  01:15:00,1954.2373890712531,0.0
 01/04  01:30:00,2004.6387960908296,0.0
 01/04  01:45:00,2118.512893277304,0.0
 01/04  02:00:00,2109.739931663928,0.0
 01/04  02:15:00,2131.7398197715565,0.0
 01/04  02:30:00,2150.8454047240803,0.0
 01/04  02:45:00,2156.5677747816776,0.0
 01/04  03:00:00,2154.4420396187907,0.0
 01/04  03:15:00,2166.799107300921,0.0
 01/04  03:30:00,2184.600562592142,0.0
 01/04  03:45:00,2203.8083197036785,0.0
 01/04  04:00:00,2215.832819324188,0.0
 01/04  04:15:00,2217.939823072604,0.0
 01/04  04:30:00,2229.6197937859106,0.0
 01/04  04:45:00,2249.5256031360227,0.0
 01/04  05:00:00,2258.813590107172,0.0
 01/04  05:15:00,2256.0169141194783,0.0
 01/04  05:30:00,2256.109338341212,0.0
 01/04  05:45:00,2262.841489724203,0.0
 01/04  06:00:00,2272.1758402767678,0.0
 01/04  06:15:00,2282.300750735477,0.0
 01/04  06:30:00,2341.1167001246336,0.0
 01/04  06:45:00,2285.9107479587738,0.0
 01/04  07:00:00,2304.810268412082,0.0
 01/04  07:15:00,2292.813722909213,0.0
 01/04  07:30:00,2300.230576315531,0.0
 01/04  07:45:00,2298.8510961453253,0.0
 01/04  08:00:00,2311.380743236672,0.0
 01/04  08:15:00,2329.808187898158,0.0
 01/04  08:30:00,2341.8432623489216,0.0
 01/04  08:45:00,4330.611232818264,0.0
 01/04  09:00:00,5071.47415703968,10.424323893878688
 01/04  09:15:00,3177.895011950618,15.623697041012534
 01/04  09:30:00,3367.764269231968,25.24296318606364
 01/04  09:45:00,3373.009876120192,46.51812048222106
 01/04  10:00:00,4989.86070917545,63.1643861556246
 01/04  10:15:00,3427.300381808675,92.15219625036856
 01/04  10:30:00,3478.149238661926,112.45993036073583
 01/04  10:45:00,3487.248256528159,153.29890261999
 01/04  11:00:00,3465.806550516972,209.8159945910838
 01/04  11:15:00,7959.399415588607,254.41889218787338
 01/04  11:30:00,7921.894809588946,300.26918797233765
 01/04  11:45:00,4550.758162346776,338.4489471482541
 01/04  12:00:00,3485.7145177096427,377.4767483585226
 01/04  12:15:00,1114.3773619737387,432.4224010660276
 01/04  12:30:00,1288.3982702627409,470.71856458660505
 01/04  12:45:00,1406.0520567674464,465.90484119964805
 01/04  13:00:00,1521.3815439487764,460.09654028031474
 01/04  13:15:00,1668.8731430903708,452.8879587833086
 01/04  13:30:00,1647.2477709273112,444.34822697952944
 01/04  13:45:00,1639.7508227392311,417.2012180089344
 01/04  14:00:00,1633.6789144855231,389.36487775702085
 01/04  14:15:00,1634.3943484804768,361.1515255811262
 01/04  14:30:00,1625.4951901645284,316.9616575465532
 01/04  14:45:00,1632.3060599363207,282.73064667961734
 01/04  15:00:00,1648.2581023391435,249.10629286682263
 01/04  15:15:00,1665.766202438101,216.48610657338324
 01/04  15:30:00,1676.2903944499542,185.38596161094586
 01/04  15:45:00,1699.4202653277227,141.50277893460245
 01/04  16:00:00,1747.441808143529,100.09111221171281
 01/04  16:15:00,4231.512089807199,49.349214819481496
 01/04  16:30:00,3898.1579463436,8.470094345899009
 01/04  16:45:00,3536.383433983978,0.0
 01/04  17:00:00,3608.5521187657646,0.0
 01/04  17:15:00,8148.590728258221,0.0
 01/04  17:30:00,8129.586824568329,0.0
 01/04  17:45:00,4708.126257150367,0.0
 01/04  18:00:00,3847.0968087388,0.0
 01/04  18:15:00,3607.034964150892,0.0
 01/04  18:30:00,5133.671712159751,0.0
 01/04  18:45:00,6835.410879167745,0.0
 01/04  19:00:00,6782.131901695306,0.0
 01/04  19:15:00,5507.302848872834,0.0
 01/04  19:30:00,4927.310815103737,0.0
 01/04  19:45:00,3461.6647389278587,0.0
 01/04  20:00:00,3526.891222108264,0.0
 01/04  20:15:00,3548.8983359903705,0.0
 01/04  20:30:00,3529.643255660675,0.0
 01/04  20:45:00,3546.3588336955067,0.0
 01/04  21:00:00,3573.529736106212,0.0
 01/04  21:15:00,3567.8010435487327,0.0
 01/04  21:30:00,3527.387980130532,0.0
 01/04  21:45:00,3525.523632048467,0.0
 01/04  22:00:00,3563.9925230247327,0.0
 01/04  22:15:00,3569.8723105338795,0.0
 01/04  22:30:00,3541.696625245891,0.0
 01/04  22:45:00,3523.2407895376564,0.0
 01/04  23:00:00,3537.2191570261107,0.0
 01/04  23:15:00,1247.6039480126828,0.0
 01/04  23:30:00,1279.7070999365776,0.0
 01/04  23:45:00,1398.063019536652,0.0
 01/04  24:00:00,1513.3902692006486,0.0
 01/05  00:15:00,3090.3626786425825,0.0
 01/05  00:30:00,2153.807067928773,0.0
 01/05  00:45:00,1548.753056598549,0.0
 01/05  01:00:00,1727.6999018967997,0.0
 01/05  01:15:00,1719.2661487961216,0.0
 01/05  01:30:00,1769.684195510517,0.0
 01/05  01:45:00,1799.941009089311,0.0
 01/05  02:00:00,1816.127270309241,0.0
 01/05  02:15:00,1837.7016701873,0.0
 01/05  02:30:00,1867.813005934796,0.0
 01/05  02:45:00,1883.6104837130388,0.0
 01/05  03:00:00,1894.2257678499543,0.0
 01/05  03:15:00,1902.1204782498887,0.0
 01/05  03:30:00,1913.871467982577,0.0
 01/05  03:45:00,1929.0749185634872,0.0
 01/05  04:00:00,1932.6717376290087,0.0
 01/05  04:15:00,1936.96142637394,0.0
 01/05  04:30:00,1950.8399858182397,0.0
 01/05  04:45:00,1972.5445518728625,0.0
 01/05  05:00:00,1983.4991232356651,0.0
 01/05  05:15:00,1989.5824738944195,0.0
 01/05  05:30:00,1997.2575093611483,0.0
 01/05  05:45:00,2013.6506873651133,0.0
 01/05  06:00:00,2030.186401360549,0.0
 01/05  06:15:00,2041.282501165126,0.0
 01/05  06:30:00,2096.781671172924,0.0
 01/05  06:45:00,2038.3761091942856,0.0
 01/05  07:00:00,2056.453132607112,0.0
 01/05  07:15:00,2045.1671952279828,0.0
 01/05  07:30:00,2053.6946050013444,0.0
 01/05  07:45:00,2051.6662719993005,0.0
 01/05  08:00:00,2065.5350146201336,0.0
 01/05  08:15:00,2077.970592079735,0.0
 01/05  08:30:00,3636.636385456685,0.0
 01/05  08:45:00,3785.3455260859055,0.0
 01/05  09:00:00,4871.209161635714,3.9897035697092322
 01/05  09:15:00,2930.6694977697352,5.983319379863531
 01/05  09:30:00,3120.4197148259354,7.680374993569157
 01/05  09:45:00,4919.879274333642,11.917991213190785
 01/05  10:00:00,4761.789770055078,16.158094863258018
 01/05  10:15:00,3333.3032804350705,20.40520399891337
 01/05  10:30:00,3390.091269372854,24.656076441524874
 01/05  10:45:00,3404.3486961056446,28.134207111645743
 01/05  11:00:00,3389.133939818294,31.615383317818278
 01/05  11:15:00,3367.8065321775343,35.11202040791692
 01/05  11:30:00,3396.3113596012863,38.61378445314034
 01/05  11:45:00,3414.497800343352,40.17531091409617
 01/05  12:00:00,3413.742316666873,41.74169934843904
 01/05  12:15:00,2887.313399176242,43.32395466309467
 01/05  12:30:00,2902.8502451300974,44.90990961012062
 01/05  12:45:00,2950.338911717181,44.54970662215786
 01/05  13:00:00,3104.8951086004863,44.193881464221
 01/05  13:15:00,3548.376658795984,43.7815646420972
 01/05  13:30:00,3426.555028191612,43.37111882369084
 01/05  13:45:00,3400.704420617175,40.82059937181656
 01/05  14:00:00,3438.1964678480126,38.27680477134271
 01/05  14:15:00,3426.708424942525,35.75584950858646
 01/05  14:30:00,3382.1106941393605,33.23740867955205
 01/05  14:45:00,3370.199779689949,29.166476553126472
 01/05  15:00:00,3394.096232422294,25.10050031898173
 01/05  15:15:00,3415.7745177389256,21.023775616460043
 01/05  15:30:00,3403.296492249718,16.953637767153094
 01/05  15:45:00,3370.239601237654,13.470896289107372
 01/05  16:00:00,3384.9043502325358,9.994128932637203
 01/05  16:15:00,3832.644485794844,6.52840501696717
 01/05  16:30:00,3831.201047437664,3.0672698897575668
 01/05  16:45:00,3492.0443448248,0.0
 01/05  17:00:00,3534.6377642986417,0.0
 01/05  17:15:00,3550.725873444474,0.0
 01/05  17:30:00,8170.444820392293,0.0
 01/05  17:45:00,8175.508644936021,0.0
 01/05  18:00:00,4865.838990868399,0.0
 01/05  18:15:00,3634.928234391336,0.0
 01/05  18:30:00,3587.7857846862657,0.0
 01/05  18:45:00,6752.968446999785,0.0
 01/05  19:00:00,6766.42269356493,0.0
 01/05  19:15:00,5510.069273887788,0.0
 01/05  19:30:00,4925.015617689376,0.0
 01/05  19:45:00,4227.346481533184,0.0
 01/05  20:00:00,3551.9395414064456,0.0
 01/05  20:15:00,8139.709224434709,0.0
 01/05  20:30:00,6932.306787229273,0.0
 01/05  20:45:00,3918.143756558501,0.0
 01/05  21:00:00,3591.9817923452106,0.0
 01/05  21:15:00,3568.836775539219,0.0
 01/05  21:30:00,3526.447048656581,0.0
 01/05  21:45:00,3527.8655468116467,0.0
 01/05  22:00:00,3569.171009406631,0.0
 01/05  22:15:00,3574.5704862882426,0.0
 01/05  22:30:00,3546.3095994796367,0.0
 01/05  22:45:00,3526.7132475495787,0.0
 01/05  23:00:00,3541.2918716464333,0.0
 01/05  23:15:00,2960.3460559196456,0.0
 01/05  23:30:00,1001.5237412696854,0.0
 01/05  23:45:00,1290.779008891976,0.0
 01/05  24:00:00,1452.3098437975293,0.0
 01/06  00:15:00,3199.8188881843166,0.0
 01/06  00:30:00,3067.848867889619,0.0
 01/06  00:45:00,1528.4540582103195,0.0
 01/06  01:00:00,1642.372120799681,0.0
 01/06  01:15:00,1680.9695451509278,0.0
 01/06  01:30:00,1774.5387765532528,0.0
 01/06  01:45:00,1803.5370600071185,0.0
 01/06  02:00:00,1823.3036931342624,0.0
 01/06  02:15:00,1828.4187898344508,0.0
 01/06  02:30:00,1854.8470160805923,0.0
 01/06  02:45:00,1873.3750630803836,0.0
 01/06  03:00:00,1883.4419483461345,0.0
 01/06  03:15:00,1893.0973558812968,0.0
 01/06  03:30:00,1908.912894953928,0.0
 01/06  03:45:00,1923.4742782284327,0.0
 01/06  04:00:00,1930.4730345032892,0.0
 01/06  04:15:00,1927.3470531758408,0.0
 01/06  04:30:00,1935.457493948264,0.0
 01/06  04:45:00,1949.055444624536,0.0
 01/06  05:00:00,1953.249069196224,0.0
 01/06  05:15:00,1960.98508463446,0.0
 01/06  05:30:00,1972.8841935719345,0.0
 01/06  05:45:00,1992.0210047178296,0.0
 01/06  06:00:00,2013.6499969653005,0.0
 01/06  06:15:00,2025.943643342493,0.0
 01/06  06:30:00,2083.1635244153067,0.0
 01/06  06:45:00,2026.7726854891737,0.0
 01/06  07:00:00,2046.93361515518,0.0
 01/06  07:15:00,2030.4623962932435,0.0
 01/06  07:30:00,2033.42351327214,0.0
 01/06  07:45:00,2024.9686665961297,0.0
 01/06  08:00:00,2031.691847954885,0.0
 01/06  08:15:00,2048.91137205797,0.0
 01/06  08:30:00,3628.583651706093,0.0
 01/06  08:45:00,3779.721923458172,0.0
 01/06  09:00:00,4877.6857801580045,5.18734454364387
 01/06  09:15:00,2928.2587278459846,7.781562077956244
 01/06  09:30:00,3117.8432554099995,10.005306973136982
 01/06  09:45:00,4911.831374193375,17.55074172172048
 01/06  10:00:00,4756.882224699532,26.073167697490643
 01/06  10:15:00,3326.6434590317267,35.441074269452464
 01/06  10:30:00,3380.6941234632964,44.84121352946436
 01/06  10:45:00,3394.79412536918,42.17353865208893
 01/06  11:00:00,3378.534417627816,40.364820218131975
 01/06  11:15:00,3356.337000300139,39.085912429299285
 01/06  11:30:00,3388.278958948179,38.62278467896306
 01/06  11:45:00,3418.418261081807,40.40212107590784
 01/06  12:00:00,3423.3101111762903,42.18420077936187
 01/06  12:15:00,2890.471521870847,43.90339161895142
 01/06  12:30:00,2898.937312509453,45.69258510392872
 01/06  12:45:00,2942.1024188831125,45.00495174378445
 01/06  13:00:00,3083.041439703267,44.395188691204
 01/06  13:15:00,3529.84591063445,43.823074991462505
 01/06  13:30:00,3404.9028056629018,43.252292246145544
 01/06  13:45:00,3383.9743123597536,43.460195725553966
 01/06  14:00:00,3424.849502385492,43.85733463882122
 01/06  14:15:00,3413.6601129238447,44.53977075503852
 01/06  14:30:00,3368.8179672725228,45.43383284579088
 01/06  14:45:00,3355.6112092336675,40.79859950027952
 01/06  15:00:00,3379.2662701679915,36.27156554337759
 01/06  15:15:00,3399.818730607584,31.85643375110864
 01/06  15:30:00,3386.665520912852,27.795810741784802
 01/06  15:45:00,3352.927397749857,22.57098086630681
 01/06  16:00:00,3352.8980748763606,17.350751350179735
 01/06  16:15:00,3815.5251630836574,12.139647778683987
 01/06  16:30:00,3818.085608176294,6.9287248660609455
 01/06  16:45:00,3482.4476608122823,0.0
 01/06  17:00:00,3528.1056383309606,0.0
 01/06  17:15:00,3546.002113543038,0.0
 01/06  17:30:00,8170.341967290827,0.0
 01/06  17:45:00,8175.332573467526,0.0
 01/06  18:00:00,4864.47687680344,0.0
 01/06  18:15:00,3635.19658363278,0.0
 01/06  18:30:00,3589.883877811619,0.0
 01/06  18:45:00,6758.825614474996,0.0
 01/06  19:00:00,6772.523399320177,0.0
 01/06  19:15:00,5515.907418737814,0.0
 01/06  19:30:00,4931.239219350233,0.0
 01/06  19:45:00,4230.287350704384,0.0
 01/06  20:00:00,3560.119959142714,0.0
 01/06  20:15:00,8139.864914053639,0.0
 01/06  20:30:00,6939.305186202124,0.0
 01/06  20:45:00,3929.598780145705,0.0
 01/06  21:00:00,3603.809540526541,0.0
 01/06  21:15:00,3581.9723372967023,0.0
 01/06  21:30:00,3542.385526497828,0.0
 01/06  21:45:00,3545.6259932635853,0.0
 01/06  22:00:00,3590.162645985541,0.0
 01/06  22:15:00,3597.673937930353,0.0
 01/06  22:30:00,3572.0894124947345,0.0
 01/06  22:45:00,3554.8777292819545,0.0
 01/06  23:00:00,3572.0614715907564,0.0
 01/06  23:15:00,2991.774429997532,0.0
 01/06  23:30:00,1055.2233890608702,0.0
 01/06  23:45:00,1355.809714746425,0.0
 01/06  24:00:00,1568.9579534804254,0.0
 01/07  00:15:00,1767.254298868155,0.0
 01/07  00:30:00,2430.337033367245,0.0
 01/07  00:45:00,1675.7073267260248,0.0
 01/07  01:00:00,1970.0122286776589,0.0
 01/07  01:15:00,1855.4019749094136,0.0
 01/07  01:30:00,1890.667745447868,0.0
 01/07  01:45:00,1912.8629173422096,0.0
 01/07  02:00:00,1924.136710940066,0.0
 01/07  02:15:00,2638.594379325408,0.0
 01/07  02:30:00,2867.608718504609,0.0
 01/07  02:45:00,1799.972911735725,0.0
 01/07  03:00:00,1915.358690564147,0.0
 01/07  03:15:00,1925.719593524808,0.0
 01/07  03:30:00,1988.0192710904732,0.0
 01/07  03:45:00,2003.3868654683824,0.0
 01/07  04:00:00,2018.7468734734653,0.0
 01/07  04:15:00,2027.291087961952,0.0
 01/07  04:30:00,2044.5225226450175,0.0
 01/07  04:45:00,2069.2005914222937,0.0
 01/07  05:00:00,2084.391594022599,0.0
 01/07  05:15:00,2098.387609678735,0.0
 01/07  05:30:00,2116.85839323685,0.0
 01/07  05:45:00,2140.97831106115,0.0
 01/07  06:00:00,2168.180786050318,0.0
 01/07  06:15:00,2182.9423690736453,0.0
 01/07  06:30:00,2241.640886844706,0.0
 01/07  06:45:00,2186.344307520274,0.0
 01/07  07:00:00,2208.0944633239783,0.0
 01/07  07:15:00,2205.249490006966,0.0
 01/07  07:30:00,2225.8401488324093,0.0
 01/07  07:45:00,2236.603468637135,0.0
 01/07  08:00:00,2261.342819893704,0.0
 01/07  08:15:00,2277.39880230738,0.0
 01/07  08:30:00,2286.451530873405,0.0
 01/07  08:45:00,4284.054941898444,0.0
 01/07  09:00:00,5021.90007224466,21.16382287306986
 01/07  09:15:00,3113.8540313427548,32.91142438614571
 01/07  09:30:00,3299.7833295728337,66.97029622597385
 01/07  09:45:00,3307.9295054722115,111.71466300915353
 01/07  10:00:00,4981.914435974243,146.16525979602793
 01/07  10:15:00,3408.962158806882,184.20810740455232
 01/07  10:30:00,3450.4783622791606,224.9536016098616
 01/07  10:45:00,3451.968269339339,212.94320876931152
 01/07  11:00:00,3434.341220631963,184.5924419097517
 01/07  11:15:00,7958.60068942211,153.5153906135275
 01/07  11:30:00,7921.509195630991,119.13958018210015
 01/07  11:45:00,4515.386912934354,139.8680681172843
 01/07  12:00:00,3498.3225077712536,147.13854481400782
 01/07  12:15:00,1199.2469814031297,155.10424768692266
 01/07  12:30:00,1517.185044455353,163.55733061622686
 01/07  12:45:00,1689.7331055269103,144.97992230315768
 01/07  13:00:00,1894.074726144442,127.13044769858485
 01/07  13:15:00,2047.521055498897,98.22677808754916
 01/07  13:30:00,2105.6306165294,82.18583649265649
 01/07  13:45:00,2130.821838426314,76.50432234596325
 01/07  14:00:00,2158.4370483355456,71.03498361721002
 01/07  14:15:00,2170.11214347974,65.78027708189192
 01/07  14:30:00,2172.508496889205,60.724971210687514
 01/07  14:45:00,2185.058754985997,52.4202079260814
 01/07  15:00:00,2207.490687528547,44.31348952576906
 01/07  15:15:00,2233.966676560306,36.369499307904526
 01/07  15:30:00,2256.4770294086134,28.707014772789634
 01/07  15:45:00,2273.7225379320107,22.88493045549985
 01/07  16:00:00,2302.6335245029145,17.058368846757546
 01/07  16:15:00,4352.811787968716,11.233069921370493
 01/07  16:30:00,3992.3805988266136,5.41245303565393
 01/07  16:45:00,3623.350938343845,4.223595792146452
 01/07  17:00:00,3603.614043833456,0.0
 01/07  17:15:00,8151.385142061663,0.0
 01/07  17:30:00,8132.361847484173,0.0
 01/07  17:45:00,5000.182056608741,0.0
 01/07  18:00:00,3947.334949048845,0.0
 01/07  18:15:00,3697.225461322398,0.0
 01/07  18:30:00,5225.919051136054,0.0
 01/07  18:45:00,6930.541555673737,0.0
 01/07  19:00:00,6881.906035810394,0.0
 01/07  19:15:00,5608.808665823338,0.0
 01/07  19:30:00,5029.727741186783,0.0
 01/07  19:45:00,3567.071685704145,0.0
 01/07  20:00:00,3634.936784564559,0.0
 01/07  20:15:00,3659.301155164415,0.0
 01/07  20:30:00,3643.4303736482766,0.0
 01/07  20:45:00,3677.246559666393,0.0
 01/07  21:00:00,3695.970039584676,0.0
 01/07  21:15:00,3689.282561770267,0.0
 01/07  21:30:00,3650.136102695424,0.0
 01/07  21:45:00,3679.929401363034,0.0
 01/07  22:00:00,3693.002658064301,0.0
 01/07  22:15:00,3695.0215177249343,0.0
 01/07  22:30:00,3685.431458006424,0.0
 01/07  22:45:00,3689.906286567589,0.0
 01/07  23:00:00,3697.1313837666735,0.0
 01/07  23:15:00,1434.6198952287225,0.0
 01/07  23:30:00,1703.086119220839,0.0
 01/07  23:45:00,1908.3747650259363,0.0
 01/07  24:00:00,2226.566608875024,0.0
 01/08  00:15:00,2131.6732485745943,0.0
 01/08  00:30:00,2182.154648166038,0.0
 01/08  00:45:00,2284.1865581182024,0.0
 01/08  01:00:00,2199.31893644052,0.0
 01/08  01:15:00,2316.0538307269467,0.0
 01/08  01:30:00,2233.13282740892,0.0
 01/08  01:45:00,2339.095714019289,0.0
 01/08  02:00:00,2241.323308867003,0.0
 01/08  02:15:00,2352.0131260153057,0.0
 01/08  02:30:00,2272.699092264521,0.0
 01/08  02:45:00,2379.722706078593,0.0
 01/08  03:00:00,2282.995278657856,0.0
 01/08  03:15:00,2387.6123403554143,0.0
 01/08  03:30:00,2301.9161011828123,0.0
 01/08  03:45:00,2412.960124630189,0.0
 01/08  04:00:00,2409.727737297464,0.0
 01/08  04:15:00,2317.810477573735,0.0
 01/08  04:30:00,2425.3212866759413,0.0
 01/08  04:45:00,2435.005836015554,0.0
 01/08  05:00:00,2351.842532803784,0.0
 01/08  05:15:00,2456.39599280341,0.0
 01/08  05:30:00,2458.9277655937262,0.0
 01/08  05:45:00,2474.3961724121355,0.0
 01/08  06:00:00,2496.165566127036,0.0
 01/08  06:15:00,2508.0418930417577,0.0
 01/08  06:30:00,2570.1887381454344,0.0
 01/08  06:45:00,2516.6924527266638,0.0
 01/08  07:00:00,2538.4082170286943,0.0
 01/08  07:15:00,2526.044945820536,0.0
 01/08  07:30:00,2535.584071789062,0.0
 01/08  07:45:00,2537.0241430990886,0.0
 01/08  08:00:00,2550.7416998020035,0.0
 01/08  08:15:00,2561.868888444078,0.0
 01/08  08:30:00,2568.950186543413,0.0
 01/08  08:45:00,4491.494562566533,0.0
 01/08  09:00:00,5205.714614057708,4.030037040867261
 01/08  09:15:00,3361.4202777644373,6.047120793265678
 01/08  09:30:00,3556.779381678106,7.759338041298644
 01/08  09:45:00,3578.8053654300143,12.231561922285476
 01/08  10:00:00,5125.980059930316,16.703554190268644
 01/08  10:15:00,3600.611161060059,21.1814746866541
 01/08  10:30:00,3652.248320719911,25.660914770443487
 01/08  10:45:00,3655.5515395822295,29.16274916015524
 01/08  11:00:00,3700.306134576975,32.66636044720883
 01/08  11:15:00,7962.661709002723,36.173927511638105
 01/08  11:30:00,7174.101410220199,39.68382042688553
 01/08  11:45:00,4215.451345162155,41.43360353638446
 01/08  12:00:00,3766.3568589740817,43.18830433747249
 01/08  12:15:00,1670.0004764650128,44.9450482722038
 01/08  12:30:00,2183.9621553716424,46.84123407320075
 01/08  12:45:00,2274.728247403715,46.307951969983804
 01/08  13:00:00,2412.96386538012,45.91900944956768
 01/08  13:15:00,2578.9812350944176,45.518080366099326
 01/08  13:30:00,2604.52108626346,45.11858787000232
 01/08  13:45:00,2620.028596945547,42.56865703200145
 01/08  14:00:00,2644.4212334593044,40.02466234517101
 01/08  14:15:00,2654.4028942941045,37.49189081455698
 01/08  14:30:00,2571.74019276954,34.960564866597664
 01/08  14:45:00,2675.3761461815816,30.867826863563632
 01/08  15:00:00,2688.5101392177835,26.77918001953553
 01/08  15:15:00,2616.42352521405,22.691074881393185
 01/08  15:30:00,2717.0171644321586,18.60615483139581
 01/08  15:45:00,2628.4757171866463,14.91406394625615
 01/08  16:00:00,2732.202124404474,11.224977926358825
 01/08  16:15:00,4446.505916496031,7.542343862601619
 01/08  16:30:00,4109.112028931755,3.862932488971849
 01/08  16:45:00,3745.254352777744,3.0181527139958355
 01/08  17:00:00,3895.951641215748,0.0
 01/08  17:15:00,8155.386912824419,0.0
 01/08  17:30:00,8136.267598040233,0.0
 01/08  17:45:00,5426.534319178026,0.0
 01/08  18:00:00,4087.661038044463,0.0
 01/08  18:15:00,3890.762259779995,0.0
 01/08  18:30:00,5362.225423516006,0.0
 01/08  18:45:00,7047.160700940797,0.0
 01/08  19:00:00,7005.744263048204,0.0
 01/08  19:15:00,5744.663968247111,0.0
 01/08  19:30:00,5169.939708000745,0.0
 01/08  19:45:00,3713.3617802314743,0.0
 01/08  20:00:00,3787.29732664638,0.0
 01/08  20:15:00,3812.86061419828,0.0
 01/08  20:30:00,3832.727391981825,0.0
 01/08  20:45:00,3942.0661109511952,0.0
 01/08  21:00:00,3844.761293772486,0.0
 01/08  21:15:00,3893.924766554706,0.0
 01/08  21:30:00,3882.091287015801,0.0
 01/08  21:45:00,3899.177497795922,0.0
 01/08  22:00:00,3916.37332591564,0.0
 01/08  22:15:00,3918.982137643228,0.0
 01/08  22:30:00,3914.778685929366,0.0
 01/08  22:45:00,3915.722298777116,0.0
 01/08  23:00:00,3924.840003969349,0.0
 01/08  23:15:00,1760.721607806233,0.0
 01/08  23:30:00,2088.24747256017,0.0
 01/08  23:45:00,2276.409849008299,0.0
 01/08  24:00:00,2455.538970604769,0.0
 01/09  00:15:00,3026.8608168922124,0.0
 01/09  00:30:00,2410.742581534512,0.0
 01/09  00:45:00,2562.7689858810218,0.0
 01/09  01:00:00,2488.0488243489717,0.0
 01/09  01:15:00,2519.383084224983,0.0
 01/09  01:30:00,2542.791952833763,0.0
 01/09  01:45:00,2550.950446065941,0.0
 01/09  02:00:00,2552.528725406012,0.0
 01/09  02:15:00,2564.1942226049414,0.0
 01/09  02:30:00,2584.1709379237027,0.0
 01/09  02:45:00,2596.0249831598294,0.0
 01/09  03:00:00,2597.9959335320764,0.0
 01/09  03:15:00,2605.321451824207,0.0
 01/09  03:30:00,2619.87687386695,0.0
 01/09  03:45:00,2636.72263242835,0.0
 01/09  04:00:00,2642.481380984412,0.0
 01/09  04:15:00,2642.8686859549102,0.0
 01/09  04:30:00,2653.8037697066493,0.0
 01/09  04:45:00,2669.827193690732,0.0
 01/09  05:00:00,2678.731900582514,0.0
 01/09  05:15:00,2680.533956076178,0.0
 01/09  05:30:00,2684.659307311177,0.0
 01/09  05:45:00,2696.5428404617924,0.0
 01/09  06:00:00,2711.31700803698,0.0
 01/09  06:15:00,2719.312569601549,0.0
 01/09  06:30:00,2779.011592771663,0.0
 01/09  06:45:00,2716.6455493714507,0.0
 01/09  07:00:00,2733.409906034437,0.0
 01/09  07:15:00,2718.005968191786,0.0
 01/09  07:30:00,2725.319689519598,0.0
 01/09  07:45:00,2722.1711105418703,0.0
 01/09  08:00:00,2734.278498698144,0.0
 01/09  08:15:00,2749.3641738088854,0.0
 01/09  08:30:00,2760.815138707428,0.0
 01/09  08:45:00,4644.861031130013,0.0
 01/09  09:00:00,5334.559887538821,4.03359572946836
 01/09  09:15:00,3521.1619338289665,5.831489630262752
 01/09  09:30:00,3829.059732113477,7.776889105172597
 01/09  09:45:00,3758.677900937885,12.267513606087485
 01/09  10:00:00,5205.006925390703,16.763548450023602
 01/09  10:15:00,3709.720294976357,21.26523478326477
 01/09  10:30:00,3761.36566283812,25.771351691728242
 01/09  10:45:00,3743.389211748637,36.16121732681027
 01/09  11:00:00,3870.1428362101447,48.81449289441379
 01/09  11:15:00,7965.678951594649,61.93877580005801
 01/09  11:30:00,7346.038952024122,75.5369437881892
 01/09  11:45:00,4357.248161037178,78.51288873343844
 01/09  12:00:00,3874.941697269149,81.80129666162257
 01/09  12:15:00,1858.9760728984247,85.34841296201988
 01/09  12:30:00,2407.5747671783106,89.16478297292988
 01/09  12:45:00,2463.7333631025213,87.57002045501198
 01/09  13:00:00,2558.4640355598203,86.29320524265967
 01/09  13:15:00,2736.119095638406,85.27549640137356
 01/09  13:30:00,2744.85138583566,84.51618653601466
 01/09  13:45:00,2751.960165841313,79.00622680222187
 01/09  14:00:00,2766.468222322276,73.78218778177322
 01/09  14:15:00,2772.645268930216,68.80437694302171
 01/09  14:30:00,2774.163772333065,64.03121360843011
 01/09  14:45:00,2783.4121646373114,55.40494754717961
 01/09  15:00:00,2802.6052198380467,46.99036746562809
 01/09  15:15:00,2816.944542148593,38.729230586462265
 01/09  15:30:00,2824.7130061087987,30.596009480017923
 01/09  15:45:00,2825.819904984657,24.461393099596123
 01/09  16:00:00,2835.950299510224,18.422405107753157
 01/09  16:15:00,4539.110844410287,12.350949043193886
 01/09  16:30:00,4209.693776199971,6.268638779864645
 01/09  16:45:00,3891.148306570104,4.894189725687291
 01/09  17:00:00,3969.352409082509,0.0
 01/09  17:15:00,8157.913846074862,0.0
 01/09  17:30:00,8137.78735520344,0.0
 01/09  17:45:00,5625.8440320308455,0.0
 01/09  18:00:00,4228.896001424509,0.0
 01/09  18:15:00,4015.315352206793,0.0
 01/09  18:30:00,5445.952042047286,0.0
 01/09  18:45:00,7143.781542104282,0.0
 01/09  19:00:00,7092.377499673708,0.0
 01/09  19:15:00,5821.591188151243,0.0
 01/09  19:30:00,5244.182138702061,0.0
 01/09  19:45:00,3793.288332368237,0.0
 01/09  20:00:00,3865.332820633589,0.0
 01/09  20:15:00,3889.0846247932272,0.0
 01/09  20:30:00,3952.127993017068,0.0
 01/09  20:45:00,4026.601845870566,0.0
 01/09  21:00:00,3969.6747492754334,0.0
 01/09  21:15:00,3992.5273329175,0.0
 01/09  21:30:00,3992.305006808685,0.0
 01/09  21:45:00,4001.293997538387,0.0
 01/09  22:00:00,4020.5203154715473,0.0
 01/09  22:15:00,4024.372477347883,0.0
 01/09  22:30:00,4019.588701830124,0.0
 01/09  22:45:00,4019.467137271167,0.0
 01/09  23:00:00,4029.2080870165664,0.0
 01/09  23:15:00,1927.656393093494,0.0
 01/09  23:30:00,2349.7328351694846,0.0
 01/09  23:45:00,2488.816919636061,0.0
 01/09  24:00:00,2650.726834098614,0.0
 01/10  00:15:00,2679.459350650979,0.0
 01/10  00:30:00,2706.6855281372173,0.0
 01/10  00:45:00,2707.2468806258157,0.0
 01/10  01:00:00,2716.6388848979086,0.0
 01/10  01:15:00,2732.198148240415,0.0
 01/10  01:30:00,2742.7782558954545,0.0
 01/10  01:45:00,2746.949902882906,0.0
 01/10  02:00:00,2743.897448574675,0.0
 01/10  02:15:00,2753.847014595521,0.0
 01/10  02:30:00,2770.1269035985133,0.0
 01/10  02:45:00,2775.991198711906,0.0
 01/10  03:00:00,2775.6305322679955,0.0
 01/10  03:15:00,2776.6834828036467,0.0
 01/10  03:30:00,2787.061665739358,0.0
 01/10  03:45:00,2797.437758634222,0.0
 01/10  04:00:00,2800.7163721857687,0.0
 01/10  04:15:00,2792.552432226906,0.0
 01/10  04:30:00,2793.7465384530037,0.0
 01/10  04:45:00,2804.649090048869,0.0
 01/10  05:00:00,2804.4802685453724,0.0
 01/10  05:15:00,2799.8201057725987,0.0
 01/10  05:30:00,2797.8601082585533,0.0
 01/10  05:45:00,2802.7218182571983,0.0
 01/10  06:00:00,2810.790084804328,0.0
 01/10  06:15:00,2816.054892528479,0.0
 01/10  06:30:00,2868.6689524464787,0.0
 01/10  06:45:00,2805.9622741766534,0.0
 01/10  07:00:00,2816.135958220837,0.0
 01/10  07:15:00,2799.4358794567665,0.0
 01/10  07:30:00,2808.977320231744,0.0
 01/10  07:45:00,2806.979635549033,0.0
 01/10  08:00:00,2816.539526439539,0.0
 01/10  08:15:00,2825.51790107164,0.0
 01/10  08:30:00,2824.425766205854,0.0
 01/10  08:45:00,4682.146640253555,0.0
 01/10  09:00:00,5357.355354668742,3.9909936024051023
 01/10  09:15:00,3542.1442259604046,5.759210276257237
 01/10  09:30:00,3839.647947778145,7.674436261576904
 01/10  09:45:00,3753.378622335183,12.09652623005269
 01/10  10:00:00,5195.932433856836,16.517973826207324
 01/10  10:15:00,3695.521894700285,20.944377117192555
 01/10  10:30:00,3742.293101015296,25.37215289968453
 01/10  10:45:00,3725.626245432994,29.026865256674956
 01/10  11:00:00,3845.610922915927,32.682875648514006
 01/10  11:15:00,7965.368689959843,36.35748220306725
 01/10  11:30:00,7328.028576676064,40.03680012132899
 01/10  11:45:00,4358.798875565342,41.78099236185991
 01/10  12:00:00,3878.6038029331,43.52911386541254
 01/10  12:15:00,1877.197288595128,45.25383120344608
 01/10  12:30:00,2437.606766487421,47.16893327379216
 01/10  12:45:00,2501.709332775414,46.58227441830185
 01/10  13:00:00,2605.1250400702206,46.17422180047334
 01/10  13:15:00,2774.4530690366505,45.77512065940552
 01/10  13:30:00,2772.401856691928,45.37804630283746
 01/10  13:45:00,2769.9370520856114,42.853803517880884
 01/10  14:00:00,2772.5059554683216,40.335583777781615
 01/10  14:15:00,2771.636923820611,37.80893781985445
 01/10  14:30:00,2763.292317672365,35.28651147114048
 01/10  14:45:00,2764.727212950453,31.22546186202161
 01/10  15:00:00,2686.6654591538672,27.17252934462236
 01/10  15:15:00,2783.980204229633,23.12833781934693
 01/10  15:30:00,2690.2987832680965,19.09176720208621
 01/10  15:45:00,2772.768185311511,15.254750998905855
 01/10  16:00:00,2684.0812377432544,11.42533744660006
 01/10  16:15:00,4450.462374220638,7.604106029713373
 01/10  16:30:00,4099.359395535771,3.7933808864922924
 01/10  16:45:00,3746.02298116374,2.9613801503088952
 01/10  17:00:00,3825.576478395618,0.0
 01/10  17:15:00,8155.20680352316,0.0
 01/10  17:30:00,8135.359402758093,0.0
 01/10  17:45:00,5344.465694349903,0.0
 01/10  18:00:00,4050.270708670268,0.0
 01/10  18:15:00,3828.398032208676,0.0
 01/10  18:30:00,5302.906787705276,0.0
 01/10  18:45:00,6980.582108750177,0.0
 01/10  19:00:00,6930.862604004748,0.0
 01/10  19:15:00,5661.311862109888,0.0
 01/10  19:30:00,5078.065623207404,0.0
 01/10  19:45:00,3605.319279640742,0.0
 01/10  20:00:00,3668.100576809271,0.0
 01/10  20:15:00,3684.963726304561,0.0
 01/10  20:30:00,3659.748773845578,0.0
 01/10  20:45:00,3718.1436387826257,0.0
 01/10  21:00:00,3697.8083260270023,0.0
 01/10  21:15:00,3682.548275570584,0.0
 01/10  21:30:00,3648.143063441674,0.0
 01/10  21:45:00,3670.532233974903,0.0
 01/10  22:00:00,3672.097489422925,0.0
 01/10  22:15:00,3669.5687961002873,0.0
 01/10  22:30:00,3653.283578468369,0.0
 01/10  22:45:00,3649.326646413109,0.0
 01/10  23:00:00,3649.47451877488,0.0
 01/10  23:15:00,1372.6669616792406,0.0
 01/10  23:30:00,1556.641642061184,0.0
 01/10  23:45:00,1726.7677095624292,0.0
 01/10  24:00:00,1943.670670535752,0.0
 01/11  00:15:00,3552.5985454252414,0.0
 01/11  00:30:00,2724.4266059155616,0.0
 01/11  00:45:00,3037.937431178518,0.0
 01/11  01:00:00,1779.8877259123574,0.0
 01/11  01:15:00,1894.9499442068889,0.0
 01/11  01:30:00,1939.116630969548,0.0
 01/11  01:45:00,2044.9977896198784,0.0
 01/11  02:00:00,2031.6618735941445,0.0
 01/11  02:15:00,2052.140054723032,0.0
 01/11  02:30:00,2065.9974078037408,0.0
 01/11  02:45:00,2067.702322833313,0.0
 01/11  03:00:00,2063.8718977953863,0.0
 01/11  03:15:00,2065.6991158133583,0.0
 01/11  03:30:00,2073.820043244661,0.0
 01/11  03:45:00,2083.1668688326595,0.0
 01/11  04:00:00,2082.877468308109,0.0
 01/11  04:15:00,2077.4713723017444,0.0
 01/11  04:30:00,2081.78396035616,0.0
 01/11  04:45:00,2094.910822964699,0.0
 01/11  05:00:00,2095.6795204239093,0.0
 01/11  05:15:00,2089.6578755080022,0.0
 01/11  05:30:00,2084.037490738126,0.0
 01/11  05:45:00,2088.936347120374,0.0
 01/11  06:00:00,2092.696736627712,0.0
 01/11  06:15:00,2095.2840975920667,0.0
 01/11  06:30:00,2142.019449441663,0.0
 01/11  06:45:00,2076.230940339648,0.0
 01/11  07:00:00,2085.975315294744,0.0
 01/11  07:15:00,2074.7312372923566,0.0
 01/11  07:30:00,2080.917510373144,0.0
 01/11  07:45:00,2081.5485984953275,0.0
 01/11  08:00:00,2094.3075996478906,0.0
 01/11  08:15:00,2103.628224287861,0.0
 01/11  08:30:00,2105.6689875632032,0.0
 01/11  08:45:00,4139.734678947442,0.0
 01/11  09:00:00,4909.1871147169295,7.075932208926601
 01/11  09:15:00,2972.270228944916,9.872191948551865
 01/11  09:30:00,3147.6334686920345,12.895355025853016
 01/11  09:45:00,3142.422340603219,20.319200230175394
 01/11  10:00:00,4883.576212029838,29.14897943421249
 01/11  10:15:00,3323.5137424882664,37.93042499987154
 01/11  10:30:00,3376.5397242363533,46.752275099075845
 01/11  10:45:00,3392.26307225444,53.28571800802092
 01/11  11:00:00,3379.2380761478594,59.995486763494256
 01/11  11:15:00,7957.208479612451,66.88344834042536
 01/11  11:30:00,7915.191186819108,73.97898781645486
 01/11  11:45:00,4302.159832215221,76.61390742798287
 01/11  12:00:00,3413.271862045392,79.51945947562037
 01/11  12:15:00,1087.6156022633152,82.67344086690377
 01/11  12:30:00,1307.442362895618,86.07697632834561
 01/11  12:45:00,1442.0793309306366,131.9337319028406
 01/11  13:00:00,1683.962855630937,166.8977532625795
 01/11  13:15:00,1754.4216208812331,217.13945358223242
 01/11  13:30:00,1757.6882061681058,251.51284676424822
 01/11  13:45:00,1714.867620877758,288.6378945014193
 01/11  14:00:00,1671.3668495244672,308.1752791500317
 01/11  14:15:00,1617.0973194440742,326.0327500166063
 01/11  14:30:00,1540.4726682395287,358.37391147455327
 01/11  14:45:00,1494.5258323342666,336.9350011350255
 01/11  15:00:00,1467.6272884358782,315.11155021189586
 01/11  15:15:00,1442.2239238138202,292.62541380337274
 01/11  15:30:00,1384.8623256822527,269.6147030316678
 01/11  15:45:00,1405.5764066855318,205.7449447873626
 01/11  16:00:00,1451.127584641959,146.44335385284776
 01/11  16:15:00,4114.223695216499,78.8237251683898
 01/11  16:30:00,3770.203001838274,12.835966025744893
 01/11  16:45:00,3397.35239694773,9.978648192139351
 01/11  17:00:00,3273.152544737822,0.0
 01/11  17:15:00,8144.952117993005,0.0
 01/11  17:30:00,7956.311566613362,0.0
 01/11  17:45:00,4414.377701035215,0.0
 01/11  18:00:00,3699.198780441405,0.0
 01/11  18:15:00,3473.085326291913,0.0
 01/11  18:30:00,4999.10710402073,0.0
 01/11  18:45:00,6701.713431581803,0.0
 01/11  19:00:00,6647.335169383761,0.0
 01/11  19:15:00,5371.063845681643,0.0
 01/11  19:30:00,4789.66991360029,0.0
 01/11  19:45:00,3319.3830059956044,0.0
 01/11  20:00:00,3380.2138775635967,0.0
 01/11  20:15:00,3409.245586984633,0.0
 01/11  20:30:00,3397.812348848699,0.0
 01/11  20:45:00,3423.0233887440604,0.0
 01/11  21:00:00,3458.84928897294,0.0
 01/11  21:15:00,3451.4168705508177,0.0
 01/11  21:30:00,3406.534838477822,0.0
 01/11  21:45:00,3397.704042232861,0.0
 01/11  22:00:00,3424.530996940564,0.0
 01/11  22:15:00,3427.4967042730377,0.0
 01/11  22:30:00,3395.876118068258,0.0
 01/11  22:45:00,3373.8856023461926,0.0
 01/11  23:00:00,3386.22183753168,0.0
 01/11  23:15:00,1051.8598449650924,0.0
 01/11  23:30:00,1000.1752397579444,0.0
 01/11  23:45:00,1078.1844483414145,0.0
 01/11  24:00:00,1219.2244485175602,0.0
 01/12  00:15:00,2759.3536560399166,0.0
 01/12  00:30:00,1801.591359198744,0.0
 01/12  00:45:00,1148.6249534019662,0.0
 01/12  01:00:00,1329.9584705069603,0.0
 01/12  01:15:00,1316.9212143037207,0.0
 01/12  01:30:00,1357.1399420384416,0.0
 01/12  01:45:00,1377.2522388014906,0.0
 01/12  02:00:00,1384.1585867515626,0.0
 01/12  02:15:00,1397.7952161048847,0.0
 01/12  02:30:00,1421.0008521409525,0.0
 01/12  02:45:00,1430.5811613925848,0.0
 01/12  03:00:00,1434.6369579321624,0.0
 01/12  03:15:00,1445.6281630350625,0.0
 01/12  03:30:00,1467.6960528941377,0.0
 01/12  03:45:00,1488.0530513935328,0.0
 01/12  04:00:00,1499.420059403457,0.0
 01/12  04:15:00,1498.2687623735028,0.0
 01/12  04:30:00,1508.449690256895,0.0
 01/12  04:45:00,1527.7201621320744,0.0
 01/12  05:00:00,1536.287957273238,0.0
 01/12  05:15:00,1543.5841929127246,0.0
 01/12  05:30:00,1556.3121105061357,0.0
 01/12  05:45:00,1575.0871047222315,0.0
 01/12  06:00:00,1598.196612789318,0.0
 01/12  06:15:00,1611.2532987096529,0.0
 01/12  06:30:00,1710.5310453108027,0.0
 01/12  06:45:00,1585.5486624213988,0.0
 01/12  07:00:00,1654.9209837787166,0.0
 01/12  07:15:00,1629.010781433714,0.0
 01/12  07:30:00,1645.3170815097153,0.0
 01/12  07:45:00,1643.3333581712566,0.0
 01/12  08:00:00,1659.5520759748183,0.0
 01/12  08:15:00,1674.605506472466,0.0
 01/12  08:30:00,3332.7864297926294,0.0
 01/12  08:45:00,3466.162296549372,0.0
 01/12  09:00:00,4621.301842899897,33.780532004956854
 01/12  09:15:00,2601.9807652867385,74.66038081097143
 01/12  09:30:00,2745.8413196972,107.72223549348575
 01/12  09:45:00,4721.176678037957,154.2864147667549
 01/12  10:00:00,4567.124058170568,212.20285112276065
 01/12  10:15:00,3098.7850937997528,263.5407610544625
 01/12  10:30:00,3125.990808760078,317.8872482232173
 01/12  10:45:00,3121.182279368496,292.9974266635274
 01/12  11:00:00,3091.757658729976,276.2552374261732
 01/12  11:15:00,3055.532662570793,242.4038818839865
 01/12  11:30:00,3054.850167863951,218.9283908689981
 01/12  11:45:00,3087.666507861765,210.08685409456285
 01/12  12:00:00,3083.236353275651,186.121290833962
 01/12  12:15:00,2549.7194073908267,176.4404007969592
 01/12  12:30:00,2568.0075665600725,166.68405756818836
 01/12  12:45:00,2589.0520195795907,252.66800224479076
 01/12  13:00:00,2593.033066299362,339.4365897038126
 01/12  13:15:00,3126.3003598195346,426.52292329606445
 01/12  13:30:00,2969.0459074951223,493.1629985930017
 01/12  13:45:00,2930.883320011588,397.5962682739436
 01/12  14:00:00,2979.530900212188,284.5768448583064
 01/12  14:15:00,2984.038353511294,176.32450236651133
 01/12  14:30:00,2960.586532534033,64.95794182329928
 01/12  14:45:00,2963.845863987084,56.63818597429527
 01/12  15:00:00,2993.775835607209,48.40237285295948
 01/12  15:15:00,3019.8727714962192,40.3356651996003
 01/12  15:30:00,3010.8759888142945,32.39828202393469
 01/12  15:45:00,2979.260509302261,25.645487033622665
 01/12  16:00:00,2980.881352450617,19.354187504430573
 01/12  16:15:00,3442.7023845030026,13.073383491959431
 01/12  16:30:00,3444.6476923815503,6.805023412488435
 01/12  16:45:00,3106.0692606948514,5.304481987244077
 01/12  17:00:00,2981.9779469903124,0.0
 01/12  17:15:00,3171.3617938623383,0.0
 01/12  17:30:00,8165.127650246544,0.0
 01/12  17:45:00,7900.430633592364,0.0
 01/12  18:00:00,4307.505073234577,0.0
 01/12  18:15:00,3247.6713273095943,0.0
 01/12  18:30:00,3208.6089333093064,0.0
 01/12  18:45:00,6394.689725457907,0.0
 01/12  19:00:00,6404.395378466333,0.0
 01/12  19:15:00,5144.955429854314,0.0
 01/12  19:30:00,4558.57206289844,0.0
 01/12  19:45:00,3569.2604890669686,0.0
 01/12  20:00:00,3178.5305046498547,0.0
 01/12  20:15:00,8134.494829812519,0.0
 01/12  20:30:00,6702.818169987803,0.0
 01/12  20:45:00,3560.542095417564,0.0
 01/12  21:00:00,3210.52148588976,0.0
 01/12  21:15:00,3179.1091769770283,0.0
 01/12  21:30:00,3132.6139689423007,0.0
 01/12  21:45:00,3132.221579423179,0.0
 01/12  22:00:00,3171.105395083137,0.0
 01/12  22:15:00,3177.08071996286,0.0
 01/12  22:30:00,3148.944627432074,0.0
 01/12  22:45:00,3131.484750195432,0.0
 01/12  23:00:00,3146.064853155083,0.0
 01/12  23:15:00,2640.9679754853582,0.0
 01/12  23:30:00,476.6454806579301,0.0
 01/12  23:45:00,536.7828529825965,0.0
 01/12  24:00:00,584.8021261248516,0.0
 01/13  00:15:00,2413.404283451914,0.0
 01/13  00:30:00,2289.424560378906,0.0
 01/13  00:45:00,625.4878775770817,0.0
 01/13  01:00:00,645.713780152872,0.0
 01/13  01:15:00,684.7854324229247,0.0
 01/13  01:30:00,778.4585505104898,0.0
 01/13  01:45:00,804.4069254296264,0.0
 01/13  02:00:00,810.4692410772177,0.0
 01/13  02:15:00,826.6287918214674,0.0
 01/13  02:30:00,842.5005567668948,0.0
 01/13  02:45:00,860.1677636631972,0.0
 01/13  03:00:00,868.9956773737263,0.0
 01/13  03:15:00,875.1386475899805,0.0
 01/13  03:30:00,886.870293766464,0.0
 01/13  03:45:00,897.075856904291,0.0
 01/13  04:00:00,902.498720711054,0.0
 01/13  04:15:00,898.1475814278226,0.0
 01/13  04:30:00,900.7188652780801,0.0
 01/13  04:45:00,910.873951359318,0.0
 01/13  05:00:00,911.4507812133296,0.0
 01/13  05:15:00,903.0012684293956,0.0
 01/13  05:30:00,894.6173122664659,0.0
 01/13  05:45:00,892.2231912090284,0.0
 01/13  06:00:00,891.7391011952697,0.0
 01/13  06:15:00,889.7587554797118,0.0
 01/13  06:30:00,1066.755606539391,0.0
 01/13  06:45:00,828.8137156229756,0.0
 01/13  07:00:00,893.0909824039061,0.0
 01/13  07:15:00,874.1144821777667,0.0
 01/13  07:30:00,867.014212591383,0.0
 01/13  07:45:00,881.049632819348,0.0
 01/13  08:00:00,889.3243409070997,0.0
 01/13  08:15:00,906.8581857316894,0.0
 01/13  08:30:00,2903.146963272895,0.0
 01/13  08:45:00,2840.0503554970123,0.0
 01/13  09:00:00,4243.740645347827,4.279071058629831
 01/13  09:15:00,2265.2692488820685,6.181338521670743
 01/13  09:30:00,2399.407406067742,8.244302702417121
 01/13  09:45:00,4456.961909580785,12.57282254272719
 01/13  10:00:00,4314.626652512282,16.907897177025394
 01/13  10:15:00,2860.1962533038004,21.247242232642364
 01/13  10:30:00,2914.0885598876043,25.591891392695516
 01/13  10:45:00,2927.0662543031845,29.18323250648143
 01/13  11:00:00,2911.350203430396,32.778936466227854
 01/13  11:15:00,2877.461693745982,36.3535689245418
 01/13  11:30:00,2876.473056432229,39.92679952545078
 01/13  11:45:00,2910.400123882104,41.60201289643308
 01/13  12:00:00,2903.829969025277,43.27790145395028
 01/13  12:15:00,2366.066789130161,44.963707111220344
 01/13  12:30:00,2381.4826897502426,46.797595008568194
 01/13  12:45:00,2414.129558948518,46.252950504476956
 01/13  13:00:00,2438.394019350454,45.85929204800042
 01/13  13:15:00,2999.844135254904,45.48216829047772
 01/13  13:30:00,2873.538432326355,45.106159127656724
 01/13  13:45:00,2850.428667924668,42.83936364023271
 01/13  14:00:00,2886.3231324012186,40.575630828360836
 01/13  14:15:00,2872.213215577543,38.306989469046115
 01/13  14:30:00,2824.016740636973,36.04069067871529
 01/13  14:45:00,2808.8299861565097,32.07737243274053
 01/13  15:00:00,2829.258491240128,28.119397352284153
 01/13  15:15:00,2849.7160423254536,24.172358934899346
 01/13  15:30:00,2836.255099296772,20.227695119255294
 01/13  15:45:00,2801.2253602125447,16.285507995842078
 01/13  16:00:00,2799.9452602036304,12.346048996413593
 01/13  16:15:00,3260.832265141162,8.409907565066217
 01/13  16:30:00,3261.474676223054,4.478666114599106
 01/13  16:45:00,2923.9554482210974,3.3590159071374033
 01/13  17:00:00,2799.909038668931,0.0
 01/13  17:15:00,2988.444430688673,0.0
 01/13  17:30:00,8161.308803437313,0.0
 01/13  17:45:00,7333.877528530129,0.0
 01/13  18:00:00,4063.9582010806944,0.0
 01/13  18:15:00,3063.1184033472628,0.0
 01/13  18:30:00,3012.5357258049785,0.0
 01/13  18:45:00,6201.422580083079,0.0
 01/13  19:00:00,6208.734521539534,0.0
 01/13  19:15:00,4951.8326460617245,0.0
 01/13  19:30:00,4369.550341410919,0.0
 01/13  19:45:00,3249.8304330329875,0.0
 01/13  20:00:00,2995.723616032896,0.0
 01/13  20:15:00,8130.459787622207,0.0
 01/13  20:30:00,6600.579147165321,0.0
 01/13  20:45:00,3389.172534016221,0.0
 01/13  21:00:00,3019.2656186401023,0.0
 01/13  21:15:00,2982.966306480988,0.0
 01/13  21:30:00,2936.129479748707,0.0
 01/13  21:45:00,2932.859116826164,0.0
 01/13  22:00:00,2970.5930129935123,0.0
 01/13  22:15:00,2973.36982296915,0.0
 01/13  22:30:00,2942.894253990404,0.0
 01/13  22:45:00,2921.07349534407,0.0
 01/13  23:00:00,2933.1755719193056,0.0
 01/13  23:15:00,2488.64436461421,0.0
 01/13  23:30:00,309.89373056550943,0.0
 01/13  23:45:00,317.436996167506,0.0
 01/13  24:00:00,350.8303155975116,0.0
 01/14  00:15:00,532.45642919167,0.0
 01/14  00:30:00,1368.6288836351032,0.0
 01/14  00:45:00,563.2726102526151,0.0
 01/14  01:00:00,566.2024961431553,0.0
 01/14  01:15:00,598.7363855968649,0.0
 01/14  01:30:00,632.1994265757513,0.0
 01/14  01:45:00,629.3471448674334,0.0
 01/14  02:00:00,595.6995673364714,0.0
 01/14  02:15:00,1526.5263872801577,0.0
 01/14  02:30:00,1837.095232323531,0.0
 01/14  02:45:00,650.2879401777377,0.0
 01/14  03:00:00,620.7225855200547,0.0
 01/14  03:15:00,601.1019774384304,0.0
 01/14  03:30:00,593.4437940102201,0.0
 01/14  03:45:00,628.9723534233148,0.0
 01/14  04:00:00,629.2813631130057,0.0
 01/14  04:15:00,591.7367454867705,0.0
 01/14  04:30:00,593.3213288655478,0.0
 01/14  04:45:00,634.4215484533454,0.0
 01/14  05:00:00,642.1745545335754,0.0
 01/14  05:15:00,619.9828352529001,0.0
 01/14  05:30:00,606.3112967644598,0.0
 01/14  05:45:00,627.3019586125482,0.0
 01/14  06:00:00,662.7074482456883,0.0
 01/14  06:15:00,682.7738549706769,0.0
 01/14  06:30:00,904.9656663206548,0.0
 01/14  06:45:00,674.5347568419925,0.0
 01/14  07:00:00,677.4833511138908,0.0
 01/14  07:15:00,680.7001333444184,0.0
 01/14  07:30:00,682.5909551259059,0.0
 01/14  07:45:00,640.2152991877502,0.0
 01/14  08:00:00,643.2465403395282,0.0
 01/14  08:15:00,678.2034439361787,0.0
 01/14  08:30:00,690.3752174383856,0.0
 01/14  08:45:00,3261.191981115084,0.0
 01/14  09:00:00,4143.085835081512,7.815252016735013
 01/14  09:15:00,2155.760031523376,10.960319471702523
 01/14  09:30:00,2264.573877439711,14.360398181749904
 01/14  09:45:00,2267.3621524215223,22.165891890587247
 01/14  10:00:00,4273.872147127559,30.895490673981886
 01/14  10:15:00,2747.267273380259,39.56865573356466
 01/14  10:30:00,2782.6548642595694,48.2888470303452
 01/14  10:45:00,2775.7178065823714,55.04676674006794
 01/14  11:00:00,2751.482846285873,61.97203106568997
 01/14  11:15:00,7945.942015224396,69.0859685924901
 01/14  11:30:00,6555.140894138611,76.40759803074656
 01/14  11:45:00,3487.214178804359,79.30367679647799
 01/14  12:00:00,2791.1781761093885,82.4624544663279
 01/14  12:15:00,378.9897424420765,85.86082775633481
 01/14  12:30:00,449.6130767103834,89.50855768825846
 01/14  12:45:00,529.6143406849701,103.83681043779748
 01/14  13:00:00,580.8629089182547,131.24591966820364
 01/14  13:15:00,585.5258503866603,146.92134747421593
 01/14  13:30:00,569.1533047196851,162.96515834173908
 01/14  13:45:00,585.8958356270042,139.98950263119625
 01/14  14:00:00,640.164791204746,117.83359934107185
 01/14  14:15:00,655.6232941660129,86.56609043651409
 01/14  14:30:00,634.0714205970179,67.3054956272436
 01/14  14:45:00,636.2399930947403,58.97556939860246
 01/14  15:00:00,669.6185393717121,50.82621377978211
 01/14  15:15:00,699.9217877441869,42.83144836493701
 01/14  15:30:00,696.1123492728303,34.95953455399643
 01/14  15:45:00,669.9083653745561,28.22643312585545
 01/14  16:00:00,678.3047740380256,22.280033266459526
 01/14  16:15:00,3956.719423751975,16.426510474029737
 01/14  16:30:00,3291.199414332116,10.567686895299289
 01/14  16:45:00,2908.2589937744547,7.935336624642817
 01/14  17:00:00,2786.685548294273,0.0
 01/14  17:15:00,8136.367544038538,0.0
 01/14  17:30:00,6915.577520856743,0.0
 01/14  17:45:00,3794.096568594304,0.0
 01/14  18:00:00,3213.2724973830186,0.0
 01/14  18:15:00,2984.381844016474,0.0
 01/14  18:30:00,4536.346668685832,0.0
 01/14  18:45:00,6226.541824987667,0.0
 01/14  19:00:00,6180.375887315193,0.0
 01/14  19:15:00,4914.586740699095,0.0
 01/14  19:30:00,4336.247180328977,0.0
 01/14  19:45:00,2848.179311856918,0.0
 01/14  20:00:00,2909.047876400431,0.0
 01/14  20:15:00,2930.955387650508,0.0
 01/14  20:30:00,2910.8738851352973,0.0
 01/14  20:45:00,2926.5782602097934,0.0
 01/14  21:00:00,2953.5562627000786,0.0
 01/14  21:15:00,2946.8748847963816,0.0
 01/14  21:30:00,2905.894446232988,0.0
 01/14  21:45:00,2903.4939946258146,0.0
 01/14  22:00:00,2941.602130504305,0.0
 01/14  22:15:00,2947.044263628808,0.0
 01/14  22:30:00,2919.5112076167748,0.0
 01/14  22:45:00,2900.958361270297,0.0
 01/14  23:00:00,2916.2321193694006,0.0
 01/14  23:15:00,558.8799266609974,0.0
 01/14  23:30:00,459.00964986210863,0.0
 01/14  23:45:00,471.586283942818,0.0
 01/14  24:00:00,516.6156499989773,0.0
 01/15  00:15:00,596.0556331628936,0.0
 01/15  00:30:00,619.7849156188242,0.0
 01/15  00:45:00,603.5766373798607,0.0
 01/15  01:00:00,600.891637966085,0.0
 01/15  01:15:00,627.4639987016876,0.0
 01/15  01:30:00,657.4716219132687,0.0
 01/15  01:45:00,652.669106280354,0.0
 01/15  02:00:00,619.7403631235579,0.0
 01/15  02:15:00,623.2701350034476,0.0
 01/15  02:30:00,669.7766911759443,0.0
 01/15  02:45:00,675.3141901252204,0.0
 01/15  03:00:00,648.5821943723255,0.0
 01/15  03:15:00,637.6073502225785,0.0
 01/15  03:30:00,661.3162522883591,0.0
 01/15  03:45:00,693.0183028764665,0.0
 01/15  04:00:00,690.9005324148611,0.0
 01/15  04:15:00,657.9402403081596,0.0
 01/15  04:30:00,664.1998505562101,0.0
 01/15  04:45:00,710.0762486056475,0.0
 01/15  05:00:00,723.1344704868243,0.0
 01/15  05:15:00,697.3828591024795,0.0
 01/15  05:30:00,683.4926526520828,0.0
 01/15  05:45:00,701.4057463207848,0.0
 01/15  06:00:00,735.5048337832305,0.0
 01/15  06:15:00,748.2021897761516,0.0
 01/15  06:30:00,964.1346242277186,0.0
 01/15  06:45:00,727.4511872507228,0.0
 01/15  07:00:00,724.9180795137855,0.0
 01/15  07:15:00,726.3096053629407,0.0
 01/15  07:30:00,728.206155384118,0.0
 01/15  07:45:00,683.5682382330913,0.0
 01/15  08:00:00,701.9838630759052,0.0
 01/15  08:15:00,744.2958370407282,0.0
 01/15  08:30:00,766.3526374440089,0.0
 01/15  08:45:00,3277.684803006274,0.0
 01/15  09:00:00,4180.937119873659,5.109902109852907
 01/15  09:15:00,2196.0484486027644,7.005082889615186
 01/15  09:30:00,2325.559433800041,9.087551629633582
 01/15  09:45:00,2338.580290377897,17.8535297922061
 01/15  10:00:00,4345.026622571128,27.33828446354603
 01/15  10:15:00,2812.4448094115937,38.3375105305959
 01/15  10:30:00,2850.03302516571,49.451928123924006
 01/15  10:45:00,2842.6755021514678,56.22703678213573
 01/15  11:00:00,2819.6759648124907,63.17424596550515
 01/15  11:15:00,7947.66925039437,70.31780552636346
 01/15  11:30:00,6716.568642989391,77.67274234637676
 01/15  11:45:00,3588.245146655072,80.59231358996847
 01/15  12:00:00,2871.4203258643274,83.77618984354571
 01/15  12:15:00,443.1151894504076,87.19466100842843
 01/15  12:30:00,528.5385275271724,90.85689312585129
 01/15  12:45:00,619.0586011779836,89.60254819785186
 01/15  13:00:00,680.5237534475998,88.6207611058413
 01/15  13:15:00,696.7929048533686,87.91884267845384
 01/15  13:30:00,691.9807674983207,87.45687262492692
 01/15  13:45:00,710.9753325322104,93.61800454872433
 01/15  14:00:00,762.0085436322231,99.92669802307826
 01/15  14:15:00,767.6938300649797,106.44402544278617
 01/15  14:30:00,730.4093336061978,125.25324964925642
 01/15  14:45:00,730.4982274846113,108.84813351189563
 01/15  15:00:00,766.7990611434496,83.61404529259448
 01/15  15:15:00,792.553429547949,69.53712066102001
 01/15  15:30:00,785.8945788158152,55.93605567607024
 01/15  15:45:00,758.3312327081707,42.775322453100124
 01/15  16:00:00,764.934631127607,29.81669732785599
 01/15  16:15:00,3991.773152045152,18.423701932818403
 01/15  16:30:00,3372.3880639467025,8.359303702646644
 01/15  16:45:00,2980.075265293379,6.275541720918274
 01/15  17:00:00,2849.0129010582814,0.0
 01/15  17:15:00,8137.855785203727,0.0
 01/15  17:30:00,7047.606391204403,0.0
 01/15  17:45:00,3875.628278990563,0.0
 01/15  18:00:00,3286.561625632923,0.0
 01/15  18:15:00,3056.755713514237,0.0
 01/15  18:30:00,4606.371718553468,0.0
 01/15  18:45:00,6291.885374392739,0.0
 01/15  19:00:00,6243.257989570954,0.0
 01/15  19:15:00,4980.294283160937,0.0
 01/15  19:30:00,4405.758827133232,0.0
 01/15  19:45:00,2921.708169935125,0.0
 01/15  20:00:00,2989.639372056872,0.0
 01/15  20:15:00,3014.264740785969,0.0
 01/15  20:30:00,2996.684208357289,0.0
 01/15  20:45:00,3015.1170614548355,0.0
 01/15  21:00:00,3044.1114259970204,0.0
 01/15  21:15:00,3038.8681902088883,0.0
 01/15  21:30:00,2998.4981708754785,0.0
 01/15  21:45:00,2997.545680920612,0.0
 01/15  22:00:00,3035.845929855021,0.0
 01/15  22:15:00,3041.6504914268626,0.0
 01/15  22:30:00,3013.717267068508,0.0
 01/15  22:45:00,2995.27839342555,0.0
 01/15  23:00:00,3009.8273895332045,0.0
 01/15  23:15:00,629.4347046357198,0.0
 01/15  23:30:00,540.6837916768411,0.0
 01/15  23:45:00,557.9802624177962,0.0
 01/15  24:00:00,604.0032331872955,0.0
 01/16  00:15:00,1452.9616734398246,0.0
 01/16  00:30:00,648.6627835412035,0.0
 01/16  00:45:00,807.2628346659417,0.0
 01/16  01:00:00,646.3353068590451,0.0
 01/16  01:15:00,694.0691410851964,0.0
 01/16  01:30:00,739.0317966989671,0.0
 01/16  01:45:00,737.4357729037195,0.0
 01/16  02:00:00,708.522187351597,0.0
 01/16  02:15:00,711.8010249402346,0.0
 01/16  02:30:00,756.63946247746,0.0
 01/16  02:45:00,762.5618496302191,0.0
 01/16  03:00:00,733.7629153371257,0.0
 01/16  03:15:00,736.2497995982924,0.0
 01/16  03:30:00,782.0577645847632,0.0
 01/16  03:45:00,808.4716569390856,0.0
 01/16  04:00:00,815.3416642775876,0.0
 01/16  04:15:00,818.2237341666386,0.0
 01/16  04:30:00,851.2493692988203,0.0
 01/16  04:45:00,867.5225200191641,0.0
 01/16  05:00:00,887.4087656494565,0.0
 01/16  05:15:00,904.8367726615144,0.0
 01/16  05:30:00,923.911657712927,0.0
 01/16  05:45:00,949.2549585560588,0.0
 01/16  06:00:00,976.0591402091452,0.0
 01/16  06:15:00,994.50751668045,0.0
 01/16  06:30:00,1215.5249092027912,0.0
 01/16  06:45:00,974.3474659059028,0.0
 01/16  07:00:00,1025.7537116186058,0.0
 01/16  07:15:00,1080.6289201307254,0.0
 01/16  07:30:00,1075.136340923543,0.0
 01/16  07:45:00,1100.1049098827689,0.0
 01/16  08:00:00,1124.299805632636,0.0
 01/16  08:15:00,1152.7426877080084,0.0
 01/16  08:30:00,1176.648698403149,0.0
 01/16  08:45:00,3537.99919936127,0.0
 01/16  09:00:00,4368.417409541034,14.125377137023362
 01/16  09:15:00,2333.120989424808,26.31325926357243
 01/16  09:30:00,2474.5473003803536,33.96983454068968
 01/16  09:45:00,2484.74880838586,97.52776822343282
 01/16  10:00:00,4485.467229085281,162.79813801262912
 01/16  10:15:00,2928.9320312919904,222.88639863604791
 01/16  10:30:00,2947.213250309449,287.1887803144533
 01/16  10:45:00,2926.7430019385843,281.7811595566844
 01/16  11:00:00,2896.1074606459083,274.316312626094
 01/16  11:15:00,7948.769683701541,264.39445450820403
 01/16  11:30:00,6867.5909997019,237.7948909727848
 01/16  11:45:00,3657.6000162457462,243.3521949796674
 01/16  12:00:00,2914.898117903673,248.26100305174484
 01/16  12:15:00,476.84012249917214,253.53431310847475
 01/16  12:30:00,567.5137878122225,258.60126361683064
 01/16  12:45:00,666.7773545506315,224.31565601525327
 01/16  13:00:00,735.5069404542678,205.48662758289493
 01/16  13:15:00,751.233184117291,186.66308644313378
 01/16  13:30:00,743.0906766607902,168.23247120277824
 01/16  13:45:00,778.7578134382535,157.65438281203544
 01/16  14:00:00,810.3407447926774,147.42314258198675
 01/16  14:15:00,823.2464012897187,137.8098459301467
 01/16  14:30:00,798.4570294861561,128.62265608065306
 01/16  14:45:00,822.6404769711514,131.85574239903073
 01/16  15:00:00,830.0776880468454,134.5739456812723
 01/16  15:15:00,837.7559643458085,148.82666506689074
 01/16  15:30:00,818.4776118437826,149.42268795010807
 01/16  15:45:00,802.7433028691431,114.4670791466336
 01/16  16:00:00,852.9869972356205,81.03159046766983
 01/16  16:15:00,4018.773597407067,40.284353297208035
 01/16  16:30:00,3426.359626529271,12.245514703639307
 01/16  16:45:00,3036.2309844060323,9.189285298228267
 01/16  17:00:00,2904.2682877136267,0.0
 01/16  17:15:00,8138.854553979523,0.0
 01/16  17:30:00,7189.5983425842605,0.0
 01/16  17:45:00,3945.210124169547,0.0
 01/16  18:00:00,3342.4266020978894,0.0
 01/16  18:15:00,3116.6199793349665,0.0
 01/16  18:30:00,4674.511895701162,0.0
 01/16  18:45:00,6381.804882364376,0.0
 01/16  19:00:00,6331.855495554237,0.0
 01/16  19:15:00,5064.803876142914,0.0
 01/16  19:30:00,4494.3322592092445,0.0
 01/16  19:45:00,3018.444415391854,0.0
 01/16  20:00:00,3095.918172807959,0.0
 01/16  20:15:00,3122.6281304583267,0.0
 01/16  20:30:00,3106.08695557459,0.0
 01/16  20:45:00,3125.463690825104,0.0
 01/16  21:00:00,3155.6749323696567,0.0
 01/16  21:15:00,3151.4476456632974,0.0
 01/16  21:30:00,3112.9029180708767,0.0
 01/16  21:45:00,3112.749285455368,0.0
 01/16  22:00:00,3153.2539305369355,0.0
 01/16  22:15:00,3158.2151740792387,0.0
 01/16  22:30:00,3129.7162411484696,0.0
 01/16  22:45:00,3110.728145506075,0.0
 01/16  23:00:00,3124.488811751698,0.0
 01/16  23:15:00,734.6718115409001,0.0
 01/16  23:30:00,662.9386502890096,0.0
 01/16  23:45:00,691.027748954396,0.0
 01/16  24:00:00,741.2361990544091,0.0
 01/17  00:15:00,826.2013974952114,0.0
 01/17  00:30:00,851.1584473618549,0.0
 01/17  00:45:00,863.0880854586596,0.0
 01/17  01:00:00,877.6856016373076,0.0
 01/17  01:15:00,899.6727311620457,0.0
 01/17  01:30:00,947.2857353545654,0.0
 01/17  01:45:00,962.298406673376,0.0
 01/17  02:00:00,984.7248931428056,0.0
 01/17  02:15:00,1017.758018427132,0.0
 01/17  02:30:00,1054.7443361351252,0.0
 01/17  02:45:00,1085.139623592893,0.0
 01/17  03:00:00,1109.8890066072804,0.0
 01/17  03:15:00,1126.6970132431866,0.0
 01/17  03:30:00,1150.96900700782,0.0
 01/17  03:45:00,1175.3288472210625,0.0
 01/17  04:00:00,1190.603024176413,0.0
 01/17  04:15:00,1206.6274852105414,0.0
 01/17  04:30:00,1225.2431436965269,0.0
 01/17  04:45:00,1256.2802704344872,0.0
 01/17  05:00:00,1274.8464669857676,0.0
 01/17  05:15:00,1286.7260711874214,0.0
 01/17  05:30:00,1303.8103284656754,0.0
 01/17  05:45:00,1323.195073951119,0.0
 01/17  06:00:00,1349.271192723331,0.0
 01/17  06:15:00,1365.1709982703271,0.0
 01/17  06:30:00,1509.1309316520844,0.0
 01/17  06:45:00,1318.073844418177,0.0
 01/17  07:00:00,1435.6123514794083,0.0
 01/17  07:15:00,1390.3711684434625,0.0
 01/17  07:30:00,1410.231336558903,0.0
 01/17  07:45:00,1413.7158411951357,0.0
 01/17  08:00:00,1431.3229512134185,0.0
 01/17  08:15:00,1453.960431602096,0.0
 01/17  08:30:00,1471.90390023363,0.0
 01/17  08:45:00,3710.800700581115,8.336308465037028
 01/17  09:00:00,4518.783927722057,21.85435563516681
 01/17  09:15:00,2492.5891020055783,46.11889362516307
 01/17  09:30:00,2658.12461572341,62.85279576452495
 01/17  09:45:00,2643.9435181127906,110.17826825882491
 01/17  10:00:00,4611.745568566389,163.9165434242395
 01/17  10:15:00,3064.157293648748,211.40271021303238
 01/17  10:30:00,3087.05026826831,261.896301447594
 01/17  10:45:00,3074.78224209763,231.234764115934
 01/17  11:00:00,3053.582367079688,183.68779475152562
 01/17  11:15:00,7950.899057541116,132.68416984185473
 01/17  11:30:00,7652.372341261685,81.2747635747028
 01/17  11:45:00,4007.913249710059,72.7005515531854
 01/17  12:00:00,3129.160601790595,64.9528393754436
 01/17  12:15:00,721.945462724077,57.91305912164478
 01/17  12:30:00,863.2474891480744,51.387305161230756
 01/17  12:45:00,971.3560731768384,51.056118753964704
 01/17  13:00:00,1077.7673208271722,50.78313047643943
 01/17  13:15:00,1295.0221011888184,50.60163959312171
 01/17  13:30:00,1401.0251526957657,50.488927352335224
 01/17  13:45:00,1392.1127091387443,47.651011207754806
 01/17  14:00:00,1440.413924867364,45.17039439701484
 01/17  14:15:00,1456.0599805845782,42.656007202027084
 01/17  14:30:00,1469.5442618503923,40.14006181060744
 01/17  14:45:00,1484.0298172786886,39.566073578248776
 01/17  15:00:00,1501.8135573024008,38.989725136194274
 01/17  15:15:00,1520.6756743961546,38.94366251732124
 01/17  15:30:00,1525.9617904740471,39.37027477023549
 01/17  15:45:00,1540.7482094681793,30.922678043199745
 01/17  16:00:00,1565.659253400598,23.563372164911666
 01/17  16:15:00,4120.372607033228,16.39365980112276
 01/17  16:30:00,3664.599803058584,9.23621501151696
 01/17  16:45:00,3284.091015813434,6.924830170761481
 01/17  17:00:00,3155.270307499028,0.0
 01/17  17:15:00,8142.759026235859,0.0
 01/17  17:30:00,7744.523962898191,0.0
 01/17  17:45:00,4244.167239695054,0.0
 01/17  18:00:00,3563.056855189475,0.0
 01/17  18:15:00,3364.303000510162,0.0
 01/17  18:30:00,4895.299096560375,0.0
 01/17  18:45:00,6581.048903926333,0.0
 01/17  19:00:00,6533.958818645459,0.0
 01/17  19:15:00,5276.346664526169,0.0
 01/17  19:30:00,4707.817320593082,0.0
 01/17  19:45:00,3240.058752117053,0.0
 01/17  20:00:00,3317.550709644602,0.0
 01/17  20:15:00,3344.708333027661,0.0
 01/17  20:30:00,3329.729697932906,0.0
 01/17  20:45:00,3351.0419846970926,0.0
 01/17  21:00:00,3383.0291626905137,0.0
 01/17  21:15:00,3381.27943311748,0.0
 01/17  21:30:00,3344.234549614139,0.0
 01/17  21:45:00,3347.107143280805,0.0
 01/17  22:00:00,3388.97035800871,0.0
 01/17  22:15:00,3396.948063912847,0.0
 01/17  22:30:00,3371.2645396081334,0.0
 01/17  22:45:00,3355.783438021158,0.0
 01/17  23:00:00,3371.6557464402217,0.0
 01/17  23:15:00,1022.580109982239,0.0
 01/17  23:30:00,990.2731929873462,0.0
 01/17  23:45:00,1087.4422931573051,0.0
 01/17  24:00:00,1224.5244209486386,0.0
 01/18  00:15:00,3061.5229618153908,0.0
 01/18  00:30:00,2286.271873648192,0.0
 01/18  00:45:00,2531.7189961317126,0.0
 01/18  01:00:00,1226.6900999191928,0.0
 01/18  01:15:00,1317.4849850494404,0.0
 01/18  01:30:00,1388.2123323835497,0.0
 01/18  01:45:00,1476.850691601094,0.0
 01/18  02:00:00,1501.4915137111425,0.0
 01/18  02:15:00,1510.9769158730385,0.0
 01/18  02:30:00,1544.841640111578,0.0
 01/18  02:45:00,1553.8389550430725,0.0
 01/18  03:00:00,1559.4766697209063,0.0
 01/18  03:15:00,1575.5789084642945,0.0
 01/18  03:30:00,1598.3796627641068,0.0
 01/18  03:45:00,1618.822077342443,0.0
 01/18  04:00:00,1630.661284890115,0.0
 01/18  04:15:00,1631.063566802137,0.0
 01/18  04:30:00,1647.0769968573488,0.0
 01/18  04:45:00,1665.4508737406352,0.0
 01/18  05:00:00,1677.5578737661742,0.0
 01/18  05:15:00,1682.8743623608707,0.0
 01/18  05:30:00,1693.2374372671206,0.0
 01/18  05:45:00,1711.3649902665818,0.0
 01/18  06:00:00,1726.612769517352,0.0
 01/18  06:15:00,1739.1100434369712,0.0
 01/18  06:30:00,1831.4288078978848,0.0
 01/18  06:45:00,1710.2610863929274,0.0
 01/18  07:00:00,1770.4742515211872,0.0
 01/18  07:15:00,1742.531310482064,0.0
 01/18  07:30:00,1746.7655908971824,0.0
 01/18  07:45:00,1739.885849021114,0.0
 01/18  08:00:00,1746.247201472356,0.0
 01/18  08:15:00,1758.2924054828711,0.0
 01/18  08:30:00,1761.3074258035597,0.0
 01/18  08:45:00,3864.221989616201,3.1699081700518414
 01/18  09:00:00,4693.416976476756,5.542232493517277
 01/18  09:15:00,2723.274674592367,7.623028720016205
 01/18  09:30:00,2900.215597605213,9.905014734664219
 01/18  09:45:00,2907.6505823756397,14.486219840628838
 01/18  10:00:00,4741.202314166243,19.068056019516945
 01/18  10:15:00,3211.4963673606803,23.643537590453715
 01/18  10:30:00,3249.627864957149,28.216054110513568
 01/18  10:45:00,3241.9944266493176,32.017394894095176
 01/18  11:00:00,3215.228564472386,35.815877691489575
 01/18  11:15:00,7953.006208392186,39.621328131577144
 01/18  11:30:00,7882.390590108944,43.42648025433577
 01/18  11:45:00,4205.180169855212,45.12081493909835
 01/18  12:00:00,3246.0898835199264,46.886746277899526
 01/18  12:15:00,876.3510091487549,48.729812158180835
 01/18  12:30:00,1061.516731311344,50.63727778884328
 01/18  12:45:00,1194.0813141002482,50.279035144561384
 01/18  13:00:00,1389.266681724151,49.99075416032918
 01/18  13:15:00,1516.5319576547947,49.7522928610227
 01/18  13:30:00,1594.7909696178135,49.577264817967574
 01/18  13:45:00,1574.1139766183387,46.81259132276049
 01/18  14:00:00,1590.6049777950643,44.30508511490506
 01/18  14:15:00,1590.8415460870888,41.80554556592386
 01/18  14:30:00,1580.5447664271223,39.31092800938964
 01/18  14:45:00,1580.7030903606833,35.110952237310705
 01/18  15:00:00,1585.4383781136648,30.920722545243734
 01/18  15:15:00,1584.8261791391951,26.738643064664046
 01/18  15:30:00,1578.233270681911,22.56624571370912
 01/18  15:45:00,1568.6116241442976,18.403596909582227
 01/18  16:00:00,1566.1141945960662,14.250880231701505
 01/18  16:15:00,4097.90976412871,10.110910449745276
 01/18  16:30:00,3633.168389136543,5.980424026448489
 01/18  16:45:00,3258.67664723124,4.482052779730409
 01/18  17:00:00,3124.752751307622,3.108352247686188
 01/18  17:15:00,7974.166182974439,0.0
 01/18  17:30:00,7677.884471522271,0.0
 01/18  17:45:00,4192.0150225949965,0.0
 01/18  18:00:00,3522.3050804727623,0.0
 01/18  18:15:00,3313.05724177721,0.0
 01/18  18:30:00,4843.267221680164,0.0
 01/18  18:45:00,6539.111307029862,0.0
 01/18  19:00:00,6481.526491952548,0.0
 01/18  19:15:00,5204.321315963677,0.0
 01/18  19:30:00,4622.134308611043,0.0
 01/18  19:45:00,3134.182743188736,0.0
 01/18  20:00:00,3201.0365233219723,0.0
 01/18  20:15:00,3222.1596991687684,0.0
 01/18  20:30:00,3200.980164779085,0.0
 01/18  20:45:00,3216.095618621888,0.0
 01/18  21:00:00,3241.3763459090064,0.0
 01/18  21:15:00,3232.9844946881963,0.0
 01/18  21:30:00,3188.7281267595013,0.0
 01/18  21:45:00,3184.4309493966616,0.0
 01/18  22:00:00,3218.9484974013976,0.0
 01/18  22:15:00,3222.065236558048,0.0
 01/18  22:30:00,3191.7377301319752,0.0
 01/18  22:45:00,3170.75388896612,0.0
 01/18  23:00:00,3182.6245635492232,0.0
 01/18  23:15:00,784.0658910470969,0.0
 01/18  23:30:00,720.1985290199019,0.0
 01/18  23:45:00,746.0151673576108,0.0
 01/18  24:00:00,874.4693966013587,0.0
 01/19  00:15:00,2415.858572105748,0.0
 01/19  00:30:00,1492.4987757485787,0.0
 01/19  00:45:00,790.7078374888415,0.0
 01/19  01:00:00,867.90500175799,0.0
 01/19  01:15:00,897.8271889481337,0.0
 01/19  01:30:00,962.9027624080618,0.0
 01/19  01:45:00,972.7164717050758,0.0
 01/19  02:00:00,977.8265550165752,0.0
 01/19  02:15:00,986.4276267249188,0.0
 01/19  02:30:00,1000.2822677460006,0.0
 01/19  02:45:00,1006.1175987811932,0.0
 01/19  03:00:00,1006.8237139311606,0.0
 01/19  03:15:00,1008.021981514214,0.0
 01/19  03:30:00,1016.7284185244064,0.0
 01/19  03:45:00,1023.8846467646792,0.0
 01/19  04:00:00,1025.7103234757285,0.0
 01/19  04:15:00,1027.1566662366608,0.0
 01/19  04:30:00,1035.1836261258456,0.0
 01/19  04:45:00,1047.1519454498784,0.0
 01/19  05:00:00,1054.5326887448778,0.0
 01/19  05:15:00,1051.0307304966195,0.0
 01/19  05:30:00,1047.4291944962908,0.0
 01/19  05:45:00,1052.7719200993802,0.0
 01/19  06:00:00,1055.5903103883636,0.0
 01/19  06:15:00,1064.4669566247064,0.0
 01/19  06:30:00,1233.9763704861914,0.0
 01/19  06:45:00,988.457120663015,0.0
 01/19  07:00:00,1095.0108124606684,0.0
 01/19  07:15:00,1083.0339956018615,0.0
 01/19  07:30:00,1081.8966942690806,0.0
 01/19  07:45:00,1082.7160779749247,0.0
 01/19  08:00:00,1088.3120452407036,0.0
 01/19  08:15:00,1097.8059829314188,0.0
 01/19  08:30:00,3061.665009149545,0.0
 01/19  08:45:00,2972.263064787161,3.107304863316557
 01/19  09:00:00,4276.839640648822,5.436681776925697
 01/19  09:15:00,2251.724040541773,7.479829444414296
 01/19  09:30:00,2381.6675601497063,9.722874208594304
 01/19  09:45:00,4441.266541417325,14.412916694627746
 01/19  10:00:00,4295.403555844494,19.106385909113616
 01/19  10:15:00,2839.542725883305,23.80088240722415
 01/19  10:30:00,2889.6720100445123,28.497305101172557
 01/19  10:45:00,2898.3298877291127,32.06220237507115
 01/19  11:00:00,2877.7693387706386,35.628599469508934
 01/19  11:15:00,2843.2181201608546,39.189453110550176
 01/19  11:30:00,2841.921857491436,42.750078841150604
 01/19  11:45:00,2875.63057061504,44.61085968609096
 01/19  12:00:00,2869.352818028907,46.54320622731632
 01/19  12:15:00,2323.6729965141817,48.59699619548503
 01/19  12:30:00,2336.4573340530787,50.71638824949574
 01/19  12:45:00,2369.5879304074724,50.14719925449856
 01/19  13:00:00,2394.0042987036536,49.64880871860882
 01/19  13:15:00,2962.2374998621344,49.22564009750168
 01/19  13:30:00,2838.470775736827,48.86214326728938
 01/19  13:45:00,2815.8896884825144,46.444585860915794
 01/19  14:00:00,2850.4372548850797,44.19042434189608
 01/19  14:15:00,2837.772461427506,41.9404186678081
 01/19  14:30:00,2789.821455019803,39.69126214475821
 01/19  14:45:00,2776.25926842606,35.558558734444304
 01/19  15:00:00,2798.0638802824064,31.42871965112266
 01/19  15:15:00,2817.5676004560337,27.297421596407407
 01/19  15:30:00,2802.9164221207143,23.169808316672047
 01/19  15:45:00,2765.8648653215496,18.85826098746593
 01/19  16:00:00,2763.890269475717,14.55126315827767
 01/19  16:15:00,3222.0930961864588,10.246821985906138
 01/19  16:30:00,3220.3985446239512,5.9512158050224
 01/19  16:45:00,2879.87699163152,4.460834304462349
 01/19  17:00:00,2752.731109225682,3.0945479163997085
 01/19  17:15:00,2774.0348434381704,0.0
 01/19  17:30:00,8161.125376284261,0.0
 01/19  17:45:00,6946.436112779928,0.0
 01/19  18:00:00,3920.161728536179,0.0
 01/19  18:15:00,3021.635200747578,0.0
 01/19  18:30:00,2980.486723365223,0.0
 01/19  18:45:00,6178.20277612424,0.0
 01/19  19:00:00,6191.569566174933,0.0
 01/19  19:15:00,4938.401575603273,0.0
 01/19  19:30:00,4359.1872727142745,0.0
 01/19  19:45:00,3254.4422690905258,0.0
 01/19  20:00:00,2990.507838002368,0.0
 01/19  20:15:00,8130.268085361024,0.0
 01/19  20:30:00,6606.561838691284,0.0
 01/19  20:45:00,3400.9066468906444,0.0
 01/19  21:00:00,3068.3298520440376,0.0
 01/19  21:15:00,3017.94242145895,0.0
 01/19  21:30:00,2966.01468682193,0.0
 01/19  21:45:00,2961.082373973172,0.0
 01/19  22:00:00,2997.020534285736,0.0
 01/19  22:15:00,2998.609078937638,0.0
 01/19  22:30:00,2965.5496193240187,0.0
 01/19  22:45:00,2941.794044533369,0.0
 01/19  23:00:00,2951.9320484867053,0.0
 01/19  23:15:00,2507.363730931352,0.0
 01/19  23:30:00,324.29505166163847,0.0
 01/19  23:45:00,337.0462783496953,0.0
 01/19  24:00:00,372.18308110536793,0.0
 01/20  00:15:00,2261.084848391948,0.0
 01/20  00:30:00,2147.8439352287382,0.0
 01/20  00:45:00,485.8649746894496,0.0
 01/20  01:00:00,491.9068956350168,0.0
 01/20  01:15:00,527.0236813020623,0.0
 01/20  01:30:00,562.577152917461,0.0
 01/20  01:45:00,598.7945580622238,0.0
 01/20  02:00:00,562.6870568495851,0.0
 01/20  02:15:00,571.3812257869253,0.0
 01/20  02:30:00,624.0046156600091,0.0
 01/20  02:45:00,636.7477514092124,0.0
 01/20  03:00:00,613.2077364621706,0.0
 01/20  03:15:00,603.8241588083097,0.0
 01/20  03:30:00,627.3159934508532,0.0
 01/20  03:45:00,659.4089124993737,0.0
 01/20  04:00:00,657.4090980163721,0.0
 01/20  04:15:00,623.5320261115149,0.0
 01/20  04:30:00,629.3428873352437,0.0
 01/20  04:45:00,675.1943230967474,0.0
 01/20  05:00:00,685.823916562123,0.0
 01/20  05:15:00,665.4133010602047,0.0
 01/20  05:30:00,652.966449011457,0.0
 01/20  05:45:00,688.4255452078846,0.0
 01/20  06:00:00,711.1690847849111,0.0
 01/20  06:15:00,731.5608271253914,0.0
 01/20  06:30:00,964.5625878928506,0.0
 01/20  06:45:00,727.0662866290933,0.0
 01/20  07:00:00,737.6892341204803,0.0
 01/20  07:15:00,782.6789437652637,0.0
 01/20  07:30:00,786.8292377952746,0.0
 01/20  07:45:00,792.7174413082181,0.0
 01/20  08:00:00,812.3553184732323,0.0
 01/20  08:15:00,835.5804976106298,0.0
 01/20  08:30:00,2912.7376491471387,0.0
 01/20  08:45:00,2778.511173232225,21.185991644789063
 01/20  09:00:00,4193.786541090223,43.73605729678568
 01/20  09:15:00,2208.404923853195,95.46453767305998
 01/20  09:30:00,2305.79049435599,134.4146569241215
 01/20  09:45:00,4338.167246008458,176.26018364312492
 01/20  10:00:00,4187.936471735711,233.54272091773328
 01/20  10:15:00,2706.2971127612764,284.11455528046366
 01/20  10:30:00,2729.4339030231067,337.3070472475973
 01/20  10:45:00,2713.9602107839555,380.91162284935695
 01/20  11:00:00,2668.6360659473885,425.8538918958878
 01/20  11:15:00,2605.8275622929277,478.0533768120795
 01/20  11:30:00,2573.537649679126,526.3363009474124
 01/20  11:45:00,2579.804780590862,543.8068749750677
 01/20  12:00:00,2557.0091087429537,559.693909321963
 01/20  12:15:00,2016.0521847740763,573.5042317078374
 01/20  12:30:00,2014.3682500190484,585.2014768102663
 01/20  12:45:00,2032.533517146273,577.8534414121635
 01/20  13:00:00,2048.245474948435,568.4954227730963
 01/20  13:15:00,2583.6235731074257,557.0813763754188
 01/20  13:30:00,2462.437945990053,543.6836541768562
 01/20  13:45:00,2422.315852156881,509.91917234914274
 01/20  14:00:00,2448.645266624662,482.56384109252735
 01/20  14:15:00,2427.9080692569696,454.8446176909397
 01/20  14:30:00,2372.2895510252,426.4177978012693
 01/20  14:45:00,2351.2801207283346,383.03627464939194
 01/20  15:00:00,2368.2604624219643,339.95453611643154
 01/20  15:15:00,2382.7434580953486,297.21369692190154
 01/20  15:30:00,2365.0126786613405,255.72022311763783
 01/20  15:45:00,2333.136813341905,190.40171865817067
 01/20  16:00:00,2338.1559987461187,143.28103062219887
 01/20  16:15:00,2807.9742348451223,99.77366942565857
 01/20  16:30:00,2824.768254904762,50.8170401084076
 01/20  16:45:00,2503.875292559791,36.64295294197937
 01/20  17:00:00,2392.0073444493773,17.53460250075226
 01/20  17:15:00,2427.64049768394,0.0
 01/20  17:30:00,8155.651441817628,0.0
 01/20  17:45:00,6318.236773696725,0.0
 01/20  18:00:00,3497.811835503283,0.0
 01/20  18:15:00,2696.107522168015,0.0
 01/20  18:30:00,2652.405537047139,0.0
 01/20  18:45:00,5847.964221636596,0.0
 01/20  19:00:00,5873.170866185528,0.0
 01/20  19:15:00,4615.296005482454,0.0
 01/20  19:30:00,4032.091920866867,0.0
 01/20  19:45:00,2727.1896797880827,0.0
 01/20  20:00:00,2632.673582311265,0.0
 01/20  20:15:00,8125.193982983197,0.0
 01/20  20:30:00,6246.945663722299,0.0
 01/20  20:45:00,3070.8194585316337,0.0
 01/20  21:00:00,2671.821677390836,0.0
 01/20  21:15:00,2628.9263092603296,0.0
 01/20  21:30:00,2583.165586187813,0.0
 01/20  21:45:00,2585.313653070357,0.0
 01/20  22:00:00,2627.5486666410243,0.0
 01/20  22:15:00,2634.806455648283,0.0
 01/20  22:30:00,2608.627588980962,0.0
 01/20  22:45:00,2591.5832068479845,0.0
 01/20  23:00:00,2608.5797574451344,0.0
 01/20  23:15:00,2263.420096962157,0.0
 01/20  23:30:00,140.95460768365507,0.0
 01/20  23:45:00,98.09016463705024,0.0
 01/20  24:00:00,98.09780196171435,0.0
 01/21  00:15:00,310.3340595006532,0.0
 01/21  00:30:00,1099.351032507721,0.0
 01/21  00:45:00,285.9295849842612,0.0
 01/21  01:00:00,288.53711302714817,0.0
 01/21  01:15:00,323.1420716426781,0.0
 01/21  01:30:00,360.46426857368976,0.0
 01/21  01:45:00,363.91962944944726,0.0
 01/21  02:00:00,338.8741724460843,0.0
 01/21  02:15:00,1275.40691734706,0.0
 01/21  02:30:00,1591.6128097402457,0.0
 01/21  02:45:00,411.0748052554547,0.0
 01/21  03:00:00,387.5253137895132,0.0
 01/21  03:15:00,369.94038124267416,0.0
 01/21  03:30:00,364.1561318408697,0.0
 01/21  03:45:00,401.4887166812916,0.0
 01/21  04:00:00,407.863551032043,0.0
 01/21  04:15:00,373.23214926225705,0.0
 01/21  04:30:00,379.3814043468034,0.0
 01/21  04:45:00,424.2781732350362,0.0
 01/21  05:00:00,435.9467157083554,0.0
 01/21  05:15:00,410.3312940446263,0.0
 01/21  05:30:00,394.2151523941934,0.0
 01/21  05:45:00,410.8795216538232,0.0
 01/21  06:00:00,442.6998832645959,0.0
 01/21  06:15:00,463.3142724816181,0.0
 01/21  06:30:00,686.3542141870057,0.0
 01/21  06:45:00,457.6337297840109,0.0
 01/21  07:00:00,462.0161484676452,0.0
 01/21  07:15:00,465.3180892873778,0.0
 01/21  07:30:00,468.7401931649951,0.0
 01/21  07:45:00,425.32871366960046,0.0
 01/21  08:00:00,428.7385570256006,0.0
 01/21  08:15:00,469.81891125840514,0.0
 01/21  08:30:00,488.7411020029789,0.0
 01/21  08:45:00,3197.880799619133,5.897990024242177
 01/21  09:00:00,3995.464263726898,10.224629832253067
 01/21  09:15:00,2000.8527290113875,14.145863756897851
 01/21  09:30:00,2086.8471687554493,18.246508005408312
 01/21  09:45:00,2085.7455931068407,27.223084457507525
 01/21  10:00:00,4061.886372384814,36.29553893723326
 01/21  10:15:00,2544.650495351497,45.35237217174296
 01/21  10:30:00,2572.131516939688,54.47192184030928
 01/21  10:45:00,2563.29850824964,73.99782774051268
 01/21  11:00:00,2536.050020583975,94.27703039365106
 01/21  11:15:00,7942.203009521647,127.6696902840858
 01/21  11:30:00,6114.193302998263,151.35289345566693
 01/21  11:45:00,3191.416952699225,125.46936703197991
 01/21  12:00:00,2572.413076761989,92.07517619780543
 01/21  12:15:00,242.02906610447212,72.0107692693008
 01/21  12:30:00,286.54864013256685,52.97694631674896
 01/21  12:45:00,356.8528183951348,52.67283253747691
 01/21  13:00:00,411.4886426492944,52.426111396422755
 01/21  13:15:00,424.9122879625405,52.229694620377316
 01/21  13:30:00,420.6257190458717,52.096156276522095
 01/21  13:45:00,446.2817999200918,49.25617253477722
 01/21  14:00:00,506.8755349825351,46.691311699096595
 01/21  14:15:00,515.2910514660313,44.18478186721306
 01/21  14:30:00,483.3203479398733,41.6834614342736
 01/21  14:45:00,478.29631915699497,37.47261069049888
 01/21  15:00:00,505.5080902800569,33.271764686845636
 01/21  15:15:00,536.6739104060144,29.100879841835877
 01/21  15:30:00,534.430220552132,24.93200180599476
 01/21  15:45:00,510.7379828792881,20.385805360172423
 01/21  16:00:00,520.6952001166795,15.843242565237569
 01/21  16:15:00,3855.9492000834034,11.304743422305002
 01/21  16:30:00,3134.8163280220897,6.773003534408346
 01/21  16:45:00,2737.723159512088,5.0779742120994245
 01/21  17:00:00,2605.9500621179486,3.522728621883201
 01/21  17:15:00,7964.953322365438,0.0
 01/21  17:30:00,6472.794509441408,0.0
 01/21  17:45:00,3524.3744729671994,0.0
 01/21  18:00:00,3026.5426930052504,0.0
 01/21  18:15:00,2793.42479276434,0.0
 01/21  18:30:00,4344.26987970606,0.0
 01/21  18:45:00,6054.163745983571,0.0
 01/21  19:00:00,5996.362215347072,0.0
 01/21  19:15:00,4720.8727264396375,0.0
 01/21  19:30:00,4142.030210281453,0.0
 01/21  19:45:00,2656.391239373832,0.0
 01/21  20:00:00,2710.749237748028,0.0
 01/21  20:15:00,2735.204761491721,0.0
 01/21  20:30:00,2717.577097465626,0.0
 01/21  20:45:00,2735.901277923016,0.0
 01/21  21:00:00,2765.2199363318887,0.0
 01/21  21:15:00,2761.5509266437675,0.0
 01/21  21:30:00,2723.672525169275,0.0
 01/21  21:45:00,2724.820536347358,0.0
 01/21  22:00:00,2766.474968604858,0.0
 01/21  22:15:00,2773.535268554803,0.0
 01/21  22:30:00,2747.1347333097174,0.0
 01/21  22:45:00,2729.789527863832,0.0
 01/21  23:00:00,2745.8225001384376,0.0
 01/21  23:15:00,464.105650466121,0.0
 01/21  23:30:00,324.7479059866546,0.0
 01/21  23:45:00,320.68589683435414,0.0
 01/21  24:00:00,351.1053530512685,0.0
 01/22  00:15:00,426.72459156390767,0.0
 01/22  00:30:00,451.0039595258488,0.0
 01/22  00:45:00,435.8673076797211,0.0
 01/22  01:00:00,436.7818106776159,0.0
 01/22  01:15:00,470.8019866162133,0.0
 01/22  01:30:00,507.5849584772507,0.0
 01/22  01:45:00,510.25544680830217,0.0
 01/22  02:00:00,484.5018491105648,0.0
 01/22  02:15:00,491.3576245052618,0.0
 01/22  02:30:00,538.9649623289235,0.0
 01/22  02:45:00,547.3990493192986,0.0
 01/22  03:00:00,521.8091973145326,0.0
 01/22  03:15:00,514.6181506128007,0.0
 01/22  03:30:00,541.404753771946,0.0
 01/22  03:45:00,577.2244113661698,0.0
 01/22  04:00:00,579.6498047390721,0.0
 01/22  04:15:00,543.2544894740155,0.0
 01/22  04:30:00,547.0992046899856,0.0
 01/22  04:45:00,590.4813371927665,0.0
 01/22  05:00:00,599.7179606239547,0.0
 01/22  05:15:00,578.4967014045352,0.0
 01/22  05:30:00,565.8914960245763,0.0
 01/22  05:45:00,587.7237591835232,0.0
 01/22  06:00:00,623.7134734712541,0.0
 01/22  06:15:00,644.8099773858354,0.0
 01/22  06:30:00,868.4462503365623,0.0
 01/22  06:45:00,639.3355504834806,0.0
 01/22  07:00:00,644.4741578874444,0.0
 01/22  07:15:00,652.1892727988325,0.0
 01/22  07:30:00,660.2896352448936,0.0
 01/22  07:45:00,623.178007651851,0.0
 01/22  08:00:00,632.0141563429955,0.0
 01/22  08:15:00,670.3425715888347,0.0
 01/22  08:30:00,688.010898049257,0.0
 01/22  08:45:00,3246.4332040581203,16.808876031704177
 01/22  09:00:00,4126.398063733136,32.32639487030038
 01/22  09:15:00,2133.0959104964627,72.48901272878213
 01/22  09:30:00,2241.618507198925,97.01552127046044
 01/22  09:45:00,2238.8420911944486,143.26890933290233
 01/22  10:00:00,4225.550448077746,186.23505370930937
 01/22  10:15:00,2682.027265345438,233.4590693008684
 01/22  10:30:00,2694.285928981446,297.2616169957244
 01/22  10:45:00,2666.834808784904,328.09725010157234
 01/22  11:00:00,2625.087346132097,359.54736267752844
 01/22  11:15:00,7943.125350250674,391.35106704791065
 01/22  11:30:00,6180.258376308758,423.05160788777306
 01/22  11:45:00,3240.0817306418294,422.32652043694816
 01/22  12:00:00,2607.5090089306696,419.7576175178073
 01/22  12:15:00,248.73683714602493,397.6667336917281
 01/22  12:30:00,277.10118540140854,391.6703911124421
 01/22  12:45:00,335.0233801810345,330.5302042186963
 01/22  13:00:00,383.5441041716946,250.8836449097135
 01/22  13:15:00,409.0353935427639,171.94879257308457
 01/22  13:30:00,417.80157090467856,96.81344752065661
 01/22  13:45:00,454.2502851711328,82.08965734546196
 01/22  14:00:00,522.9348775354014,68.03270316501688
 01/22  14:15:00,542.1863382482751,54.6393556348108
 01/22  14:30:00,521.6991753969959,42.48177523592128
 01/22  14:45:00,523.624145828978,38.28291398772284
 01/22  15:00:00,556.5255076558146,34.085397649559944
 01/22  15:15:00,589.1315659238628,29.897691718540337
 01/22  15:30:00,587.6920883062817,25.71451635690427
 01/22  15:45:00,564.9315985120264,21.156319290872805
 01/22  16:00:00,574.4843234347912,16.604639631470885
 01/22  16:15:00,3890.443543265517,12.073882639908822
 01/22  16:30:00,3197.0655194192354,7.542084861086936
 01/22  16:45:00,2807.496827575628,5.659180607543043
 01/22  17:00:00,2681.437073381898,3.774137628097014
 01/22  17:15:00,7966.227148381811,0.0
 01/22  17:30:00,6658.312595306339,0.0
 01/22  17:45:00,3646.106646060101,0.0
 01/22  18:00:00,3116.1834605689587,0.0
 01/22  18:15:00,2885.771994635118,0.0
 01/22  18:30:00,4439.502019100908,0.0
 01/22  18:45:00,6132.6776601917145,0.0
 01/22  19:00:00,6085.373183639166,0.0
 01/22  19:15:00,4821.349925633764,0.0
 01/22  19:30:00,4245.26956945619,0.0
 01/22  19:45:00,2757.229173785259,0.0
 01/22  20:00:00,2815.7661793868306,0.0
 01/22  20:15:00,2836.6810053758545,0.0
 01/22  20:30:00,2814.9662029729807,0.0
 01/22  20:45:00,2828.8273928346657,0.0
 01/22  21:00:00,2853.8612458623475,0.0
 01/22  21:15:00,2843.917787651181,0.0
 01/22  21:30:00,2798.72718899507,0.0
 01/22  21:45:00,2791.9797930859017,0.0
 01/22  22:00:00,2825.976752049206,0.0
 01/22  22:15:00,2827.0119429961464,0.0
 01/22  22:30:00,2795.137415298076,0.0
 01/22  22:45:00,2772.0923204006053,0.0
 01/22  23:00:00,2783.18883091392,0.0
 01/22  23:15:00,469.65592871704064,0.0
 01/22  23:30:00,345.5078538795734,0.0
 01/22  23:45:00,340.8752965271657,0.0
 01/22  24:00:00,371.5347228155517,0.0
 01/23  00:15:00,1262.615365963214,0.0
 01/23  00:30:00,421.8921450377886,0.0
 01/23  00:45:00,543.4944779024759,0.0
 01/23  01:00:00,391.6264469403218,0.0
 01/23  01:15:00,435.02376870296064,0.0
 01/23  01:30:00,480.84012565310286,0.0
 01/23  01:45:00,479.2940918776012,0.0
 01/23  02:00:00,448.4462176128709,0.0
 01/23  02:15:00,454.5494455966272,0.0
 01/23  02:30:00,503.4869063256547,0.0
 01/23  02:45:00,510.91342349750806,0.0
 01/23  03:00:00,484.9985281621927,0.0
 01/23  03:15:00,474.3515613709038,0.0
 01/23  03:30:00,497.8907276091421,0.0
 01/23  03:45:00,530.238388159904,0.0
 01/23  04:00:00,528.394296876888,0.0
 01/23  04:15:00,493.4634842218235,0.0
 01/23  04:30:00,497.8165127081535,0.0
 01/23  04:45:00,541.7248942527118,0.0
 01/23  05:00:00,552.2167621732523,0.0
 01/23  05:15:00,529.4624115906754,0.0
 01/23  05:30:00,516.3214275241231,0.0
 01/23  05:45:00,535.9150580170552,0.0
 01/23  06:00:00,571.6161289837828,0.0
 01/23  06:15:00,592.6312655923781,0.0
 01/23  06:30:00,817.777701619707,0.0
 01/23  06:45:00,589.5461354728964,0.0
 01/23  07:00:00,595.7469288217143,0.0
 01/23  07:15:00,599.2688322628977,0.0
 01/23  07:30:00,603.2988593576496,0.0
 01/23  07:45:00,560.9987918663485,0.0
 01/23  08:00:00,564.8682818943853,0.0
 01/23  08:15:00,605.0843571889089,0.0
 01/23  08:30:00,624.6935225054085,0.0
 01/23  08:45:00,3224.5426384442017,3.538810185664708
 01/23  09:00:00,4078.5352723793176,6.2930651345008375
 01/23  09:15:00,2094.475304143879,8.711798312967778
 01/23  09:30:00,2196.5887617002527,11.360081618166095
 01/23  09:45:00,2197.5173265693843,21.068300785235177
 01/23  10:00:00,4200.212703140862,31.805538631107822
 01/23  10:15:00,2673.5851541855777,43.8509541872656
 01/23  10:30:00,2705.1586889423606,56.061826600334484
 01/23  10:45:00,2696.351577348606,63.23301993939097
 01/23  11:00:00,2671.0601571508164,70.56948620001053
 01/23  11:15:00,7944.26265661519,78.06093185602955
 01/23  11:30:00,6344.230257367389,85.74383107504644
 01/23  11:45:00,3356.157536969077,105.39750636847339
 01/23  12:00:00,2693.7151655098246,138.77560918306222
 01/23  12:15:00,297.79728197932945,161.06587146106517
 01/23  12:30:00,339.7239839336491,184.0254943151795
 01/23  12:45:00,392.66802008329313,253.25412782067542
 01/23  13:00:00,420.9822291933824,306.43862413344203
 01/23  13:15:00,403.2920179460192,375.6552542867907
 01/23  13:30:00,365.3927170528973,426.55421210649683
 01/23  13:45:00,372.99697680110495,381.0580717952138
 01/23  14:00:00,422.7003386662365,336.0890525858705
 01/23  14:15:00,432.4332247626813,275.4773458280429
 01/23  14:30:00,405.00942743217854,232.00305182269642
 01/23  14:45:00,407.8821690758044,186.87297104129755
 01/23  15:00:00,446.8946667651123,143.20679163480833
 01/23  15:15:00,489.3293223406638,89.4703829877372
 01/23  15:30:00,503.5343419975119,45.393213676729545
 01/23  15:45:00,486.75546206846593,36.19973625094534
 01/23  16:00:00,499.88722145936254,27.57020051334844
 01/23  16:15:00,3851.430612641792,19.80403102702713
 01/23  16:30:00,3126.812832423765,12.049203123370651
 01/23  16:45:00,2731.4389847266857,9.035874249554633
 01/23  17:00:00,2600.655888890566,6.021903828005409
 01/23  17:15:00,7964.853202424578,0.0
 01/23  17:30:00,6476.315605736872,0.0
 01/23  17:45:00,3533.3524955062258,0.0
 01/23  18:00:00,3040.41930961508,0.0
 01/23  18:15:00,2809.211196054277,0.0
 01/23  18:30:00,4362.6506285468695,0.0
 01/23  18:45:00,6056.151227146136,0.0
 01/23  19:00:00,6006.550101255593,0.0
 01/23  19:15:00,4743.048167866503,0.0
 01/23  19:30:00,4168.52018348956,0.0
 01/23  19:45:00,2680.973228741708,0.0
 01/23  20:00:00,2737.3549498585985,0.0
 01/23  20:15:00,2763.1763841263974,0.0
 01/23  20:30:00,2747.2631043850038,0.0
 01/23  20:45:00,2767.463915812931,0.0
 01/23  21:00:00,2798.44174536392,0.0
 01/23  21:15:00,2796.779381339838,0.0
 01/23  21:30:00,2760.6386519594826,0.0
 01/23  21:45:00,2763.6928131633604,0.0
 01/23  22:00:00,2807.0445765054124,0.0
 01/23  22:15:00,2813.5031978106804,0.0
 01/23  22:30:00,2785.892012916193,0.0
 01/23  22:45:00,2766.9223712419134,0.0
 01/23  23:00:00,2781.292183799967,0.0
 01/23  23:15:00,479.2254674688507,0.0
 01/23  23:30:00,349.09764646519795,0.0
 01/23  23:45:00,346.3446866600577,0.0
 01/23  24:00:00,378.82754387005417,0.0
 01/24  00:15:00,457.2440415154821,0.0
 01/24  00:30:00,483.71560768865,0.0
 01/24  00:45:00,471.3359156452448,0.0
 01/24  01:00:00,474.6466386589053,0.0
 01/24  01:15:00,509.5281687181948,0.0
 01/24  01:30:00,546.6067937679857,0.0
 01/24  01:45:00,549.669635463126,0.0
 01/24  02:00:00,524.5854294826754,0.0
 01/24  02:15:00,531.9183228650381,0.0
 01/24  02:30:00,581.6108443432329,0.0
 01/24  02:45:00,590.6299774902194,0.0
 01/24  03:00:00,565.9698787567471,0.0
 01/24  03:15:00,555.3776388981149,0.0
 01/24  03:30:00,577.0935381007307,0.0
 01/24  03:45:00,608.8629189594234,0.0
 01/24  04:00:00,606.2523217541701,0.0
 01/24  04:15:00,571.9202716851776,0.0
 01/24  04:30:00,576.7314394477618,0.0
 01/24  04:45:00,622.5862244004882,0.0
 01/24  05:00:00,633.1029143449991,0.0
 01/24  05:15:00,618.6679726791463,0.0
 01/24  05:30:00,613.0993730973718,0.0
 01/24  05:45:00,641.4340884812777,0.0
 01/24  06:00:00,684.8596552599669,0.0
 01/24  06:15:00,703.1016155126916,0.0
 01/24  06:30:00,923.624776919813,0.0
 01/24  06:45:00,692.4291664904482,0.0
 01/24  07:00:00,693.0584785647471,0.0
 01/24  07:15:00,709.2293855924286,0.0
 01/24  07:30:00,724.1406741436772,0.0
 01/24  07:45:00,695.3331871371765,0.0
 01/24  08:00:00,780.2936924071618,0.0
 01/24  08:15:00,771.0453718386366,0.0
 01/24  08:30:00,770.1121590126627,0.0
 01/24  08:45:00,3268.706222079768,5.769689401866387
 01/24  09:00:00,4163.821277332233,10.732919325046126
 01/24  09:15:00,2175.33861595107,15.176631176588387
 01/24  09:30:00,2301.8064926603784,19.963152625919736
 01/24  09:45:00,2305.193185336773,79.82065982217836
 01/24  10:00:00,4298.110108506673,133.00564359227073
 01/24  10:15:00,2752.856133560149,189.5456475018606
 01/24  10:30:00,2774.145155192408,259.6503060273136
 01/24  10:45:00,2762.610195010224,233.66432599104078
 01/24  11:00:00,2740.4831892384827,216.8128811447881
 01/24  11:15:00,7945.761389821604,184.30524497549249
 01/24  11:30:00,6570.7895932349575,163.26315663792644
 01/24  11:45:00,3501.483549623412,187.4987227674705
 01/24  12:00:00,2804.1016259351795,212.45755556731712
 01/24  12:15:00,385.89227119311374,238.03401133273442
 01/24  12:30:00,448.0509734320634,279.83171806600575
 01/24  12:45:00,524.8020904753866,280.60892493229903
 01/24  13:00:00,579.3281452000987,281.61766770815905
 01/24  13:15:00,586.1756243229049,282.4385730132724
 01/24  13:30:00,572.171879887421,283.0800213742513
 01/24  13:45:00,594.3075861806495,237.19782416995665
 01/24  14:00:00,657.5276831434487,176.6075923886162
 01/24  14:15:00,680.7301585208185,133.3042872514727
 01/24  14:30:00,674.9074516029347,81.473975020201
 01/24  14:45:00,685.9527379679728,72.89906840094697
 01/24  15:00:00,725.9463840341697,64.46336420049879
 01/24  15:15:00,759.0715771644251,56.17549207781297
 01/24  15:30:00,757.2118121380089,48.01989819853023
 01/24  15:45:00,734.1355835920116,38.39012821014857
 01/24  16:00:00,744.9230103240875,29.186519709692096
 01/24  16:15:00,3984.791010828931,21.11116677288574
 01/24  16:30:00,3358.6282741867813,13.036542714757614
 01/24  16:45:00,2972.101145587028,9.783211512290212
 01/24  17:00:00,2847.605724949504,6.524615606883117
 01/24  17:15:00,7970.049974075797,0.0
 01/24  17:30:00,7094.532105221164,0.0
 01/24  17:45:00,3906.7139690573895,0.0
 01/24  18:00:00,3316.894767280977,0.0
 01/24  18:15:00,3089.2227109533346,0.0
 01/24  18:30:00,4641.118464668849,0.0
 01/24  18:45:00,6329.097484107368,0.0
 01/24  19:00:00,6283.2513832772365,0.0
 01/24  19:15:00,5018.321078930435,0.0
 01/24  19:30:00,4441.001377187822,0.0
 01/24  19:45:00,2954.222091555168,0.0
 01/24  20:00:00,3019.022939231074,0.0
 01/24  20:15:00,3045.781545449158,0.0
 01/24  20:30:00,3031.3126423422964,0.0
 01/24  20:45:00,3052.709502585963,0.0
 01/24  21:00:00,3085.0161823603257,0.0
 01/24  21:15:00,3080.09566827927,0.0
 01/24  21:30:00,3038.5758142820005,0.0
 01/24  21:45:00,3036.22276519262,0.0
 01/24  22:00:00,3074.152417977776,0.0
 01/24  22:15:00,3079.7235795668307,0.0
 01/24  22:30:00,3053.2311675112337,0.0
 01/24  22:45:00,3035.3379419256185,0.0
 01/24  23:00:00,3051.477256930352,0.0
 01/24  23:15:00,666.8396129326225,0.0
 01/24  23:30:00,577.4826548082026,0.0
 01/24  23:45:00,593.7586366424364,0.0
 01/24  24:00:00,636.9270802864818,0.0
 01/25  00:15:00,2591.1786931022834,0.0
 01/25  00:30:00,1900.8893856553116,0.0
 01/25  00:45:00,2162.233065605421,0.0
 01/25  01:00:00,734.584500874162,0.0
 01/25  01:15:00,759.7192546292031,0.0
 01/25  01:30:00,807.6030254503306,0.0
 01/25  01:45:00,819.5223393729641,0.0
 01/25  02:00:00,803.8701872830444,0.0
 01/25  02:15:00,810.3652907839429,0.0
 01/25  02:30:00,842.3448118113492,0.0
 01/25  02:45:00,849.6521467443342,0.0
 01/25  03:00:00,822.6362539989857,0.0
 01/25  03:15:00,873.3030333008068,0.0
 01/25  03:30:00,896.9616209408521,0.0
 01/25  03:45:00,928.8910288073656,0.0
 01/25  04:00:00,955.5144143179195,0.0
 01/25  04:15:00,978.1923572233889,0.0
 01/25  04:30:00,1009.6181875092894,0.0
 01/25  04:45:00,1044.8977819869624,0.0
 01/25  05:00:00,1075.2832877882308,0.0
 01/25  05:15:00,1081.4644346165542,0.0
 01/25  05:30:00,1091.6429720668025,0.0
 01/25  05:45:00,1107.5491945854174,0.0
 01/25  06:00:00,1124.7650188961293,0.0
 01/25  06:15:00,1144.1105836034635,0.0
 01/25  06:30:00,1339.2100515975053,0.0
 01/25  06:45:00,1099.4180524372591,0.0
 01/25  07:00:00,1191.1623506624917,0.0
 01/25  07:15:00,1193.2616679610153,0.0
 01/25  07:30:00,1196.281259091979,0.0
 01/25  07:45:00,1208.0016680063331,0.0
 01/25  08:00:00,1226.8358278400322,0.0
 01/25  08:15:00,1246.0123952553688,0.0
 01/25  08:30:00,1258.335830116331,0.0
 01/25  08:45:00,3563.3290499093982,6.392351930422954
 01/25  09:00:00,4398.019851718098,8.486204631492514
 01/25  09:15:00,2380.014816829488,10.79018106550247
 01/25  09:30:00,2562.3365078611578,13.103226731378706
 01/25  09:45:00,2589.98396647934,56.06272574663133
 01/25  10:00:00,4601.543402275142,97.55114699189934
 01/25  10:15:00,3061.6382372030093,141.53878337715162
 01/25  10:30:00,3080.829809705636,187.6222412700873
 01/25  10:45:00,3050.826720448126,248.83772397583903
 01/25  11:00:00,3005.9040764813467,299.2187314766694
 01/25  11:15:00,7950.568066491399,352.11650959641673
 01/25  11:30:00,7047.352559039262,421.7287045804881
 01/25  11:45:00,3728.42993369285,381.2952064471722
 01/25  12:00:00,2970.357288058888,354.5574203720614
 01/25  12:15:00,542.445337441565,309.5027359700737
 01/25  12:30:00,660.466465682965,278.78917754367757
 01/25  12:45:00,755.5973510172578,318.05505017044175
 01/25  13:00:00,802.5149673708984,373.3560008701186
 01/25  13:15:00,788.0388331434496,410.659829287482
 01/25  13:30:00,747.6741138522078,446.4837196718819
 01/25  13:45:00,782.7390360437423,427.7177481424393
 01/25  14:00:00,778.5598394068371,409.17171630994306
 01/25  14:15:00,779.8819096025973,392.5949787481664
 01/25  14:30:00,745.719255467279,374.79267434457864
 01/25  14:45:00,755.1208776273168,305.36901835649627
 01/25  15:00:00,810.937755882492,223.23790691777123
 01/25  15:15:00,854.55095361907,158.59743284162937
 01/25  15:30:00,880.6408103865725,77.12370146937057
 01/25  15:45:00,912.7237469669432,78.42968480870638
 01/25  16:00:00,923.1271745193204,70.52213458322859
 01/25  16:15:00,4024.611605571397,62.10969668539606
 01/25  16:30:00,3439.47270800772,61.47540563623601
 01/25  16:45:00,3051.9416463021616,39.174954259430585
 01/25  17:00:00,2923.9134894935687,24.310023387296944
 01/25  17:15:00,7971.615768283431,0.0
 01/25  17:30:00,7310.442735265669,0.0
 01/25  17:45:00,4003.495266078267,0.0
 01/25  18:00:00,3389.919847229492,0.0
 01/25  18:15:00,3158.263217640437,0.0
 01/25  18:30:00,4704.103333491699,0.0
 01/25  18:45:00,6385.47674289152,0.0
 01/25  19:00:00,6334.182252457278,0.0
 01/25  19:15:00,5073.296415805953,0.0
 01/25  19:30:00,4501.882169473964,0.0
 01/25  19:45:00,3021.552235286058,0.0
 01/25  20:00:00,3094.8730005371604,0.0
 01/25  20:15:00,3123.0033926215738,0.0
 01/25  20:30:00,3109.155922447066,0.0
 01/25  20:45:00,3131.137425967232,0.0
 01/25  21:00:00,3164.5267102931043,0.0
 01/25  21:15:00,3158.413360972298,0.0
 01/25  21:30:00,3118.473557408309,0.0
 01/25  21:45:00,3115.9112323727054,0.0
 01/25  22:00:00,3153.9583466804106,0.0
 01/25  22:15:00,3164.284810049434,0.0
 01/25  22:30:00,3142.597750777884,0.0
 01/25  22:45:00,3130.426190216657,0.0
 01/25  23:00:00,3152.002758455349,0.0
 01/25  23:15:00,766.8191528406385,0.0
 01/25  23:30:00,700.6885474765312,0.0
 01/25  23:45:00,731.8577701623692,0.0
 01/25  24:00:00,804.6541902625866,0.0
 01/26  00:15:00,2379.8491256834623,0.0
 01/26  00:30:00,1472.829799456867,0.0
 01/26  00:45:00,777.1773540825943,0.0
 01/26  01:00:00,844.8494847727992,0.0
 01/26  01:15:00,870.7021026660418,0.0
 01/26  01:30:00,921.7304087930048,0.0
 01/26  01:45:00,929.6564210876422,0.0
 01/26  02:00:00,948.1045715417788,0.0
 01/26  02:15:00,989.1680059611192,0.0
 01/26  02:30:00,1038.4204716438137,0.0
 01/26  02:45:00,1077.966568763367,0.0
 01/26  03:00:00,1111.0108343277686,0.0
 01/26  03:15:00,1138.5021007945743,0.0
 01/26  03:30:00,1171.14291113735,0.0
 01/26  03:45:00,1203.8537189302426,0.0
 01/26  04:00:00,1229.9149633632544,0.0
 01/26  04:15:00,1231.9802552180847,0.0
 01/26  04:30:00,1243.927035142436,0.0
 01/26  04:45:00,1261.3895876559004,0.0
 01/26  05:00:00,1270.9702585142795,0.0
 01/26  05:15:00,1292.6208028370777,0.0
 01/26  05:30:00,1317.5619225903067,0.0
 01/26  05:45:00,1347.633306793608,0.0
 01/26  06:00:00,1379.462846218334,0.0
 01/26  06:15:00,1408.5718517995822,0.0
 01/26  06:30:00,1536.7273452391394,0.0
 01/26  06:45:00,1401.9232311161536,0.0
 01/26  07:00:00,1501.513970434295,0.0
 01/26  07:15:00,1472.3337049699687,0.0
 01/26  07:30:00,1495.7616033903746,0.0
 01/26  07:45:00,1500.3161945423,0.0
 01/26  08:00:00,1524.4737029711505,0.0
 01/26  08:15:00,1543.522250462729,0.0
 01/26  08:30:00,3274.574944027784,0.0
 01/26  08:45:00,3348.8369990522224,24.930908993805883
 01/26  09:00:00,4516.988524606713,68.5738687309693
 01/26  09:15:00,2475.2069323773853,108.4938225572543
 01/26  09:30:00,2628.4945615109323,143.48614831950914
 01/26  09:45:00,4651.782017394667,165.29037612832852
 01/26  10:00:00,4508.9953413009525,176.45572481391616
 01/26  10:15:00,3044.079618371189,196.4793962601704
 01/26  10:30:00,3081.6631266286613,215.93280954007207
 01/26  10:45:00,3071.055279416569,278.2769544481208
 01/26  11:00:00,3030.076058218482,332.4619543192595
 01/26  11:15:00,2974.7253257331136,389.3425094956029
 01/26  11:30:00,2947.860550879981,462.5515898487888
 01/26  11:45:00,2962.6309169814213,466.68596671870404
 01/26  12:00:00,2941.3327368321643,470.6611370030606
 01/26  12:15:00,2393.582479695366,473.7235891375383
 01/26  12:30:00,2400.753618792713,475.18341622128924
 01/26  12:45:00,2423.076306848749,455.70628038475917
 01/26  13:00:00,2441.116483989897,451.69453719356443
 01/26  13:15:00,2989.6609982592186,445.59896050770925
 01/26  13:30:00,2855.0779554697533,438.54728180490883
 01/26  13:45:00,2818.521727857756,390.3972645881616
 01/26  14:00:00,2853.929877519214,343.039404384734
 01/26  14:15:00,2847.298568192896,281.0041355364382
 01/26  14:30:00,2809.2233277916566,235.9504058949472
 01/26  14:45:00,2797.16763810326,225.4281702076417
 01/26  15:00:00,2818.0281606380017,214.18856569826494
 01/26  15:15:00,2835.5032943077194,202.61776073780032
 01/26  15:30:00,2817.268867913391,190.774991798558
 01/26  15:45:00,2782.7385769651846,160.18655201882
 01/26  16:00:00,2785.9290395802027,130.7559734548714
 01/26  16:15:00,3257.488608680902,102.50251441379619
 01/26  16:30:00,3274.651468408092,75.30861299237151
 01/26  16:45:00,2955.6510581767043,57.40837785177055
 01/26  17:00:00,2850.951438982584,36.23745322124928
 01/26  17:15:00,2898.216398825918,0.0
 01/26  17:30:00,8163.72824647774,0.0
 01/26  17:45:00,7686.289299890065,0.0
 01/26  18:00:00,4227.2566942168105,0.0
 01/26  18:15:00,3190.0290974770974,0.0
 01/26  18:30:00,3145.7946674716245,0.0
 01/26  18:45:00,6337.519714435115,0.0
 01/26  19:00:00,6348.06013040742,0.0
 01/26  19:15:00,5094.392981061523,0.0
 01/26  19:30:00,4514.787778574475,0.0
 01/26  19:45:00,3521.232014627846,0.0
 01/26  20:00:00,3146.743678304979,0.0
 01/26  20:15:00,8134.433842883007,0.0
 01/26  20:30:00,6690.616704424945,0.0
 01/26  20:45:00,3562.3342952708117,0.0
 01/26  21:00:00,3219.35361908802,0.0
 01/26  21:15:00,3195.326926405301,0.0
 01/26  21:30:00,3156.272474568985,0.0
 01/26  21:45:00,3163.5932189229766,0.0
 01/26  22:00:00,3210.3943298088725,0.0
 01/26  22:15:00,3220.0263772780045,0.0
 01/26  22:30:00,3194.647522415338,0.0
 01/26  22:45:00,3180.588807591829,0.0
 01/26  23:00:00,3197.946856185337,0.0
 01/26  23:15:00,2674.786207286045,0.0
 01/26  23:30:00,540.6801983650876,0.0
 01/26  23:45:00,623.1370986427369,0.0
 01/26  24:00:00,707.5752412489293,0.0
 01/27  00:15:00,2509.4627176454537,0.0
 01/27  00:30:00,2401.531828315012,0.0
 01/27  00:45:00,805.2139394599808,0.0
 01/27  01:00:00,874.3202343605356,0.0
 01/27  01:15:00,897.7876511632021,0.0
 01/27  01:30:00,1004.5946057649442,0.0
 01/27  01:45:00,1008.7591101151328,0.0
 01/27  02:00:00,1021.3722737541984,0.0
 01/27  02:15:00,1024.5144470713417,0.0
 01/27  02:30:00,1047.304258973841,0.0
 01/27  02:45:00,1062.8531463983186,0.0
 01/27  03:00:00,1071.4134927277782,0.0
 01/27  03:15:00,1083.143426227949,0.0
 01/27  03:30:00,1106.7664657841724,0.0
 01/27  03:45:00,1146.305818626959,0.0
 01/27  04:00:00,1166.0196695705667,0.0
 01/27  04:15:00,1190.8331698743466,0.0
 01/27  04:30:00,1225.380116313796,0.0
 01/27  04:45:00,1264.9974960855145,0.0
 01/27  05:00:00,1294.2580688817402,0.0
 01/27  05:15:00,1322.3518124029388,0.0
 01/27  05:30:00,1353.0216816574325,0.0
 01/27  05:45:00,1389.7121276105202,0.0
 01/27  06:00:00,1429.383842886343,0.0
 01/27  06:15:00,1446.1305839562312,0.0
 01/27  06:30:00,1545.2297779421187,0.0
 01/27  06:45:00,1435.9596123668491,0.0
 01/27  07:00:00,1501.5623710638322,0.0
 01/27  07:15:00,1494.068753190662,0.0
 01/27  07:30:00,1523.3859281526477,0.0
 01/27  07:45:00,1540.809375631861,0.0
 01/27  08:00:00,1567.3417233113455,0.0
 01/27  08:15:00,1595.719524028296,0.0
 01/27  08:30:00,3266.7254159947,0.0
 01/27  08:45:00,3389.7118053001127,10.900213741053664
 01/27  09:00:00,4551.499535627406,20.980727025167518
 01/27  09:15:00,2558.1213891966054,29.289947848402747
 01/27  09:30:00,2743.064128342241,35.85841484478782
 01/27  09:45:00,4742.934671048456,51.17896286429466
 01/27  10:00:00,4598.3056810645285,66.41992934024618
 01/27  10:15:00,3151.259923049106,81.7502855153437
 01/27  10:30:00,3196.162153774636,97.2797120242699
 01/27  10:45:00,3196.6054638695387,138.33641936107543
 01/27  11:00:00,3169.196318424502,169.39287493340598
 01/27  11:15:00,3128.044484540977,202.17484257625352
 01/27  11:30:00,3117.132151591731,250.59161122429379
 01/27  11:45:00,3144.8481640901414,261.9450554154784
 01/27  12:00:00,3134.610900064195,274.0007109477894
 01/27  12:15:00,2596.7682209416957,285.934895867789
 01/27  12:30:00,2605.31040957353,297.8886215824644
 01/27  12:45:00,2640.007199940409,275.6038484819334
 01/27  13:00:00,2668.2147484684656,236.7787852613334
 01/27  13:15:00,3237.655714392663,214.75356930062296
 01/27  13:30:00,3121.1793072016817,192.7805844319182
 01/27  13:45:00,3093.896262479594,168.082093501875
 01/27  14:00:00,3138.5077957960925,130.51650319203827
 01/27  14:15:00,3140.159504901902,108.84971034050002
 01/27  14:30:00,3111.151524156438,87.80299497908452
 01/27  14:45:00,3114.67203558399,78.91272141969965
 01/27  15:00:00,3150.9005445728385,70.18090682811157
 01/27  15:15:00,3177.84740618025,61.56603486905709
 01/27  15:30:00,3171.465993216292,53.089633068332084
 01/27  15:45:00,3142.4307844251007,43.12889046590874
 01/27  16:00:00,3148.326413016275,33.30395864382827
 01/27  16:15:00,3617.693105182987,24.68185024165824
 01/27  16:30:00,3626.8818567752182,16.298850118809607
 01/27  16:45:00,3295.3802456538588,12.414244725337952
 01/27  17:00:00,3179.079477087742,8.52968625530301
 01/27  17:15:00,3207.254832670841,4.828319668541
 01/27  17:30:00,8000.099445251659,0.0
 01/27  17:45:00,8172.772542444955,0.0
 01/27  18:00:00,4622.944922083809,0.0
 01/27  18:15:00,3455.9627790602035,0.0
 01/27  18:30:00,3442.9500013601946,0.0
 01/27  18:45:00,6608.042032012677,0.0
 01/27  19:00:00,6623.339463322852,0.0
 01/27  19:15:00,5364.870335737881,0.0
 01/27  19:30:00,4778.600909752722,0.0
 01/27  19:45:00,3951.390690676526,0.0
 01/27  20:00:00,3411.446206240541,0.0
 01/27  20:15:00,8137.646109101576,0.0
 01/27  20:30:00,6858.126411841196,0.0
 01/27  20:45:00,3771.031799793627,0.0
 01/27  21:00:00,3431.536074721848,0.0
 01/27  21:15:00,3430.0556797173786,0.0
 01/27  21:30:00,3376.94910328279,0.0
 01/27  21:45:00,3379.36087244589,0.0
 01/27  22:00:00,3421.0955986282142,0.0
 01/27  22:15:00,3427.0541226898763,0.0
 01/27  22:30:00,3397.697674127334,0.0
 01/27  22:45:00,3379.040466377124,0.0
 01/27  23:00:00,3392.391701105167,0.0
 01/27  23:15:00,2822.858393169689,0.0
 01/27  23:30:00,789.5666314234044,0.0
 01/27  23:45:00,1027.1133205629358,0.0
 01/27  24:00:00,1109.631029131441,0.0
 01/28  00:15:00,1201.2905704278844,0.0
 01/28  00:30:00,1979.365875372193,0.0
 01/28  00:45:00,1152.5374788153654,0.0
 01/28  01:00:00,1421.6642121759514,0.0
 01/28  01:15:00,1372.1974870126628,0.0
 01/28  01:30:00,1384.2828362816333,0.0
 01/28  01:45:00,1408.980709532459,0.0
 01/28  02:00:00,1419.1051352274849,0.0
 01/28  02:15:00,2206.8070401370464,0.0
 01/28  02:30:00,2432.771390194239,0.0
 01/28  02:45:00,1266.0738753689575,0.0
 01/28  03:00:00,1360.3100467289482,0.0
 01/28  03:15:00,1409.6192089328017,0.0
 01/28  03:30:00,1496.567260195548,0.0
 01/28  03:45:00,1503.853444254782,0.0
 01/28  04:00:00,1530.9178324906138,0.0
 01/28  04:15:00,1539.2186782919357,0.0
 01/28  04:30:00,1558.738858339049,0.0
 01/28  04:45:00,1583.9767468539844,0.0
 01/28  05:00:00,1597.0128079562844,0.0
 01/28  05:15:00,1608.7667269523297,0.0
 01/28  05:30:00,1624.484557573128,0.0
 01/28  05:45:00,1647.4295537693658,0.0
 01/28  06:00:00,1672.162499191816,0.0
 01/28  06:15:00,1687.7085692489372,0.0
 01/28  06:30:00,1765.7792987271914,0.0
 01/28  06:45:00,1680.3036863386544,0.0
 01/28  07:00:00,1722.9318455290586,0.0
 01/28  07:15:00,1706.4313496015168,0.0
 01/28  07:30:00,1712.9812991733004,0.0
 01/28  07:45:00,1710.045731162697,0.0
 01/28  08:00:00,1721.3644886955092,0.0
 01/28  08:15:00,1740.8225451333133,0.0
 01/28  08:30:00,1753.0324990311622,0.0
 01/28  08:45:00,3853.306901487599,13.870789502294649
 01/28  09:00:00,4662.36779504992,33.50122755207806
 01/28  09:15:00,2703.562744724084,50.21888993664487
 01/28  09:30:00,2877.776064864453,61.99078039936421
 01/28  09:45:00,2860.188650148876,139.90551810128986
 01/28  10:00:00,4760.265475006493,208.78047454130217
 01/28  10:15:00,3232.2180543998056,298.39996788736164
 01/28  10:30:00,3239.418110396387,380.99320739338003
 01/28  10:45:00,3206.722116564865,421.6884408058858
 01/28  11:00:00,3160.7711896758938,468.801486845405
 01/28  11:15:00,7953.448631820567,512.5003941182244
 01/28  11:30:00,7466.928783435406,555.5003642220989
 01/28  11:45:00,3915.035906999966,576.9831610045125
 01/28  12:00:00,3096.5708266163447,596.8732701641692
 01/28  12:15:00,638.236493350449,615.789663713165
 01/28  12:30:00,731.8251831746339,632.7036718566866
 01/28  12:45:00,811.8539931141702,612.1433908648659
 01/28  13:00:00,859.9016053382223,582.4391944166101
 01/28  13:15:00,866.2193767144947,559.2047381918994
 01/28  13:30:00,925.2712469464652,533.4354428880341
 01/28  13:45:00,918.6937727301836,514.6184264972896
 01/28  14:00:00,894.5152480484503,494.2461493639536
 01/28  14:15:00,883.4080229241268,472.26164893106284
 01/28  14:30:00,858.2386412735052,449.3268038991641
 01/28  14:45:00,849.6094550465968,391.00032726882995
 01/28  15:00:00,845.6386130033557,348.4384431708557
 01/28  15:15:00,869.836519822331,306.81582899428685
 01/28  15:30:00,866.5643781044558,266.37101802534966
 01/28  15:45:00,872.0878685552195,207.34492332425475
 01/28  16:00:00,921.6833377216848,140.21572232891774
 01/28  16:15:00,4037.481852781029,89.43767087870978
 01/28  16:30:00,3488.086440490727,30.904442451044986
 01/28  16:45:00,3123.560774051776,23.363065692283172
 01/28  17:00:00,3001.209437108704,15.492222089168164
 01/28  17:15:00,7973.876467913829,8.6094080103042
 01/28  17:30:00,7410.39838338677,0.0
 01/28  17:45:00,4106.486195519538,0.0
 01/28  18:00:00,3462.5268458567743,0.0
 01/28  18:15:00,3223.709826687715,0.0
 01/28  18:30:00,4772.465817951408,0.0
 01/28  18:45:00,6456.034021879598,0.0
 01/28  19:00:00,6406.157712977268,0.0
 01/28  19:15:00,5140.689079829541,0.0
 01/28  19:30:00,4563.191671086958,0.0
 01/28  19:45:00,3077.599839782199,0.0
 01/28  20:00:00,3144.0206682641688,0.0
 01/28  20:15:00,3170.2970855464573,0.0
 01/28  20:30:00,3155.050001511844,0.0
 01/28  20:45:00,3176.1162300338133,0.0
 01/28  21:00:00,3207.5435417586623,0.0
 01/28  21:15:00,3202.2135038184274,0.0
 01/28  21:30:00,3160.40351990052,0.0
 01/28  21:45:00,3157.760435932209,0.0
 01/28  22:00:00,3195.0024812925867,0.0
 01/28  22:15:00,3196.8899980707047,0.0
 01/28  22:30:00,3166.2387201665947,0.0
 01/28  22:45:00,3143.286840678164,0.0
 01/28  23:00:00,3155.3161992933424,0.0
 01/28  23:15:00,772.3370779072164,0.0
 01/28  23:30:00,707.6473809002666,0.0
 01/28  23:45:00,741.0849309804225,0.0
 01/28  24:00:00,789.3376731329688,0.0
 01/29  00:15:00,864.2724551930644,0.0
 01/29  00:30:00,890.8209374279346,0.0
 01/29  00:45:00,914.1728287882744,0.0
 01/29  01:00:00,930.8554137299373,0.0
 01/29  01:15:00,955.0389779202726,0.0
 01/29  01:30:00,977.0287877624382,0.0
 01/29  01:45:00,995.5979151278508,0.0
 01/29  02:00:00,1008.3176825425608,0.0
 01/29  02:15:00,1023.5363708601944,0.0
 01/29  02:30:00,1044.9792691944592,0.0
 01/29  02:45:00,1058.173027546103,0.0
 01/29  03:00:00,1067.6977808853255,0.0
 01/29  03:15:00,1079.2065531908231,0.0
 01/29  03:30:00,1099.2123364410313,0.0
 01/29  03:45:00,1117.5433116863449,0.0
 01/29  04:00:00,1130.8937286366977,0.0
 01/29  04:15:00,1137.6906292798603,0.0
 01/29  04:30:00,1152.885774071809,0.0
 01/29  04:45:00,1187.4642077749293,0.0
 01/29  05:00:00,1218.9116845311376,0.0
 01/29  05:15:00,1237.642922548241,0.0
 01/29  05:30:00,1264.250881037647,0.0
 01/29  05:45:00,1294.8443540873009,0.0
 01/29  06:00:00,1325.755897613762,0.0
 01/29  06:15:00,1347.3319454684886,0.0
 01/29  06:30:00,1444.912629071675,0.0
 01/29  06:45:00,1334.4071585538595,0.0
 01/29  07:00:00,1404.858943462499,0.0
 01/29  07:15:00,1382.2721943631254,0.0
 01/29  07:30:00,1399.6557417274676,0.0
 01/29  07:45:00,1408.334651523579,0.0
 01/29  08:00:00,1424.0382658040403,0.0
 01/29  08:15:00,1453.764764559716,0.0
 01/29  08:30:00,1469.396418060272,0.0
 01/29  08:45:00,3663.391727523137,16.690497862163937
 01/29  09:00:00,4472.149093148194,43.029488456847105
 01/29  09:15:00,2499.6476976649683,66.06317670328274
 01/29  09:30:00,2658.927435975381,84.59336572070248
 01/29  09:45:00,2674.019030304405,76.58423430319137
 01/29  10:00:00,4671.787642694309,76.34570568289041
 01/29  10:15:00,3147.739801269847,68.01379475410684
 01/29  10:30:00,3187.7292642201155,65.11590752172576
 01/29  10:45:00,3180.954381361913,72.8915968492543
 01/29  11:00:00,3157.879591916004,80.79248132960893
 01/29  11:15:00,7953.116209213879,88.86352635400753
 01/29  11:30:00,7827.394156306213,97.13076142388682
 01/29  11:45:00,4116.046097467421,86.97885748129438
 01/29  12:00:00,3192.823593276507,77.85449783103887
 01/29  12:15:00,816.4196861660172,69.42007862432
 01/29  12:30:00,965.9678068764064,61.51461520479908
 01/29  12:45:00,1070.0837944891175,61.15507510063186
 01/29  13:00:00,1127.5468396697856,60.84735055732829
 01/29  13:15:00,1341.347570789998,60.61332426860137
 01/29  13:30:00,1424.1083886663794,60.44140501828818
 01/29  13:45:00,1411.649520642316,57.5413990729196
 01/29  14:00:00,1448.2495262211223,54.71833171271769
 01/29  14:15:00,1457.3651768126258,51.93040215628512
 01/29  14:30:00,1459.5237413589057,49.22998695870602
 01/29  14:45:00,1469.8248511504744,44.755221336839526
 01/29  15:00:00,1484.9269234816932,40.29115026284633
 01/29  15:15:00,1502.1375279270276,35.864605668141905
 01/29  15:30:00,1510.8929851129603,31.443043601744098
 01/29  15:45:00,1517.5917626141995,26.25476118237043
 01/29  16:00:00,1532.805587812193,21.069770625397762
 01/29  16:15:00,4138.153937986407,15.885207957930161
 01/29  16:30:00,3688.67619628521,10.705905057498667
 01/29  16:45:00,3307.22547271427,8.217335931703426
 01/29  17:00:00,3176.905845512528,5.729365700388567
 01/29  17:15:00,7975.669909389353,3.3770671764536395
 01/29  17:30:00,7679.59760029091,0.0
 01/29  17:45:00,4295.387534011588,0.0
 01/29  18:00:00,3613.637176682116,0.0
 01/29  18:15:00,3394.1547802622963,0.0
 01/29  18:30:00,4926.527634707732,0.0
 01/29  18:45:00,6626.287680997839,0.0
 01/29  19:00:00,6574.963633291989,0.0
 01/29  19:15:00,5296.85830847832,0.0
 01/29  19:30:00,4713.784060705842,0.0
 01/29  19:45:00,3231.8598530595614,0.0
 01/29  20:00:00,3295.592238265352,0.0
 01/29  20:15:00,3319.64844902582,0.0
 01/29  20:30:00,3301.5560297680136,0.0
 01/29  20:45:00,3320.3576289569355,0.0
 01/29  21:00:00,3349.132517510789,0.0
 01/29  21:15:00,3347.0804769331758,0.0
 01/29  21:30:00,3310.350081185029,0.0
 01/29  21:45:00,3313.424998767052,0.0
 01/29  22:00:00,3355.939548178497,0.0
 01/29  22:15:00,3364.087314273303,0.0
 01/29  22:30:00,3339.906444054356,0.0
 01/29  22:45:00,3323.598789274726,0.0
 01/29  23:00:00,3341.2970808400914,0.0
 01/29  23:15:00,981.1666968136052,0.0
 01/29  23:30:00,934.4105199383896,0.0
 01/29  23:45:00,1026.4793693638387,0.0
 01/29  24:00:00,1175.1017227472098,0.0
 01/30  00:15:00,1911.086725934928,0.0
 01/30  00:30:00,1194.0273304251646,0.0
 01/30  00:45:00,1387.6888623229197,0.0
 01/30  01:00:00,1328.7553294849774,0.0
 01/30  01:15:00,1381.7819211816436,0.0
 01/30  01:30:00,1432.7352060341464,0.0
 01/30  01:45:00,1460.1308768390245,0.0
 01/30  02:00:00,1480.5551283152563,0.0
 01/30  02:15:00,1501.9397947519126,0.0
 01/30  02:30:00,1536.058759532209,0.0
 01/30  02:45:00,1554.6610721305924,0.0
 01/30  03:00:00,1566.526320215261,0.0
 01/30  03:15:00,1579.7995947616046,0.0
 01/30  03:30:00,1601.028631331567,0.0
 01/30  03:45:00,1620.9994610834656,0.0
 01/30  04:00:00,1632.5301932167629,0.0
 01/30  04:15:00,1640.6889438202504,0.0
 01/30  04:30:00,1661.5589658156475,0.0
 01/30  04:45:00,1691.811034947972,0.0
 01/30  05:00:00,1710.7525691673643,0.0
 01/30  05:15:00,1714.7234799154637,0.0
 01/30  05:30:00,1723.4161033889418,0.0
 01/30  05:45:00,1738.7568968510532,0.0
 01/30  06:00:00,1755.071958612143,0.0
 01/30  06:15:00,1770.3635042727667,0.0
 01/30  06:30:00,1839.974689167871,0.0
 01/30  06:45:00,1772.702770215451,0.0
 01/30  07:00:00,1806.026201782803,0.0
 01/30  07:15:00,1806.599328181102,0.0
 01/30  07:30:00,1826.511667118668,0.0
 01/30  07:45:00,1840.607640267736,0.0
 01/30  08:00:00,1866.434127014318,0.0
 01/30  08:15:00,1890.2895852418037,0.0
 01/30  08:30:00,1902.1611532349343,4.835306269696286
 01/30  08:45:00,3987.852841533379,12.503665063678577
 01/30  09:00:00,4781.719127771661,23.94687738086381
 01/30  09:15:00,2832.631886222165,33.2559002568827
 01/30  09:30:00,3011.4776822720805,40.76384790098743
 01/30  09:45:00,3007.6482277814657,74.6309336506668
 01/30  10:00:00,4815.844391229679,104.38310062260211
 01/30  10:15:00,3256.010065535253,135.46915270574374
 01/30  10:30:00,3296.093634663336,167.93669563642285
 01/30  10:45:00,3304.524126933085,153.40779067232208
 01/30  11:00:00,3289.105540260317,139.11716306321884
 01/30  11:15:00,7955.442237093124,112.88106194107682
 01/30  11:30:00,7741.428593862821,97.87183388946163
 01/30  11:45:00,4202.772773130696,101.81811971687203
 01/30  12:00:00,3352.063958799769,105.94514185650033
 01/30  12:15:00,1004.8757843875472,110.21084194667196
 01/30  12:30:00,1212.4474486458778,114.70196864835594
 01/30  12:45:00,1344.1197531185685,113.74493792490749
 01/30  13:00:00,1530.5052813785835,113.0419437374573
 01/30  13:15:00,1734.6672321438084,112.64178165059853
 01/30  13:30:00,1772.8954823527351,112.45601444491773
 01/30  13:45:00,1789.310289456791,120.0864386636875
 01/30  14:00:00,1806.086102484505,127.89584490937955
 01/30  14:15:00,1795.4651611339852,135.8409453587295
 01/30  14:30:00,1763.39073844401,144.06292680169227
 01/30  14:45:00,1760.5464543116957,129.50939629925844
 01/30  15:00:00,1774.8795517803408,115.47779784637224
 01/30  15:15:00,1794.6059268336803,101.93676311190598
 01/30  15:30:00,1812.13876815411,88.77851232506644
 01/30  15:45:00,1828.2038902262293,72.7305537979761
 01/30  16:00:00,1855.95972399546,57.01448387987671
 01/30  16:15:00,4184.011212658146,41.60656210418665
 01/30  16:30:00,3815.400548251841,26.572115460223927
 01/30  16:45:00,3443.0673784769374,20.294161126089932
 01/30  17:00:00,3313.7129571679707,14.29369290580468
 01/30  17:15:00,7977.882165206506,8.595625307494783
 01/30  17:30:00,7958.857840802715,0.0
 01/30  17:45:00,4491.00477898363,0.0
 01/30  18:00:00,3749.781417417794,0.0
 01/30  18:15:00,3528.252386437417,0.0
 01/30  18:30:00,5058.51542119453,0.0
 01/30  18:45:00,6761.985768231169,0.0
 01/30  19:00:00,6712.307908251364,0.0
 01/30  19:15:00,5440.10410627745,0.0
 01/30  19:30:00,4862.772322166077,0.0
 01/30  19:45:00,3397.6809556544285,0.0
 01/30  20:00:00,3464.7410043364557,0.0
 01/30  20:15:00,3489.122138255738,0.0
 01/30  20:30:00,3472.0770434690967,0.0
 01/30  20:45:00,3491.184214731261,0.0
 01/30  21:00:00,3520.652415459341,0.0
 01/30  21:15:00,3515.873376045836,0.0
 01/30  21:30:00,3476.1306933500487,0.0
 01/30  21:45:00,3475.203084414341,0.0
 01/30  22:00:00,3514.4832585809827,0.0
 01/30  22:15:00,3522.0242105189445,0.0
 01/30  22:30:00,3496.1029781959423,0.0
 01/30  22:45:00,3480.624432980842,0.0
 01/30  23:00:00,3497.238646631514,0.0
 01/30  23:15:00,1194.2158055754269,0.0
 01/30  23:30:00,1247.45006173416,0.0
 01/30  23:45:00,1394.2813624101766,0.0
 01/30  24:00:00,1582.9465357747415,0.0
 01/31  00:15:00,1743.39952270651,0.0
 01/31  00:30:00,1741.099423804182,0.0
 01/31  00:45:00,1766.0648535240623,0.0
 01/31  01:00:00,1780.1614876569113,0.0
 01/31  01:15:00,1797.3923198735963,0.0
 01/31  01:30:00,1810.961589344948,0.0
 01/31  01:45:00,1815.5006967966765,0.0
 01/31  02:00:00,1816.1634151744329,0.0
 01/31  02:15:00,1833.1923643182488,0.0
 01/31  02:30:00,1861.1018181034683,0.0
 01/31  02:45:00,1876.6978096319676,0.0
 01/31  03:00:00,1885.8407836447643,0.0
 01/31  03:15:00,1897.297700213718,0.0
 01/31  03:30:00,1915.5596782837788,0.0
 01/31  03:45:00,1932.921071520013,0.0
 01/31  04:00:00,1942.2409979525617,0.0
 01/31  04:15:00,1945.4830083751144,0.0
 01/31  04:30:00,1959.2254268140373,0.0
 01/31  04:45:00,1982.8110182119065,0.0
 01/31  05:00:00,1992.1683232867351,0.0
 01/31  05:15:00,1999.922851295325,0.0
 01/31  05:30:00,2007.332649899313,0.0
 01/31  05:45:00,2025.0927619470071,0.0
 01/31  06:00:00,2042.711951675991,0.0
 01/31  06:15:00,2056.674172111941,0.0
 01/31  06:30:00,2113.980949945564,0.0
 01/31  06:45:00,2059.4023678198423,0.0
 01/31  07:00:00,2080.7639289382964,0.0
 01/31  07:15:00,2067.664893229911,0.0
 01/31  07:30:00,2074.23486783423,0.0
 01/31  07:45:00,2071.9733248075654,0.0
 01/31  08:00:00,2082.322361402519,0.0
 01/31  08:15:00,2102.373087415649,0.0
 01/31  08:30:00,2111.409111834794,6.402962171211697
 01/31  08:45:00,4142.648336875753,27.23349313950164
 01/31  09:00:00,4904.530784970842,70.05156839395771
 01/31  09:15:00,2961.3677168283093,118.47037708389351
 01/31  09:30:00,3127.6622975882824,155.5919014114328
 01/31  09:45:00,3119.7185875913547,170.6183936078436
 01/31  10:00:00,4866.908761783083,196.01175867062602
 01/31  10:15:00,3301.4146422350027,208.56850692745425
 01/31  10:30:00,3348.9840515576025,230.97111451672728
 01/31  10:45:00,3359.396218560808,239.19192881223057
 01/31  11:00:00,3342.3413162772563,246.85547664041644
 01/31  11:15:00,7956.443741161021,253.8787283419834
 01/31  11:30:00,7821.60579578002,260.3610976876254
 01/31  11:45:00,4238.937233993722,236.1978941724238
 01/31  12:00:00,3368.8341446545637,226.42718544330293
 01/31  12:15:00,1019.921076809209,216.46793094251007
 01/31  12:30:00,1199.172613957132,206.3974588828605
 01/31  12:45:00,1325.204193468101,186.22631289914173
 01/31  13:00:00,1507.723170116519,166.47313855759143
 01/31  13:15:00,1769.0107705699231,132.9206943143775
 01/31  13:30:00,1786.7780959184877,114.96941340255772
 01/31  13:45:00,1828.7737664785784,97.81977233765744
 01/31  14:00:00,1858.9917639764265,81.43432916975576
 01/31  14:15:00,1884.175662429575,65.78380391677351
 01/31  14:30:00,1904.6106818239664,50.812767253095416
 01/31  14:45:00,1928.2965291742,46.51954161376332
 01/31  15:00:00,1954.2185945399333,42.2790894632525
 01/31  15:15:00,1977.190671589042,38.04500600792667
 01/31  15:30:00,1988.0846793724295,33.81170216090542
 01/31  15:45:00,1997.306375234451,30.35236667879556
 01/31  16:00:00,2014.4515455599933,26.893475060736836
 01/31  16:15:00,4237.088450824957,23.435652238229217
 01/31  16:30:00,3866.917883875324,19.97903516116149
 01/31  16:45:00,3494.7743658693066,15.556463056374753
 01/31  17:00:00,3378.2371593363564,11.134947306279898
 01/31  17:15:00,7979.351014322526,6.713786866735162
 01/31  17:30:00,7959.892520833526,0.0
 01/31  17:45:00,4618.247716338279,0.0
 01/31  18:00:00,3801.8028243135664,0.0
 01/31  18:15:00,3576.33572545185,0.0
 01/31  18:30:00,5106.546769372365,0.0
 01/31  18:45:00,6809.876893030371,0.0
 01/31  19:00:00,6760.938933826764,0.0
 01/31  19:15:00,5486.709132221811,0.0
 01/31  19:30:00,4906.0225948632815,0.0
 01/31  19:45:00,3437.741040537042,0.0
 01/31  20:00:00,3502.1617112878857,0.0
 01/31  20:15:00,3525.418215274469,0.0
 01/31  20:30:00,3507.9431843668326,0.0
 01/31  20:45:00,3527.002796702296,0.0
 01/31  21:00:00,3556.247235998897,0.0
 01/31  21:15:00,3552.068984260838,0.0
 01/31  21:30:00,3511.8879681095714,0.0
 01/31  21:45:00,3511.2403507751173,0.0
 01/31  22:00:00,3550.321879453824,0.0
 01/31  22:15:00,3555.8750728516293,0.0
 01/31  22:30:00,3528.182218541416,0.0
 01/31  22:45:00,3509.1260769493883,0.0
 01/31  23:00:00,3523.496461734117,0.0
 01/31  23:15:00,1230.1699162623286,0.0
 01/31  23:30:00,1320.4532524624376,0.0
 01/31  23:45:00,1470.2936407932189,0.0
 01/31  24:00:00,1663.39464409563,0.0
 02/01  00:15:00,3355.076574065987,0.0
 02/01  00:30:00,2509.691198142662,0.0
 02/01  00:45:00,2821.642535966605,0.0
 02/01  01:00:00,1495.2689237504032,0.0
 02/01  01:15:00,1593.0112359971636,0.0
 02/01  01:30:00,1656.883391961622,0.0
 02/01  01:45:00,1807.451420976991,0.0
 02/01  02:00:00,1785.40748488224,0.0
 02/01  02:15:00,1818.3759952547828,0.0
 02/01  02:30:00,1842.354339333338,0.0
 02/01  02:45:00,1852.5779458995917,0.0
 02/01  03:00:00,1856.9523320120804,0.0
 02/01  03:15:00,1861.318246880696,0.0
 02/01  03:30:00,1873.9826454639,0.0
 02/01  03:45:00,1885.4348978983733,0.0
 02/01  04:00:00,1888.54167680328,0.0
 02/01  04:15:00,1886.650531927795,0.0
 02/01  04:30:00,1895.5341429406617,0.0
 02/01  04:45:00,1913.3470877852264,0.0
 02/01  05:00:00,1918.8980750358328,0.0
 02/01  05:15:00,1919.928908726078,0.0
 02/01  05:30:00,1922.791629180609,0.0
 02/01  05:45:00,1934.5204241228705,0.0
 02/01  06:00:00,1946.88513977762,0.0
 02/01  06:15:00,1951.0160657386616,0.0
 02/01  06:30:00,2004.7828705930335,0.0
 02/01  06:45:00,1939.3525496723948,0.0
 02/01  07:00:00,1955.955122549784,0.0
 02/01  07:15:00,1936.991278705712,0.0
 02/01  07:30:00,1938.4634066160456,0.0
 02/01  07:45:00,1928.9682615580632,0.0
 02/01  08:00:00,1934.8219308965763,0.0
 02/01  08:15:00,1947.414744410274,0.0
 02/01  08:30:00,1951.948800044944,2.3818678914043554
 02/01  08:45:00,4016.875748628516,6.156110722738301
 02/01  09:00:00,4805.3228101636905,9.570646104295049
 02/01  09:15:00,2859.2174515132733,13.208105524831424
 02/01  09:30:00,3039.4322286274864,16.845422301503305
 02/01  09:45:00,3045.2015435547924,22.024100607002
 02/01  10:00:00,4834.486644043382,27.201502639233702
 02/01  10:15:00,3274.9122481010304,32.36547337528208
 02/01  10:30:00,3325.1008083789447,37.52436418715193
 02/01  10:45:00,3340.1238638459067,41.522722722670295
 02/01  11:00:00,3326.5696403300435,45.51964782612473
 02/01  11:15:00,7955.856809452449,49.842613379201325
 02/01  11:30:00,7794.290613205878,54.23413070926975
 02/01  11:45:00,4230.95141152311,56.37161332776592
 02/01  12:00:00,3362.5932800857995,58.575043268253175
 02/01  12:15:00,1008.51609506906,60.866439335193746
 02/01  12:30:00,1242.7964491122184,63.22264506911479
 02/01  12:45:00,1390.1009434484488,62.87611818018927
 02/01  13:00:00,1603.38924679085,62.60338674672926
 02/01  13:15:00,1796.9611799084514,62.38482813328175
 02/01  13:30:00,1828.1475615331676,62.22476999717281
 02/01  13:45:00,1842.966457800555,64.44390976481446
 02/01  14:00:00,1858.948815606103,66.78452088283002
 02/01  14:15:00,1857.9847304870343,69.30123764975637
 02/01  14:30:00,1849.5301643975088,72.04935093114135
 02/01  14:45:00,1852.6812473466364,68.78822482010955
 02/01  15:00:00,1862.4901240300512,65.67242320543191
 02/01  15:15:00,1869.22476810988,62.69668643935881
 02/01  15:30:00,1867.0025683514111,59.905227273179634
 02/01  15:45:00,1868.302801695672,48.410320287361365
 02/01  16:00:00,1882.07722145206,37.134573784985655
 02/01  16:15:00,4183.870154090188,27.045426413739833
 02/01  16:30:00,3806.537566508589,17.497163032057397
 02/01  16:45:00,3435.02520243761,13.310774161160504
 02/01  17:00:00,3304.640654659633,9.121318049591196
 02/01  17:15:00,7977.097998848396,4.934388878161776
 02/01  17:30:00,7844.070983390753,0.0
 02/01  17:45:00,4448.954601842501,0.0
 02/01  18:00:00,3724.72710172684,0.0
 02/01  18:15:00,3498.996859630945,0.0
 02/01  18:30:00,5028.848605685172,0.0
 02/01  18:45:00,6729.867623016424,0.0
 02/01  19:00:00,6676.3834578589085,0.0
 02/01  19:15:00,5399.059911120339,0.0
 02/01  19:30:00,4817.16514781942,0.0
 02/01  19:45:00,3346.015534889062,0.0
 02/01  20:00:00,3408.9039144969347,0.0
 02/01  20:15:00,3431.593395324462,0.0
 02/01  20:30:00,3412.834145142236,0.0
 02/01  20:45:00,3430.4514167089515,0.0
 02/01  21:00:00,3457.8750187905675,0.0
 02/01  21:15:00,3451.6234514790835,0.0
 02/01  21:30:00,3410.04816319128,0.0
 02/01  21:45:00,3405.6415928268884,0.0
 02/01  22:00:00,3441.6433185745022,0.0
 02/01  22:15:00,3446.5006243303624,0.0
 02/01  22:30:00,3418.579217912272,0.0
 02/01  22:45:00,3398.668726509028,0.0
 02/01  23:00:00,3413.830409409814,0.0
 02/01  23:15:00,1079.1117787764103,0.0
 02/01  23:30:00,1046.4361637534566,0.0
 02/01  23:45:00,1141.1475617780438,0.0
 02/01  24:00:00,1273.9044923972426,0.0
 02/02  00:15:00,2902.6267984906585,0.0
 02/02  00:30:00,1946.0523074502996,0.0
 02/02  00:45:00,1286.351541651202,0.0
 02/02  01:00:00,1460.2233834128683,0.0
 02/02  01:15:00,1442.02960885288,0.0
 02/02  01:30:00,1477.9073650040082,0.0
 02/02  01:45:00,1492.7433244763326,0.0
 02/02  02:00:00,1492.6750952972966,0.0
 02/02  02:15:00,1502.8448402824158,0.0
 02/02  02:30:00,1521.6557549917875,0.0
 02/02  02:45:00,1530.834947846019,0.0
 02/02  03:00:00,1527.963861446997,0.0
 02/02  03:15:00,1531.7488751549888,0.0
 02/02  03:30:00,1546.549766039599,0.0
 02/02  03:45:00,1555.1377036319066,0.0
 02/02  04:00:00,1560.4991690182355,0.0
 02/02  04:15:00,1554.4673846603444,0.0
 02/02  04:30:00,1564.2322552532594,0.0
 02/02  04:45:00,1576.2760271778052,0.0
 02/02  05:00:00,1582.9120252379455,0.0
 02/02  05:15:00,1579.063176854496,0.0
 02/02  05:30:00,1580.9875164895789,0.0
 02/02  05:45:00,1589.012531911536,0.0
 02/02  06:00:00,1598.7667235797214,0.0
 02/02  06:15:00,1609.577097860675,0.0
 02/02  06:30:00,1705.0631860617616,0.0
 02/02  06:45:00,1573.2957212610827,0.0
 02/02  07:00:00,1641.1763205785053,0.0
 02/02  07:15:00,1601.8599694018108,0.0
 02/02  07:30:00,1603.761108036102,0.0
 02/02  07:45:00,1593.633135732111,0.0
 02/02  08:00:00,1595.9750786361942,0.0
 02/02  08:15:00,1608.6813382532648,0.0
 02/02  08:30:00,3310.416808378884,3.9392900668115
 02/02  08:45:00,3403.549519760585,7.4870886621017565
 02/02  09:00:00,4585.04890197341,10.639545314629215
 02/02  09:15:00,2563.896475996198,14.061216836992655
 02/02  09:30:00,2727.7015628987024,17.48545023200966
 02/02  09:45:00,4693.550182286849,22.634313973036896
 02/02  10:00:00,4547.93746535881,27.78497776953031
 02/02  10:15:00,3103.613498820904,32.92520248742718
 02/02  10:30:00,3155.141259141603,38.06369533962573
 02/02  10:45:00,3164.8843778351866,42.24299299915509
 02/02  11:00:00,3143.695035140291,46.531920837353965
 02/02  11:15:00,3111.496165166339,51.092917508835335
 02/02  11:30:00,3112.493403936673,55.7160752500628
 02/02  11:45:00,3149.588223774191,57.86588302568509
 02/02  12:00:00,3145.266395369412,60.08649682637746
 02/02  12:15:00,2604.134500947001,62.36889183260626
 02/02  12:30:00,2616.938829662028,64.71317452667768
 02/02  12:45:00,2645.5045183435764,76.68761657149464
 02/02  13:00:00,2666.776717015542,89.094526163606
 02/02  13:15:00,3224.4098155580145,101.99336275796183
 02/02  13:30:00,3091.125009167611,115.49969043646838
 02/02  13:45:00,3062.738602223741,98.55435021084575
 02/02  14:00:00,3095.972110346444,82.57156971332034
 02/02  14:15:00,3086.2596411767827,67.31807158036703
 02/02  14:30:00,3042.9382737160536,52.62346943572915
 02/02  14:45:00,3031.50561550641,47.986183611606236
 02/02  15:00:00,3056.242856676197,43.61036449657482
 02/02  15:15:00,3076.882740607932,39.24440940588285
 02/02  15:30:00,3063.0299088499783,34.88025962268586
 02/02  15:45:00,3028.0247585888064,29.564927139309233
 02/02  16:00:00,3026.180103499461,24.252953309165992
 02/02  16:15:00,3486.044813160389,18.93785416999601
 02/02  16:30:00,3485.605338459612,13.625044968319779
 02/02  16:45:00,3146.7789915941084,10.78461059951168
 02/02  17:00:00,3020.933320360205,7.943380999387938
 02/02  17:15:00,3042.8397162714427,5.103758597027393
 02/02  17:30:00,7997.305916576941,0.0
 02/02  17:45:00,7935.866289876417,0.0
 02/02  18:00:00,4364.043772132923,0.0
 02/02  18:15:00,3293.0227257843067,0.0
 02/02  18:30:00,3272.1864753820787,0.0
 02/02  18:45:00,6459.269344144791,0.0
 02/02  19:00:00,6474.895342560436,0.0
 02/02  19:15:00,5220.528615853465,0.0
 02/02  19:30:00,4639.651224488518,0.0
 02/02  19:45:00,3705.0738887274847,0.0
 02/02  20:00:00,3277.204124749751,0.0
 02/02  20:15:00,8135.798070727014,0.0
 02/02  20:30:00,6808.810811810144,0.0
 02/02  20:45:00,3624.4049643516746,0.0
 02/02  21:00:00,3303.5279236262368,0.0
 02/02  21:15:00,3282.4099270966776,0.0
 02/02  21:30:00,3230.406510492356,0.0
 02/02  21:45:00,3227.6895256619496,0.0
 02/02  22:00:00,3263.944958417874,0.0
 02/02  22:15:00,3268.199084772777,0.0
 02/02  22:30:00,3238.5103590505623,0.0
 02/02  22:45:00,3218.4856143606858,0.0
 02/02  23:00:00,3232.488203793337,0.0
 02/02  23:15:00,2716.528044800793,0.0
 02/02  23:30:00,557.5060531767556,0.0
 02/02  23:45:00,632.2118323833372,0.0
 02/02  24:00:00,707.180590364077,0.0
 02/03  00:15:00,2512.086373465412,0.0
 02/03  00:30:00,2386.2702893991463,0.0
 02/03  00:45:00,753.1359355873485,0.0
 02/03  01:00:00,782.321347190979,0.0
 02/03  01:15:00,820.8138044496345,0.0
 02/03  01:30:00,915.0834839840222,0.0
 02/03  01:45:00,981.6385697618346,0.0
 02/03  02:00:00,990.4039758514482,0.0
 02/03  02:15:00,1007.2906656499488,0.0
 02/03  02:30:00,1030.0058786080704,0.0
 02/03  02:45:00,1046.7975765977303,0.0
 02/03  03:00:00,1057.0449498553724,0.0
 02/03  03:15:00,1072.3275134063003,0.0
 02/03  03:30:00,1094.0658411853842,0.0
 02/03  03:45:00,1114.6831745529155,0.0
 02/03  04:00:00,1127.6808824706393,0.0
 02/03  04:15:00,1139.143315273138,0.0
 02/03  04:30:00,1158.5332900399656,0.0
 02/03  04:45:00,1184.6502757837347,0.0
 02/03  05:00:00,1202.1277520428816,0.0
 02/03  05:15:00,1214.7807739954883,0.0
 02/03  05:30:00,1231.2282127455674,0.0
 02/03  05:45:00,1252.7225866958247,0.0
 02/03  06:00:00,1277.8273692011585,0.0
 02/03  06:15:00,1291.8200029416516,0.0
 02/03  06:30:00,1442.3409871492856,0.0
 02/03  06:45:00,1222.6765587371924,0.0
 02/03  07:00:00,1358.4244796837677,0.0
 02/03  07:15:00,1301.7463933331414,0.0
 02/03  07:30:00,1317.0241778612165,0.0
 02/03  07:45:00,1316.3417397881992,0.0
 02/03  08:00:00,1326.1322413093249,0.0
 02/03  08:15:00,1340.8750898199912,0.0
 02/03  08:30:00,3162.095029649465,3.958164925983141
 02/03  08:45:00,3200.6531478574107,10.488698249820489
 02/03  09:00:00,4439.930380437475,17.00894046168654
 02/03  09:15:00,2388.679099184195,23.858228722644974
 02/03  09:30:00,2529.758797040994,30.558040190692186
 02/03  09:45:00,4586.754870981293,40.59832550324554
 02/03  10:00:00,4443.760823441016,50.62522823502264
 02/03  10:15:00,2987.089974523052,60.722880513025416
 02/03  10:30:00,3035.5513466750976,70.91684568613607
 02/03  10:45:00,3044.048079171077,66.37952927625791
 02/03  11:00:00,3026.604933093024,62.66734780165599
 02/03  11:15:00,2993.4899336168287,59.44896972547581
 02/03  11:30:00,2995.44899157,56.57809871363919
 02/03  11:45:00,3030.8484948799774,58.721486957840085
 02/03  12:00:00,3025.94475975476,60.91683699981127
 02/03  12:15:00,2483.507792792523,63.18096179140446
 02/03  12:30:00,2497.54638401624,65.50590274522317
 02/03  12:45:00,2530.4288449643773,65.13589920047252
 02/03  13:00:00,2555.4914455132616,64.83598061851323
 02/03  13:15:00,3121.830320845998,64.60063882467385
 02/03  13:30:00,2995.1464596517644,64.4238680616649
 02/03  13:45:00,2971.205514296815,61.572649577770406
 02/03  14:00:00,3005.762475822969,58.79247509575221
 02/03  14:15:00,2991.9468037011666,56.076102782795125
 02/03  14:30:00,2942.7670835787776,53.41502101283828
 02/03  14:45:00,2927.6814171333253,48.69354790468408
 02/03  15:00:00,2948.427557024047,44.31692280103046
 02/03  15:15:00,2968.743028409384,39.93494078097084
 02/03  15:30:00,2954.638970728113,35.556737246191396
 02/03  15:45:00,2919.258915628,30.23283482423493
 02/03  16:00:00,2918.287007413707,24.916731097890736
 02/03  16:15:00,3377.60029056664,19.61527902177364
 02/03  16:30:00,3376.928453888458,14.319490474259949
 02/03  16:45:00,3037.3876524006787,11.110049614482683
 02/03  17:00:00,2911.7277443267512,7.902629053850916
 02/03  17:15:00,2933.1292040899066,4.698556841585904
 02/03  17:30:00,7995.503810309921,0.0
 02/03  17:45:00,7713.149985636133,0.0
 02/03  18:00:00,4206.760628306572,0.0
 02/03  18:15:00,3186.9516228612456,0.0
 02/03  18:30:00,3137.7492428724413,0.0
 02/03  18:45:00,6327.099884555667,0.0
 02/03  19:00:00,6334.253179532592,0.0
 02/03  19:15:00,5073.290222058953,0.0
 02/03  19:30:00,4486.0187301851465,0.0
 02/03  19:45:00,3435.1287796304714,0.0
 02/03  20:00:00,3108.0457826088,0.0
 02/03  20:15:00,8132.639477888486,0.0
 02/03  20:30:00,6654.281961624413,0.0
 02/03  20:45:00,3493.473009866894,0.0
 02/03  21:00:00,3130.737218400888,0.0
 02/03  21:15:00,3095.8899992335914,0.0
 02/03  21:30:00,3048.2021325689734,0.0
 02/03  21:45:00,3045.35830844424,0.0
 02/03  22:00:00,3083.059377123784,0.0
 02/03  22:15:00,3085.882808158231,0.0
 02/03  22:30:00,3055.6052797638963,0.0
 02/03  22:45:00,3034.507767811709,0.0
 02/03  23:00:00,3046.9935624860304,0.0
 02/03  23:15:00,2576.117829543102,0.0
 02/03  23:30:00,390.0088438366956,0.0
 02/03  23:45:00,417.1865376766528,0.0
 02/03  24:00:00,472.5648009238424,0.0
 02/04  00:15:00,671.693610289172,0.0
 02/04  00:30:00,1509.2920987436305,0.0
 02/04  00:45:00,707.6470568159925,0.0
 02/04  01:00:00,712.6261215828695,0.0
 02/04  01:15:00,744.9960615024744,0.0
 02/04  01:30:00,778.3703264230198,0.0
 02/04  01:45:00,775.2110752101842,0.0
 02/04  02:00:00,742.8223240997727,0.0
 02/04  02:15:00,1671.3730766441272,0.0
 02/04  02:30:00,1979.892478695861,0.0
 02/04  02:45:00,790.6345453038108,0.0
 02/04  03:00:00,759.9190466939816,0.0
 02/04  03:15:00,736.0968250358511,0.0
 02/04  03:30:00,723.336984523391,0.0
 02/04  03:45:00,755.8894530648441,0.0
 02/04  04:00:00,751.8423240687501,0.0
 02/04  04:15:00,714.412039663046,0.0
 02/04  04:30:00,715.0934953177036,0.0
 02/04  04:45:00,756.3282470397496,0.0
 02/04  05:00:00,764.843594139223,0.0
 02/04  05:15:00,738.0126200596666,0.0
 02/04  05:30:00,723.4179881560734,0.0
 02/04  05:45:00,742.0803293681325,0.0
 02/04  06:00:00,772.9763186742254,0.0
 02/04  06:15:00,788.8417502037386,0.0
 02/04  06:30:00,1007.287229342602,0.0
 02/04  06:45:00,773.6562547697634,0.0
 02/04  07:00:00,773.0796370331577,0.0
 02/04  07:15:00,773.5071001206574,0.0
 02/04  07:30:00,798.3177899600641,0.0
 02/04  07:45:00,767.7162147193347,0.0
 02/04  08:00:00,798.0435698554305,0.0
 02/04  08:15:00,807.2513316163162,0.0
 02/04  08:30:00,821.6399669984239,2.3427129740818065
 02/04  08:45:00,3307.212146173317,6.203121249126755
 02/04  09:00:00,4214.786706065758,10.15698919967822
 02/04  09:15:00,2226.134246640391,14.114868128401259
 02/04  09:30:00,2347.8018266313466,18.075439608990184
 02/04  09:45:00,2360.605507972707,23.366112419209617
 02/04  10:00:00,4370.650733190717,28.660409951295733
 02/04  10:15:00,2834.484230545102,33.94545460414789
 02/04  10:30:00,2872.1994608526147,39.2307179447117
 02/04  10:45:00,2864.823498926929,43.37662154293533
 02/04  11:00:00,2841.3846534973745,47.7176929876061
 02/04  11:15:00,7948.056607961242,52.26311641488101
 02/04  11:30:00,6773.772703951883,56.87500827181566
 02/04  11:45:00,3618.153807234363,59.04409089140498
 02/04  12:00:00,2897.3298856928614,61.27966965434611
 02/04  12:15:00,462.3485252664415,63.52901979798428
 02/04  12:30:00,552.6922149508304,65.83739530955162
 02/04  12:45:00,642.7505358524387,71.67137515654274
 02/04  13:00:00,704.4220744112336,77.66475014857178
 02/04  13:15:00,717.2046267685997,83.87100689915155
 02/04  13:30:00,703.7644080048561,90.33474154447077
 02/04  13:45:00,715.0482118598511,91.57559236720377
 02/04  14:00:00,759.2718874361954,93.00128456319415
 02/04  14:15:00,755.8077262975853,94.6445409158539
 02/04  14:30:00,716.3988293716509,96.56709510024666
 02/04  14:45:00,704.9072020541472,91.93701045302699
 02/04  15:00:00,727.2828754455103,87.46016483514732
 02/04  15:15:00,746.0554720337948,83.12773160800339
 02/04  15:30:00,731.3885264038413,78.96114270868529
 02/04  15:45:00,697.6694745037133,67.68966020712054
 02/04  16:00:00,699.0058517529495,56.612472500115
 02/04  16:15:00,3959.8600535806863,45.70098775080865
 02/04  16:30:00,3303.7806094084053,34.90321933212904
 02/04  16:45:00,2907.9314597438483,26.664090021692175
 02/04  17:00:00,2773.447947728762,18.373689334988267
 02/04  17:15:00,7967.82129914879,11.042211690067596
 02/04  17:30:00,6699.163021267415,3.8766502461597883
 02/04  17:45:00,3610.131668680992,0.0
 02/04  18:00:00,3209.090331986803,0.0
 02/04  18:15:00,2963.8251817765986,0.0
 02/04  18:30:00,4517.495109831734,0.0
 02/04  18:45:00,6218.736897577036,0.0
 02/04  19:00:00,6159.51606449029,0.0
 02/04  19:15:00,4882.118046408525,0.0
 02/04  19:30:00,4300.895537133461,0.0
 02/04  19:45:00,2809.803040123027,0.0
 02/04  20:00:00,2870.640424346657,0.0
 02/04  20:15:00,2891.3512111552827,0.0
 02/04  20:30:00,2869.408631361569,0.0
 02/04  20:45:00,2883.00609097576,0.0
 02/04  21:00:00,2907.690056712788,0.0
 02/04  21:15:00,2898.344111857062,0.0
 02/04  21:30:00,2854.7317830394086,0.0
 02/04  21:45:00,2849.779326895418,0.0
 02/04  22:00:00,2884.3268915386734,0.0
 02/04  22:15:00,2889.81994091391,0.0
 02/04  22:30:00,2861.8849257826823,0.0
 02/04  22:45:00,2843.7830866228915,0.0
 02/04  23:00:00,2858.961064167502,0.0
 02/04  23:15:00,519.1797942651853,0.0
 02/04  23:30:00,405.5560724741444,0.0
 02/04  23:45:00,413.5357112391386,0.0
 02/04  24:00:00,453.1610921818892,0.0
 02/05  00:15:00,533.2038863986545,0.0
 02/05  00:30:00,559.8339342342292,0.0
 02/05  00:45:00,546.3008097149836,0.0
 02/05  01:00:00,547.0604777727434,0.0
 02/05  01:15:00,576.356251640314,0.0
 02/05  01:30:00,608.314485588315,0.0
 02/05  01:45:00,605.8162490950002,0.0
 02/05  02:00:00,575.7534824395564,0.0
 02/05  02:15:00,580.7475439762794,0.0
 02/05  02:30:00,626.9242732499218,0.0
 02/05  02:45:00,633.7151294084503,0.0
 02/05  03:00:00,606.7954938884648,0.0
 02/05  03:15:00,594.1653052736182,0.0
 02/05  03:30:00,617.1421148211031,0.0
 02/05  03:45:00,646.7080975387872,0.0
 02/05  04:00:00,644.7317790400359,0.0
 02/05  04:15:00,608.0957675071357,0.0
 02/05  04:30:00,611.2731351744269,0.0
 02/05  04:45:00,654.981264254159,0.0
 02/05  05:00:00,664.3994981549554,0.0
 02/05  05:15:00,640.4830197369233,0.0
 02/05  05:30:00,626.425438843129,0.0
 02/05  05:45:00,645.3931308977983,0.0
 02/05  06:00:00,680.2121761998555,0.0
 02/05  06:15:00,698.4806524646801,0.0
 02/05  06:30:00,921.7769071895214,0.0
 02/05  06:45:00,690.691409989108,0.0
 02/05  07:00:00,694.1956472294665,0.0
 02/05  07:15:00,695.1895237999374,0.0
 02/05  07:30:00,696.1495177520777,0.0
 02/05  07:45:00,652.0374365223837,0.0
 02/05  08:00:00,668.6134427017172,0.0
 02/05  08:15:00,707.2582676525849,0.0
 02/05  08:30:00,723.0964810927294,4.7030438663244984
 02/05  08:45:00,3264.239443037329,11.181256067046903
 02/05  09:00:00,4144.066807691893,18.54173304853884
 02/05  09:15:00,2154.985798604648,25.785714469389326
 02/05  09:30:00,2260.4414774913093,32.94590801854318
 02/05  09:45:00,2257.6917670985304,43.14053526423501
 02/05  10:00:00,4268.778000810594,53.354340241540115
 02/05  10:15:00,2743.8213298108394,63.688491954826134
 02/05  10:30:00,2784.054502064649,74.14735490838666
 02/05  10:45:00,2780.7946485092425,82.07706368430144
 02/05  11:00:00,2761.649663042953,90.21985658457751
 02/05  11:15:00,7946.092269876684,98.58039805113019
 02/05  11:30:00,6599.779886818869,107.15786120275992
 02/05  11:45:00,3522.110902018495,111.43551761816634
 02/05  12:00:00,2823.5519031196845,115.96984348148133
 02/05  12:15:00,403.8248890907975,120.71383600364864
 02/05  12:30:00,484.2794911086092,125.66527237425827
 02/05  12:45:00,576.2116153805563,124.60554568839744
 02/05  13:00:00,646.5258771432898,123.76010583619637
 02/05  13:15:00,670.2865431231314,123.13432085116948
 02/05  13:30:00,668.4582938456392,122.6885994644051
 02/05  13:45:00,692.4213466006802,117.22111931424807
 02/05  14:00:00,748.9916240358385,111.97095475884001
 02/05  14:15:00,759.5001485531616,106.91176731687274
 02/05  14:30:00,732.7477537491288,102.05413194656764
 02/05  14:45:00,734.9155379571232,93.16329276868386
 02/05  15:00:00,770.4404625285192,84.46173462663909
 02/05  15:15:00,802.3844619679221,75.91654287891518
 02/05  15:30:00,809.6479526494674,67.51079575964027
 02/05  15:45:00,806.4143342549525,56.77882430976423
 02/05  16:00:00,841.2847753314022,46.17736199738825
 02/05  16:15:00,4001.723258587522,35.655867030561076
 02/05  16:30:00,3383.000459861561,26.133800575918226
 02/05  16:45:00,2987.924283593705,20.345682357925472
 02/05  17:00:00,2852.191899785618,14.56604295458302
 02/05  17:15:00,7969.725642810084,8.798508893326979
 02/05  17:30:00,6860.944876357253,3.174709080185842
 02/05  17:45:00,3704.106588875181,0.0
 02/05  18:00:00,3276.5746546307832,0.0
 02/05  18:15:00,3029.252949901578,0.0
 02/05  18:30:00,4575.922783755837,0.0
 02/05  18:45:00,6255.765694743401,0.0
 02/05  19:00:00,6201.989555216993,0.0
 02/05  19:15:00,4936.668921605599,0.0
 02/05  19:30:00,4360.939450667056,0.0
 02/05  19:45:00,2874.240400301036,0.0
 02/05  20:00:00,2939.795824428673,0.0
 02/05  20:15:00,2964.06406621286,0.0
 02/05  20:30:00,2946.0955983398003,0.0
 02/05  20:45:00,2964.051131133862,0.0
 02/05  21:00:00,2992.812941626135,0.0
 02/05  21:15:00,2990.86510426651,0.0
 02/05  21:30:00,2955.186989863933,0.0
 02/05  21:45:00,2958.196805269332,0.0
 02/05  22:00:00,3001.9758665519457,0.0
 02/05  22:15:00,3005.0965259010577,0.0
 02/05  22:30:00,2974.526736269981,0.0
 02/05  22:45:00,2951.8799623954665,0.0
 02/05  23:00:00,2962.396236706963,0.0
 02/05  23:15:00,589.7241999684776,0.0
 02/05  23:30:00,502.3276674413648,0.0
 02/05  23:45:00,521.2335251195157,0.0
 02/05  24:00:00,572.209401403112,0.0
 02/06  00:15:00,1441.3544324016127,0.0
 02/06  00:30:00,640.2968345392728,0.0
 02/06  00:45:00,810.1701094130315,0.0
 02/06  01:00:00,662.2045898772866,0.0
 02/06  01:15:00,703.1414382866927,0.0
 02/06  01:30:00,741.4953248841707,0.0
 02/06  01:45:00,734.2068074790857,0.0
 02/06  02:00:00,699.3916125073725,0.0
 02/06  02:15:00,705.7323034733312,0.0
 02/06  02:30:00,756.7357410405855,0.0
 02/06  02:45:00,782.8363138114183,0.0
 02/06  03:00:00,764.0745612536607,0.0
 02/06  03:15:00,789.0694031938465,0.0
 02/06  03:30:00,808.7495233087639,0.0
 02/06  03:45:00,832.5310710886565,0.0
 02/06  04:00:00,835.1368557680465,0.0
 02/06  04:15:00,828.9120647135283,0.0
 02/06  04:30:00,842.1375139919776,0.0
 02/06  04:45:00,848.1908307011682,0.0
 02/06  05:00:00,853.9186685284787,0.0
 02/06  05:15:00,883.3311172498825,0.0
 02/06  05:30:00,917.5323812657616,0.0
 02/06  05:45:00,955.5899851675214,0.0
 02/06  06:00:00,994.0395714492668,0.0
 02/06  06:15:00,1025.0563619139173,0.0
 02/06  06:30:00,1251.7460506535183,0.0
 02/06  06:45:00,1022.2929240473096,0.0
 02/06  07:00:00,1094.471197183288,0.0
 02/06  07:15:00,1128.814767768777,0.0
 02/06  07:30:00,1114.3980625544705,0.0
 02/06  07:45:00,1123.3877483163362,0.0
 02/06  08:00:00,1135.9377635110673,0.0
 02/06  08:15:00,1146.21817238897,0.0
 02/06  08:30:00,1147.0072332590455,7.1592391516484035
 02/06  08:45:00,3498.261381427074,42.43769281569392
 02/06  09:00:00,4310.664409299841,81.76863055008658
 02/06  09:15:00,2280.5737786519376,118.69135376844008
 02/06  09:30:00,2409.288993676168,172.16909027629308
 02/06  09:45:00,2417.257950108828,207.1396955028889
 02/06  10:00:00,4420.417199179772,256.24954235096305
 02/06  10:15:00,2869.1927600432205,307.2656672477903
 02/06  10:30:00,2892.713940439908,359.9041731251886
 02/06  10:45:00,2877.046413131484,357.3969314169844
 02/06  11:00:00,2849.669505712717,351.7027038967836
 02/06  11:15:00,7947.151965449204,326.83082222606066
 02/06  11:30:00,6620.737405397997,313.2382855508941
 02/06  11:45:00,3506.4121630249574,275.0417076089179
 02/06  12:00:00,2768.4901820336568,220.10601268726614
 02/06  12:15:00,374.26421389776647,181.73073457391652
 02/06  12:30:00,480.1807579653661,128.78248228965944
 02/06  12:45:00,603.7561904832869,127.97719616354867
 02/06  13:00:00,708.1714892022584,127.11604396046194
 02/06  13:15:00,741.373427083151,126.04189604954963
 02/06  13:30:00,744.7923816065913,125.13989225754312
 02/06  13:45:00,774.8277028954612,172.05247309178037
 02/06  14:00:00,801.8560127773784,204.3116132778525
 02/06  14:15:00,772.051345126615,250.95663824508745
 02/06  14:30:00,701.8956590054512,279.48485812663574
 02/06  14:45:00,664.0782207076236,286.144931881457
 02/06  15:00:00,655.3118793218093,305.816460407442
 02/06  15:15:00,658.940046901388,308.5725332936051
 02/06  15:30:00,627.5812498005155,308.9283846627114
 02/06  15:45:00,596.1948743502836,255.1842920098273
 02/06  16:00:00,606.9767904335048,204.48080947572154
 02/06  16:15:00,3921.412979338384,145.94404699246454
 02/06  16:30:00,3246.1018732968787,103.04893711770376
 02/06  16:45:00,2870.535814292159,76.24646263451316
 02/06  17:00:00,2751.647988629478,50.82539165152576
 02/06  17:15:00,7967.521122414067,25.485477087632976
 02/06  17:30:00,6703.749778361738,3.156658674344454
 02/06  17:45:00,3618.148487680816,0.0
 02/06  18:00:00,3222.7037042128004,0.0
 02/06  18:15:00,2984.7539495544643,0.0
 02/06  18:30:00,4542.395590721122,0.0
 02/06  18:45:00,6232.442111355074,0.0
 02/06  19:00:00,6185.912699317228,0.0
 02/06  19:15:00,4922.6939954853615,0.0
 02/06  19:30:00,4347.84502851925,0.0
 02/06  19:45:00,2860.302421469772,0.0
 02/06  20:00:00,2925.1735302746893,0.0
 02/06  20:15:00,2947.5500790852616,0.0
 02/06  20:30:00,2927.141417126123,0.0
 02/06  20:45:00,2942.731302473529,0.0
 02/06  21:00:00,2969.2526103388614,0.0
 02/06  21:15:00,2963.904924796158,0.0
 02/06  21:30:00,2924.372871042989,0.0
 02/06  21:45:00,2923.344444718962,0.0
 02/06  22:00:00,2963.1776029284115,0.0
 02/06  22:15:00,2965.002727508808,0.0
 02/06  22:30:00,2933.469952215703,0.0
 02/06  22:45:00,2910.1947395854368,0.0
 02/06  23:00:00,2920.686401444311,0.0
 02/06  23:15:00,554.5800454876558,0.0
 02/06  23:30:00,451.1507016078896,0.0
 02/06  23:45:00,460.95617938914336,0.0
 02/06  24:00:00,504.9415135777698,0.0
 02/07  00:15:00,582.9272349918119,0.0
 02/07  00:30:00,607.1999862988157,0.0
 02/07  00:45:00,589.0724333700133,0.0
 02/07  01:00:00,587.2874540758881,0.0
 02/07  01:15:00,615.101986822536,0.0
 02/07  01:30:00,646.4908077606644,0.0
 02/07  01:45:00,643.5159192687664,0.0
 02/07  02:00:00,611.8989283452785,0.0
 02/07  02:15:00,626.7915077924705,0.0
 02/07  02:30:00,683.4284595530727,0.0
 02/07  02:45:00,701.0300756534141,0.0
 02/07  03:00:00,684.9956165446738,0.0
 02/07  03:15:00,671.9697653137871,0.0
 02/07  03:30:00,691.2149242480879,0.0
 02/07  03:45:00,721.267302328181,0.0
 02/07  04:00:00,716.7670627751786,0.0
 02/07  04:15:00,685.2695023366947,0.0
 02/07  04:30:00,736.0899616327272,0.0
 02/07  04:45:00,744.4707901784202,0.0
 02/07  05:00:00,759.6123412081107,0.0
 02/07  05:15:00,772.8962699974227,0.0
 02/07  05:30:00,806.192274261093,0.0
 02/07  05:45:00,825.3324099888476,0.0
 02/07  06:00:00,853.8725309204964,0.0
 02/07  06:15:00,903.1642917956958,0.0
 02/07  06:30:00,1147.3339701433674,0.0
 02/07  06:45:00,934.360620311328,0.0
 02/07  07:00:00,1043.1777299064606,0.0
 02/07  07:15:00,1054.7152715301831,0.0
 02/07  07:30:00,1038.5328707977235,0.0
 02/07  07:45:00,1046.582685230682,0.0
 02/07  08:00:00,1054.852572291857,0.0
 02/07  08:15:00,1089.6844214910554,0.0
 02/07  08:30:00,1110.8710292960543,11.194919683216325
 02/07  08:45:00,3514.16465848914,13.584562704997452
 02/07  09:00:00,4342.125926784812,15.867913360313233
 02/07  09:15:00,2326.7449554695568,18.36318104555747
 02/07  09:30:00,2472.3897053799037,20.86137691680273
 02/07  09:45:00,2479.07843344831,26.47066980514441
 02/07  10:00:00,4502.000788985603,32.07676034012698
 02/07  10:15:00,2972.927887848421,37.72295265551585
 02/07  10:30:00,3018.107280255032,43.378762467131445
 02/07  10:45:00,3018.5077713269584,47.82746004382764
 02/07  11:00:00,3002.31435272018,52.44037631579059
 02/07  11:15:00,7949.966015350921,57.082290451862356
 02/07  11:30:00,7539.525256763305,61.78716092703925
 02/07  11:45:00,3914.1788070314574,64.2213764116468
 02/07  12:00:00,3066.959809687483,66.7223534999179
 02/07  12:15:00,634.5613441074927,69.28329676339338
 02/07  12:30:00,760.8093142191236,71.90499291049862
 02/07  12:45:00,863.2055246514759,85.67798700940675
 02/07  13:00:00,920.1468381265264,99.9026045779371
 02/07  13:15:00,1024.984691043105,114.6839728023848
 02/07  13:30:00,1085.8582772930465,130.1603948329217
 02/07  13:45:00,1112.648188007107,124.06530643489623
 02/07  14:00:00,1124.6650847469757,118.23845096476117
 02/07  14:15:00,1138.7815145560191,112.57141682598422
 02/07  14:30:00,1137.4856428448702,107.14035183189952
 02/07  14:45:00,1152.2646050079968,89.14778600379015
 02/07  15:00:00,1176.4838514723992,71.81702433127262
 02/07  15:15:00,1241.3833573980714,55.24105375755694
 02/07  15:30:00,1302.326472890068,40.21674128039862
 02/07  15:45:00,1348.702732280515,37.56531970021976
 02/07  16:00:00,1398.7130228021615,34.89782327177543
 02/07  16:15:00,4097.797105403931,32.188564724079235
 02/07  16:30:00,3600.717589927068,29.483600846419105
 02/07  16:45:00,3216.803313748839,23.263695972778066
 02/07  17:00:00,3089.37137643954,17.048911836165406
 02/07  17:15:00,7974.001458367427,10.834364732523579
 02/07  17:30:00,7489.062112400157,4.8151462467869095
 02/07  17:45:00,4012.889069701449,0.0
 02/07  18:00:00,3545.531737416139,0.0
 02/07  18:15:00,3311.9765099110487,0.0
 02/07  18:30:00,4856.410988445405,0.0
 02/07  18:45:00,6545.778940619678,0.0
 02/07  19:00:00,6504.658428334706,0.0
 02/07  19:15:00,5242.971625552313,0.0
 02/07  19:30:00,4668.47053821186,0.0
 02/07  19:45:00,3192.614191962721,0.0
 02/07  20:00:00,3263.279566579544,0.0
 02/07  20:15:00,3288.674019167338,0.0
 02/07  20:30:00,3272.511626000776,0.0
 02/07  20:45:00,3292.053925620818,0.0
 02/07  21:00:00,3322.80151365659,0.0
 02/07  21:15:00,3318.920101379756,0.0
 02/07  21:30:00,3280.7567987838597,0.0
 02/07  21:45:00,3280.5345048499407,0.0
 02/07  22:00:00,3320.566101953149,0.0
 02/07  22:15:00,3328.290115500816,0.0
 02/07  22:30:00,3301.3136596163918,0.0
 02/07  22:45:00,3284.3912771002883,0.0
 02/07  23:00:00,3299.765200523956,0.0
 02/07  23:15:00,935.0987712952704,0.0
 02/07  23:30:00,890.0013523990906,0.0
 02/07  23:45:00,970.0193081454956,0.0
 02/07  24:00:00,1228.1628911694356,0.0
 02/08  00:15:00,2976.894500531028,0.0
 02/08  00:30:00,2226.4965047564515,0.0
 02/08  00:45:00,2472.65335887999,0.0
 02/08  01:00:00,1140.7139644995032,0.0
 02/08  01:15:00,1233.2079757144388,0.0
 02/08  01:30:00,1304.102322157249,0.0
 02/08  01:45:00,1374.8946117978498,0.0
 02/08  02:00:00,1411.751398138895,0.0
 02/08  02:15:00,1417.789508517671,0.0
 02/08  02:30:00,1448.45466745018,0.0
 02/08  02:45:00,1459.7431749316968,0.0
 02/08  03:00:00,1463.8914969556074,0.0
 02/08  03:15:00,1487.77583414748,0.0
 02/08  03:30:00,1518.160050660208,0.0
 02/08  03:45:00,1545.966271494889,0.0
 02/08  04:00:00,1567.3443703690148,0.0
 02/08  04:15:00,1563.975636108272,0.0
 02/08  04:30:00,1577.0035809802323,0.0
 02/08  04:45:00,1592.9653684256473,0.0
 02/08  05:00:00,1600.5485126182386,0.0
 02/08  05:15:00,1627.0100985266558,0.0
 02/08  05:30:00,1657.6283548986546,0.0
 02/08  05:45:00,1693.396381237872,0.0
 02/08  06:00:00,1727.7294291078583,0.0
 02/08  06:15:00,1735.925546115738,0.0
 02/08  06:30:00,1834.879738281576,0.0
 02/08  06:45:00,1702.463171007881,0.0
 02/08  07:00:00,1767.22877717839,0.0
 02/08  07:15:00,1747.2348776747638,0.0
 02/08  07:30:00,1764.7181449714333,0.0
 02/08  07:45:00,1770.2933864225256,0.0
 02/08  08:00:00,1790.0707392912254,0.0
 02/08  08:15:00,1812.647734959824,0.0
 02/08  08:30:00,1827.393790933114,6.434269422897303
 02/08  08:45:00,3933.183546280346,27.387202464621023
 02/08  09:00:00,4750.486975475715,60.05262142302738
 02/08  09:15:00,2775.319884345868,85.65592234706996
 02/08  09:30:00,2941.6735234530024,112.99454895891425
 02/08  09:45:00,2924.723600255132,171.4455567683472
 02/08  10:00:00,4757.118855958785,225.4006012641079
 02/08  10:15:00,3180.268461734673,283.7442000492054
 02/08  10:30:00,3208.644904172012,345.76059945944013
 02/08  10:45:00,3204.8538670720304,378.0073622370178
 02/08  11:00:00,3174.996313677816,410.60709503125264
 02/08  11:15:00,7953.240851017372,442.5281739283386
 02/08  11:30:00,7476.780530459958,473.8963780270182
 02/08  11:45:00,3951.419660090141,493.43975452133185
 02/08  12:00:00,3140.3754611046693,527.2601279971881
 02/08  12:15:00,680.7821327327829,544.3390064365233
 02/08  12:30:00,787.1124591662463,545.2589189038457
 02/08  12:45:00,859.1690739451137,581.0478854793158
 02/08  13:00:00,891.7084905171291,598.9167054282857
 02/08  13:15:00,882.2560800947003,614.784982673983
 02/08  13:30:00,962.8403664632972,636.7467791440145
 02/08  13:45:00,933.1005437972864,549.8706031718057
 02/08  14:00:00,946.0813482870428,472.91874831926583
 02/08  14:15:00,968.071319378866,377.8900812509146
 02/08  14:30:00,990.8058002464528,288.37570060713654
 02/08  14:45:00,1000.7986680596986,263.47758714601565
 02/08  15:00:00,1008.7031708469442,238.52784832439986
 02/08  15:15:00,1030.909629651154,214.61095525152516
 02/08  15:30:00,1047.9217717301362,179.12587457269194
 02/08  15:45:00,1073.9724401931346,139.7562340373912
 02/08  16:00:00,1112.9059306649071,102.0516403505373
 02/08  16:15:00,4086.876063366023,66.21585910886387
 02/08  16:30:00,3580.1413865889563,30.119942512682577
 02/08  16:45:00,3201.866050481091,23.54763264553182
 02/08  17:00:00,3072.715772382845,16.953918527671647
 02/08  17:15:00,7974.386884772746,10.39626320380217
 02/08  17:30:00,7513.263811276362,3.84227018981338
 02/08  17:45:00,4004.100492617882,0.0
 02/08  18:00:00,3531.7554248855904,0.0
 02/08  18:15:00,3294.137260597632,0.0
 02/08  18:30:00,4838.906998329311,0.0
 02/08  18:45:00,6524.289810648037,0.0
 02/08  19:00:00,6478.747697550774,0.0
 02/08  19:15:00,5223.9642186139245,0.0
 02/08  19:30:00,4657.952793162594,0.0
 02/08  19:45:00,3189.7110047723727,0.0
 02/08  20:00:00,3269.5081948438287,0.0
 02/08  20:15:00,3289.8117911860622,0.0
 02/08  20:30:00,3267.0797579086784,0.0
 02/08  20:45:00,3280.414479133281,0.0
 02/08  21:00:00,3304.0378930926395,0.0
 02/08  21:15:00,3301.087891211845,0.0
 02/08  21:30:00,3262.799087745264,0.0
 02/08  21:45:00,3264.480840708245,0.0
 02/08  22:00:00,3306.547649804761,0.0
 02/08  22:15:00,3312.661184006856,0.0
 02/08  22:30:00,3286.551004376555,0.0
 02/08  22:45:00,3268.822066490955,0.0
 02/08  23:00:00,3284.5564081658827,0.0
 02/08  23:15:00,916.589819578484,0.0
 02/08  23:30:00,872.5634586518132,0.0
 02/08  23:45:00,968.278395762138,0.0
 02/08  24:00:00,1074.0475621920962,0.0
 02/09  00:15:00,2605.0662247033856,0.0
 02/09  00:30:00,1692.6899822189112,0.0
 02/09  00:45:00,1025.4730824219728,0.0
 02/09  01:00:00,1230.07557066405,0.0
 02/09  01:15:00,1227.2896128168725,0.0
 02/09  01:30:00,1270.7355194908146,0.0
 02/09  01:45:00,1305.7852495778477,0.0
 02/09  02:00:00,1323.9405274920096,0.0
 02/09  02:15:00,1346.9083904338672,0.0
 02/09  02:30:00,1381.351639315361,0.0
 02/09  02:45:00,1400.9493776885129,0.0
 02/09  03:00:00,1412.9624867697987,0.0
 02/09  03:15:00,1428.6785973861083,0.0
 02/09  03:30:00,1447.6008008651388,0.0
 02/09  03:45:00,1467.1982984903764,0.0
 02/09  04:00:00,1479.5025197805476,0.0
 02/09  04:15:00,1494.032989335782,0.0
 02/09  04:30:00,1519.262200114076,0.0
 02/09  04:45:00,1550.4784164006512,0.0
 02/09  05:00:00,1570.5445355882653,0.0
 02/09  05:15:00,1582.5438013406338,0.0
 02/09  05:30:00,1595.808184784261,0.0
 02/09  05:45:00,1619.331790323183,0.0
 02/09  06:00:00,1644.0078870391844,0.0
 02/09  06:15:00,1692.762007996453,0.0
 02/09  06:30:00,1786.1625052518082,0.0
 02/09  06:45:00,1746.9918423095005,0.0
 02/09  07:00:00,1797.0181360556037,0.0
 02/09  07:15:00,1793.443331731308,0.0
 02/09  07:30:00,1803.7667926723752,0.0
 02/09  07:45:00,1803.8005678630504,0.0
 02/09  08:00:00,1816.5352071540767,0.0
 02/09  08:15:00,1828.9943361697533,4.874206508428146
 02/09  08:30:00,3448.4765039264703,6.510101557962017
 02/09  08:45:00,3584.2986203546143,14.138890105580817
 02/09  09:00:00,4706.248241265255,22.99543352100068
 02/09  09:15:00,2730.171670031342,31.667859122693244
 02/09  09:30:00,2911.2605464862545,40.26203565511516
 02/09  09:45:00,4803.173001917787,41.12587720391082
 02/09  10:00:00,4654.508371659964,42.529843212154525
 02/09  10:15:00,3222.0553380749006,44.24823428453306
 02/09  10:30:00,3275.549159924125,46.141701766286644
 02/09  10:45:00,3288.7153566159,56.83731364011926
 02/09  11:00:00,3271.8912716976065,67.69420461059076
 02/09  11:15:00,3241.476987884308,78.70441844195972
 02/09  11:30:00,3240.762684331485,89.9181291257365
 02/09  11:45:00,3276.8306769274,100.47646170548558
 02/09  12:00:00,3272.5666862129237,111.27806038810888
 02/09  12:15:00,2737.5354350106663,122.35047456370933
 02/09  12:30:00,2744.4024897867084,133.7364449447526
 02/09  12:45:00,2781.384705478981,132.92565581386404
 02/09  13:00:00,2799.733125946472,132.43406179721396
 02/09  13:15:00,3367.357750342984,132.13368666600184
 02/09  13:30:00,3251.407000696933,132.02112883492953
 02/09  13:45:00,3209.655486185479,181.42291860642456
 02/09  14:00:00,3232.6625200908816,214.72024830651205
 02/09  14:15:00,3198.062309523966,262.8360083615254
 02/09  14:30:00,3131.681693959698,292.0697933052002
 02/09  14:45:00,3107.0482603818195,265.51943942810806
 02/09  15:00:00,3118.787935028034,240.75348391958707
 02/09  15:15:00,3125.975074564618,217.09402247572004
 02/09  15:30:00,3105.059570606716,181.88444100900705
 02/09  15:45:00,3061.439001847814,160.8928019830884
 02/09  16:00:00,3052.7192814315968,140.02822875390095
 02/09  16:15:00,3519.052494025225,119.84957178809005
 02/09  16:30:00,3529.8194689784023,99.83516902583435
 02/09  16:45:00,3208.489961171721,74.55000259160481
 02/09  17:00:00,3102.661221432164,50.3491464963596
 02/09  17:15:00,3144.479369609535,27.085864142787752
 02/09  17:30:00,7999.600677608067,6.941721324724345
 02/09  17:45:00,7997.299266154514,0.0
 02/09  18:00:00,4562.92068201223,0.0
 02/09  18:15:00,3454.8522659331848,0.0
 02/09  18:30:00,3409.723070413258,0.0
 02/09  18:45:00,6590.580758365888,0.0
 02/09  19:00:00,6607.455636685184,0.0
 02/09  19:15:00,5354.503668464944,0.0
 02/09  19:30:00,4773.430680213689,0.0
 02/09  19:45:00,3949.906311344957,0.0
 02/09  20:00:00,3413.520469686472,0.0
 02/09  20:15:00,8137.682567738416,0.0
 02/09  20:30:00,6861.189934736343,0.0
 02/09  20:45:00,3763.540629153615,0.0
 02/09  21:00:00,3426.5854615270887,0.0
 02/09  21:15:00,3428.2263611552457,0.0
 02/09  21:30:00,3376.57771224103,0.0
 02/09  21:45:00,3382.7320885328445,0.0
 02/09  22:00:00,3427.882844879925,0.0
 02/09  22:15:00,3432.81868557059,0.0
 02/09  22:30:00,3404.582024019843,0.0
 02/09  22:45:00,3384.615728840394,0.0
 02/09  23:00:00,3400.2852875263648,0.0
 02/09  23:15:00,2826.986137601757,0.0
 02/09  23:30:00,774.5342961117535,0.0
 02/09  23:45:00,1015.4482018191294,0.0
 02/09  24:00:00,1097.3860589883377,0.0
 02/10  00:15:00,2809.8995065094296,0.0
 02/10  00:30:00,2675.978294008921,0.0
 02/10  00:45:00,1111.656458489575,0.0
 02/10  01:00:00,1228.103193179933,0.0
 02/10  01:15:00,1275.8947085231694,0.0
 02/10  01:30:00,1394.887165774888,0.0
 02/10  01:45:00,1422.1615475328842,0.0
 02/10  02:00:00,1449.678238732474,0.0
 02/10  02:15:00,1470.3574344888236,0.0
 02/10  02:30:00,1516.481831211932,0.0
 02/10  02:45:00,1552.1046040986948,0.0
 02/10  03:00:00,1579.6730837900957,0.0
 02/10  03:15:00,1601.2669709267311,0.0
 02/10  03:30:00,1628.398724415042,0.0
 02/10  03:45:00,1654.2245972880676,0.0
 02/10  04:00:00,1671.5246003570098,0.0
 02/10  04:15:00,1680.424449786332,0.0
 02/10  04:30:00,1703.1352309251365,0.0
 02/10  04:45:00,1731.0906935162104,0.0
 02/10  05:00:00,1748.8540636853918,0.0
 02/10  05:15:00,1773.850922863366,0.0
 02/10  05:30:00,1806.2562493602825,0.0
 02/10  05:45:00,1845.43130439736,0.0
 02/10  06:00:00,1887.2351977135693,0.0
 02/10  06:15:00,1897.6807878355576,0.0
 02/10  06:30:00,1950.959964399855,0.0
 02/10  06:45:00,1887.58117556832,0.0
 02/10  07:00:00,1902.4003657143835,0.0
 02/10  07:15:00,1896.8705646309747,0.0
 02/10  07:30:00,1909.3082727951075,0.0
 02/10  07:45:00,1914.7690758198696,0.0
 02/10  08:00:00,1934.2175113128644,0.0
 02/10  08:15:00,1949.9955977551767,9.676442109944206
 02/10  08:30:00,3554.561524778372,12.901471650181186
 02/10  08:45:00,3700.9396664176666,21.17929336586104
 02/10  09:00:00,4808.271924219034,27.9229920269166
 02/10  09:15:00,2837.818823603546,34.29196083398073
 02/10  09:30:00,3017.213671297841,40.8485791401253
 02/10  09:45:00,4855.387725281194,41.76766771610829
 02/10  10:00:00,4698.3828523906295,43.176817547272805
 02/10  10:15:00,3269.9062777290437,44.91765298830199
 02/10  10:30:00,3328.3398369916104,46.82812456369218
 02/10  10:45:00,3343.2383751830835,80.70384425266786
 02/10  11:00:00,3325.202880197518,126.99858311916815
 02/10  11:15:00,3287.623272458024,167.6330027435161
 02/10  11:30:00,3281.3367857455496,209.8489466302588
 02/10  11:45:00,3307.0166981656384,274.1824659698743
 02/10  12:00:00,3289.4335856221105,323.64345555117353
 02/10  12:15:00,2745.110662259774,373.91144854100963
 02/10  12:30:00,2725.438272583494,441.039209710201
 02/10  12:45:00,2741.6345362363404,439.2322640416858
 02/10  13:00:00,2756.3582776243115,437.6014795718136
 02/10  13:15:00,3297.615503973208,435.4643776968451
 02/10  13:30:00,3163.9379603952502,432.5067031349864
 02/10  13:45:00,3117.451642910318,419.3558960760597
 02/10  14:00:00,3137.123222801912,405.6667395135696
 02/10  14:15:00,3113.5544366284994,393.0103869845529
 02/10  14:30:00,3058.2092964844,379.2807737471918
 02/10  14:45:00,3039.589271640871,334.129913913038
 02/10  15:00:00,3057.353207239607,305.31098666186443
 02/10  15:15:00,3069.4910805251293,276.06834351117897
 02/10  15:30:00,3047.444880412992,248.02102478236472
 02/10  15:45:00,3011.6514987864434,192.46738530367432
 02/10  16:00:00,3021.451154561113,128.89400070847282
 02/10  16:15:00,3501.308396538574,80.89337030267619
 02/10  16:30:00,3525.99697983082,33.176563796421384
 02/10  16:45:00,3200.1177943341986,27.223193254079405
 02/10  17:00:00,3084.5808876336987,21.25407523060555
 02/10  17:15:00,3119.539155533199,15.253318319977925
 02/10  17:30:00,7999.293574535262,9.257358088602079
 02/10  17:45:00,7947.347010913983,0.0
 02/10  18:00:00,4512.678672189692,0.0
 02/10  18:15:00,3426.3541972137077,0.0
 02/10  18:30:00,3384.7588850394573,0.0
 02/10  18:45:00,6569.079376261938,0.0
 02/10  19:00:00,6591.073289609446,0.0
 02/10  19:15:00,5343.088615188917,0.0
 02/10  19:30:00,4768.42564268352,0.0
 02/10  19:45:00,3941.512283012009,0.0
 02/10  20:00:00,3426.618188391927,0.0
 02/10  20:15:00,8137.967092677129,0.0
 02/10  20:30:00,6863.339183024634,0.0
 02/10  20:45:00,3770.6980398189153,0.0
 02/10  21:00:00,3429.176274162175,0.0
 02/10  21:15:00,3421.2412721335686,0.0
 02/10  21:30:00,3362.063437407168,0.0
 02/10  21:45:00,3359.0971748404068,0.0
 02/10  22:00:00,3395.330744647671,0.0
 02/10  22:15:00,3409.8230653199234,0.0
 02/10  22:30:00,3392.017833531848,0.0
 02/10  22:45:00,3384.2501165125022,0.0
 02/10  23:00:00,3409.564426996631,0.0
 02/10  23:15:00,2844.525729840853,0.0
 02/10  23:30:00,809.9675604455506,0.0
 02/10  23:45:00,1050.8364623806012,0.0
 02/10  24:00:00,1111.9521961852026,0.0
 02/11  00:15:00,1316.0937446320495,0.0
 02/11  00:30:00,2023.3532594762075,0.0
 02/11  00:45:00,1203.998603141019,0.0
 02/11  01:00:00,1461.2393577940452,0.0
 02/11  01:15:00,1415.9803698955386,0.0
 02/11  01:30:00,1429.8716211022047,0.0
 02/11  01:45:00,1459.527929323346,0.0
 02/11  02:00:00,1473.635577034555,0.0
 02/11  02:15:00,2256.6351724839706,0.0
 02/11  02:30:00,2490.053416805869,0.0
 02/11  02:45:00,1331.0610158331458,0.0
 02/11  03:00:00,1452.6869821527207,0.0
 02/11  03:15:00,1507.634534302947,0.0
 02/11  03:30:00,1591.9259474763517,0.0
 02/11  03:45:00,1603.8751336479268,0.0
 02/11  04:00:00,1632.60755193904,0.0
 02/11  04:15:00,1635.6815605674965,0.0
 02/11  04:30:00,1648.3333086381083,0.0
 02/11  04:45:00,1666.4009448213644,0.0
 02/11  05:00:00,1673.04391289377,0.0
 02/11  05:15:00,1679.5627727130804,0.0
 02/11  05:30:00,1692.754996492023,0.0
 02/11  05:45:00,1712.653047704567,0.0
 02/11  06:00:00,1733.6827109322162,0.0
 02/11  06:15:00,1756.814278818422,0.0
 02/11  06:30:00,1828.1268775030285,0.0
 02/11  06:45:00,1776.0748793623864,0.0
 02/11  07:00:00,1811.779769330848,0.0
 02/11  07:15:00,1806.209629921561,0.0
 02/11  07:30:00,1818.4315140957776,0.0
 02/11  07:45:00,1822.0475279136792,0.0
 02/11  08:00:00,1837.5745770591047,0.0
 02/11  08:15:00,1846.9708124272363,13.313634440195031
 02/11  08:30:00,1848.5525462889525,17.745833135973797
 02/11  08:45:00,3918.3342420819313,65.82661280541377
 02/11  09:00:00,4696.707374640715,105.31884627734492
 02/11  09:15:00,2731.819385238933,145.65606860061567
 02/11  09:30:00,2887.046446177093,198.45420433286398
 02/11  09:45:00,2868.5564112116235,241.5703570110589
 02/11  10:00:00,4788.271509353178,289.8514050605576
 02/11  10:15:00,3267.5052853347074,354.2815941001389
 02/11  10:30:00,3284.1315458806093,410.59103223693177
 02/11  10:45:00,3251.046008394861,439.4695794214329
 02/11  11:00:00,3206.0426050160386,467.6615831975282
 02/11  11:15:00,7954.683457912813,495.461915320753
 02/11  11:30:00,7562.857960178607,522.0868592887335
 02/11  11:45:00,4008.35288167447,529.4534521882932
 02/11  12:00:00,3195.213437694275,519.9387466609413
 02/11  12:15:00,772.4360660654793,522.1928592970479
 02/11  12:30:00,897.2502101625678,522.5844324792313
 02/11  12:45:00,983.3449659685376,522.2642044628541
 02/11  13:00:00,1026.513666676681,520.5757744931481
 02/11  13:15:00,1021.0459229106586,516.866754582027
 02/11  13:30:00,1144.5573490874883,511.89722519572683
 02/11  13:45:00,1081.5797528104058,480.6904755689285
 02/11  14:00:00,1096.1046423485989,449.368250773028
 02/11  14:15:00,1087.0002538471078,418.50424754201
 02/11  14:30:00,1073.0767159640832,387.482832943174
 02/11  14:45:00,1073.239953261616,355.87206983678544
 02/11  15:00:00,1075.5324921462604,309.9901792293796
 02/11  15:15:00,1076.7228407899315,280.6473050775916
 02/11  15:30:00,1073.469233241625,252.42483508279884
 02/11  15:45:00,1077.0485337226412,209.73236389879742
 02/11  16:00:00,1099.5123150167242,168.80271902494638
 02/11  16:15:00,4085.4436454966376,119.39287335908153
 02/11  16:30:00,3584.699517561904,83.49471287018832
 02/11  16:45:00,3213.55736985381,63.514284275866785
 02/11  17:00:00,3092.2003451935734,44.15072935333621
 02/11  17:15:00,7974.457413228285,25.40371752850524
 02/11  17:30:00,7924.5177796947555,8.51344484413921
 02/11  17:45:00,4187.009406706323,0.0
 02/11  18:00:00,3614.0658005711393,0.0
 02/11  18:15:00,3370.294432621251,0.0
 02/11  18:30:00,4900.679620880092,0.0
 02/11  18:45:00,6579.455720656562,0.0
 02/11  19:00:00,6526.656020054294,0.0
 02/11  19:15:00,5264.8065787881,0.0
 02/11  19:30:00,4692.132801867161,0.0
 02/11  19:45:00,3219.757484314418,0.0
 02/11  20:00:00,3292.442756281177,0.0
 02/11  20:15:00,3320.9138021081544,0.0
 02/11  20:30:00,3307.786872324792,0.0
 02/11  20:45:00,3330.927617997157,0.0
 02/11  21:00:00,3365.0914229268897,0.0
 02/11  21:15:00,3368.203921592407,0.0
 02/11  21:30:00,3338.488466567926,0.0
 02/11  21:45:00,3347.0969138472865,0.0
 02/11  22:00:00,3396.189032696101,0.0
 02/11  22:15:00,3403.4047726217027,0.0
 02/11  22:30:00,3376.586500800991,0.0
 02/11  22:45:00,3357.219430208629,0.0
 02/11  23:00:00,3372.299926454549,0.0
 02/11  23:15:00,1027.5192483299857,0.0
 02/11  23:30:00,1004.7023571741616,0.0
 02/11  23:45:00,1117.7159925125095,0.0
 02/11  24:00:00,1219.1484900281143,0.0
 02/12  00:15:00,1271.980261891615,0.0
 02/12  00:30:00,1329.492031989431,0.0
 02/12  00:45:00,1362.7782451538033,0.0
 02/12  01:00:00,1427.8639314504428,0.0
 02/12  01:15:00,1446.5883436245372,0.0
 02/12  01:30:00,1470.8454135093382,0.0
 02/12  01:45:00,1482.9364729534443,0.0
 02/12  02:00:00,1490.3167592294938,0.0
 02/12  02:15:00,1539.9758404462525,0.0
 02/12  02:30:00,1582.5749595353348,0.0
 02/12  02:45:00,1617.126254912039,0.0
 02/12  03:00:00,1646.924114900859,0.0
 02/12  03:15:00,1663.6067144634703,0.0
 02/12  03:30:00,1684.2705612217796,0.0
 02/12  03:45:00,1704.1475483987574,0.0
 02/12  04:00:00,1714.6839667936392,0.0
 02/12  04:15:00,1729.8498723476546,0.0
 02/12  04:30:00,1758.3711532342022,0.0
 02/12  04:45:00,1793.695999412813,0.0
 02/12  05:00:00,1817.671502787609,0.0
 02/12  05:15:00,1831.9848465612413,0.0
 02/12  05:30:00,1850.5397921151164,0.0
 02/12  05:45:00,1875.3827596710305,0.0
 02/12  06:00:00,1902.1821469139263,0.0
 02/12  06:15:00,1939.9343742762208,0.0
 02/12  06:30:00,2024.2846458039724,0.0
 02/12  06:45:00,1995.035632526329,0.0
 02/12  07:00:00,2044.421472156234,0.0
 02/12  07:15:00,2058.5946748385063,0.0
 02/12  07:30:00,2095.13561213969,0.0
 02/12  07:45:00,2123.1200664754506,0.0
 02/12  08:00:00,2161.9353178536207,0.0
 02/12  08:15:00,2286.197461448129,14.196545009897726
 02/12  08:30:00,2216.062523248529,22.837012262121043
 02/12  08:45:00,4278.909316651069,72.10117059697173
 02/12  09:00:00,5010.11685022113,115.12040274738047
 02/12  09:15:00,3102.4291469054915,167.6289686466481
 02/12  09:30:00,3255.313716399407,218.23388582781934
 02/12  09:45:00,3220.9898660623226,267.9468073543861
 02/12  10:00:00,4993.889669597795,338.2910486350395
 02/12  10:15:00,3432.8030445291643,400.68459125612634
 02/12  10:30:00,3458.045754718012,470.78975273123064
 02/12  10:45:00,3428.449389178934,506.84435437307684
 02/12  11:00:00,3372.9411924714937,543.475240287409
 02/12  11:15:00,7956.666869676976,587.1695417026172
 02/12  11:30:00,7822.710563069063,631.8328318217152
 02/12  11:45:00,4132.863316955033,659.9249226746251
 02/12  12:00:00,3281.2091391344184,681.3933057573229
 02/12  12:15:00,856.7677709062064,701.1837804391417
 02/12  12:30:00,962.4166263139082,718.2445553845739
 02/12  12:45:00,1026.1586409909376,720.2945786816566
 02/12  13:00:00,1051.9646782359948,720.334764602265
 02/12  13:15:00,1133.343563683368,715.7520006358865
 02/12  13:30:00,1180.8526634071816,708.307607581679
 02/12  13:45:00,1138.7085110858982,688.8554023599246
 02/12  14:00:00,1119.2664111751749,667.4662856543031
 02/12  14:15:00,1073.21904541037,650.0575047076977
 02/12  14:30:00,1024.2106129459362,634.459934422705
 02/12  14:45:00,977.9159478595818,598.5887610872849
 02/12  15:00:00,934.5850265076652,561.669154445312
 02/12  15:15:00,907.7770952035868,524.2294301418592
 02/12  15:30:00,890.6930290389902,485.59960581365794
 02/12  15:45:00,867.5334475325134,420.8379685592482
 02/12  16:00:00,883.6808518933568,358.56818140295155
 02/12  16:15:00,3995.250233774892,293.90988670427186
 02/12  16:30:00,3454.642715611056,240.00233166220184
 02/12  16:45:00,3103.360480282555,179.40978708829547
 02/12  17:00:00,3009.396951376585,114.36782439956204
 02/12  17:15:00,7973.961544921216,67.69979359153248
 02/12  17:30:00,7908.730688792613,14.016751492951313
 02/12  17:45:00,4131.627456030765,10.925517885985137
 02/12  18:00:00,3403.106937221396,0.0
 02/12  18:15:00,3351.5549541380424,0.0
 02/12  18:30:00,4894.758558639435,0.0
 02/12  18:45:00,6582.301027611281,0.0
 02/12  19:00:00,6539.5829043453,0.0
 02/12  19:15:00,5279.7345753236405,0.0
 02/12  19:30:00,4708.46649707036,0.0
 02/12  19:45:00,3237.5393979100354,0.0
 02/12  20:00:00,3311.0029377230694,0.0
 02/12  20:15:00,3339.363975195951,0.0
 02/12  20:30:00,3325.630956838668,0.0
 02/12  20:45:00,3348.655917352708,0.0
 02/12  21:00:00,3381.908135640794,0.0
 02/12  21:15:00,3380.202956138133,0.0
 02/12  21:30:00,3345.174445420643,0.0
 02/12  21:45:00,3347.306945648318,0.0
 02/12  22:00:00,3390.6651242743774,0.0
 02/12  22:15:00,3405.816308759364,0.0
 02/12  22:30:00,3388.6200904723946,0.0
 02/12  22:45:00,3379.5906083066075,0.0
 02/12  23:00:00,3406.6734907208697,0.0
 02/12  23:15:00,1058.59647890696,0.0
 02/12  23:30:00,1037.2654272137886,0.0
 02/12  23:45:00,1155.7155912231624,0.0
 02/12  24:00:00,1241.229639323482,0.0
 02/13  00:15:00,1901.5736449128235,0.0
 02/13  00:30:00,1283.309439831842,0.0
 02/13  00:45:00,1468.9789446321138,0.0
 02/13  01:00:00,1365.4873537608682,0.0
 02/13  01:15:00,1409.6040502746907,0.0
 02/13  01:30:00,1440.3828459825106,0.0
 02/13  01:45:00,1555.0245285445017,0.0
 02/13  02:00:00,1556.1157282920933,0.0
 02/13  02:15:00,1570.6017894518018,0.0
 02/13  02:30:00,1595.288739264657,0.0
 02/13  02:45:00,1608.9126894485346,0.0
 02/13  03:00:00,1649.5804182860074,0.0
 02/13  03:15:00,1676.8711392717694,0.0
 02/13  03:30:00,1727.1370519212437,0.0
 02/13  03:45:00,1774.2384260140968,0.0
 02/13  04:00:00,1813.8430629549305,0.0
 02/13  04:15:00,1835.8405665854216,0.0
 02/13  04:30:00,1869.2109964703,0.0
 02/13  04:45:00,1906.9357270213072,0.0
 02/13  05:00:00,1935.076737722836,0.0
 02/13  05:15:00,1955.1957797470293,0.0
 02/13  05:30:00,1978.8178484678017,0.0
 02/13  05:45:00,2008.5664594122568,0.0
 02/13  06:00:00,2039.9848645223356,0.0
 02/13  06:15:00,2064.0195947206835,0.0
 02/13  06:30:00,2134.383365851824,0.0
 02/13  06:45:00,2089.617989981079,0.0
 02/13  07:00:00,2121.422611217082,0.0
 02/13  07:15:00,2141.189575786991,0.0
 02/13  07:30:00,2184.503750147817,0.0
 02/13  07:45:00,2218.9221253985747,0.0
 02/13  08:00:00,2265.3250170596875,0.0
 02/13  08:15:00,2274.947230919161,19.654691896169744
 02/13  08:30:00,2276.4945995658445,34.977935537647795
 02/13  08:45:00,4227.220887612692,83.5937380656959
 02/13  09:00:00,4917.686232469515,132.34581064831707
 02/13  09:15:00,3013.613500139956,178.86387309400928
 02/13  09:30:00,3168.1775871990053,230.28107869948772
 02/13  09:45:00,3142.1775561770837,290.2355916019732
 02/13  10:00:00,4999.762670057091,350.7407936058846
 02/13  10:15:00,3450.885594242004,414.85288956301474
 02/13  10:30:00,3479.087450559522,488.53313807371364
 02/13  10:45:00,3477.0275787724,526.8966144068268
 02/13  11:00:00,3451.489908060716,565.6774900250289
 02/13  11:15:00,7958.389642389086,603.3408333558438
 02/13  11:30:00,7921.816081730712,639.6628206499595
 02/13  11:45:00,4311.665996150596,661.5821064713424
 02/13  12:00:00,3388.77305555344,677.7202265329171
 02/13  12:15:00,978.654225366137,696.1816770771719
 02/13  12:30:00,1095.9770421874264,712.0167848393008
 02/13  12:45:00,1159.9777591645368,714.1764700837149
 02/13  13:00:00,1177.3246716208496,714.4648386248526
 02/13  13:15:00,1289.4642477262018,716.6238670165626
 02/13  13:30:00,1318.0452690288894,715.9696108658829
 02/13  13:45:00,1190.8282275215756,696.33118363929
 02/13  14:00:00,1183.6924957918006,679.2974686325878
 02/13  14:15:00,1155.487527785215,653.4736059137957
 02/13  14:30:00,1118.328865517153,625.9183452534762
 02/13  14:45:00,1089.8054994037016,589.7874940553398
 02/13  15:00:00,1056.5534941434248,552.7281271157744
 02/13  15:15:00,1025.5997759938464,514.7583605576737
 02/13  15:30:00,987.3974289583384,476.07721849131605
 02/13  15:45:00,967.9724426692944,412.9022426138447
 02/13  16:00:00,967.519020077131,346.7473827393539
 02/13  16:15:00,4002.043054720353,291.54659374685195
 02/13  16:30:00,3498.294895256629,239.76422482117178
 02/13  16:45:00,3152.089125695692,179.85499037146874
 02/13  17:00:00,3059.753826373844,115.08014824503294
 02/13  17:15:00,7974.849226861723,68.4036753028518
 02/13  17:30:00,7959.290772344708,14.802365717956341
 02/13  17:45:00,4193.219910167034,11.512261512808438
 02/13  18:00:00,3434.92790096751,0.0
 02/13  18:15:00,3381.1564197980897,0.0
 02/13  18:30:00,4922.049381758932,0.0
 02/13  18:45:00,6610.394336090868,0.0
 02/13  19:00:00,6569.173773797087,0.0
 02/13  19:15:00,5311.094996613172,0.0
 02/13  19:30:00,4740.829325581457,0.0
 02/13  19:45:00,3273.2352141110205,0.0
 02/13  20:00:00,3347.525255384419,0.0
 02/13  20:15:00,3372.6404273808384,0.0
 02/13  20:30:00,3356.0289114895777,0.0
 02/13  20:45:00,3374.894075186397,0.0
 02/13  21:00:00,3405.160196683612,0.0
 02/13  21:15:00,3404.3732817046143,0.0
 02/13  21:30:00,3368.787022942469,0.0
 02/13  21:45:00,3373.0410978833347,0.0
 02/13  22:00:00,3416.977152066274,0.0
 02/13  22:15:00,3425.5856296987918,0.0
 02/13  22:30:00,3435.6281504947256,0.0
 02/13  22:45:00,3431.317249887911,0.0
 02/13  23:00:00,3473.891825213128,0.0
 02/13  23:15:00,1155.0121766654106,0.0
 02/13  23:30:00,1158.664214162396,0.0
 02/13  23:45:00,1297.8811198870185,0.0
 02/13  24:00:00,1383.0135620438575,0.0
 02/14  00:15:00,1438.2229990264636,0.0
 02/14  00:30:00,1481.7851679353375,0.0
 02/14  00:45:00,1503.6558704734073,0.0
 02/14  01:00:00,1521.513034796519,0.0
 02/14  01:15:00,1535.7874156663338,0.0
 02/14  01:30:00,1549.634046212984,0.0
 02/14  01:45:00,1555.8153884141009,0.0
 02/14  02:00:00,1558.9626173105826,0.0
 02/14  02:15:00,1577.5346520491605,0.0
 02/14  02:30:00,1606.4560983426122,0.0
 02/14  02:45:00,1622.4020275106827,0.0
 02/14  03:00:00,1629.9440824685885,0.0
 02/14  03:15:00,1648.912572686872,0.0
 02/14  03:30:00,1687.8673093335133,0.0
 02/14  03:45:00,1731.641625409606,0.0
 02/14  04:00:00,1757.9408067346487,0.0
 02/14  04:15:00,1786.2178836447135,0.0
 02/14  04:30:00,1824.7888146857808,0.0
 02/14  04:45:00,1868.6856372362545,0.0
 02/14  05:00:00,1902.9040579573823,0.0
 02/14  05:15:00,1921.1103993647173,0.0
 02/14  05:30:00,1942.595643356144,0.0
 02/14  05:45:00,1969.8027725889967,0.0
 02/14  06:00:00,1997.8822441782356,0.0
 02/14  06:15:00,2033.3429590211863,0.0
 02/14  06:30:00,2116.777632316415,0.0
 02/14  06:45:00,2083.230538486559,0.0
 02/14  07:00:00,2129.002359787483,0.0
 02/14  07:15:00,2122.557372364828,0.0
 02/14  07:30:00,2139.3423813987174,0.0
 02/14  07:45:00,2145.117783957566,0.0
 02/14  08:00:00,2163.390965225707,0.0
 02/14  08:15:00,2173.012899256347,24.78464050399387
 02/14  08:30:00,2175.555603011948,46.5263004445691
 02/14  08:45:00,4138.364508744955,98.21417742006294
 02/14  09:00:00,4838.98796330633,140.34837937923552
 02/14  09:15:00,2934.6905615984865,186.86183746162314
 02/14  09:30:00,3080.919594445127,237.13470977286985
 02/14  09:45:00,3050.868157945617,297.03361219152424
 02/14  10:00:00,4967.15639814115,356.7374191739137
 02/14  10:15:00,3452.9738146577674,423.38354283938264
 02/14  10:30:00,3462.5746930854943,489.57977416746746
 02/14  10:45:00,3422.3548999953523,523.4519945212872
 02/14  11:00:00,3372.357563800985,557.8286281623529
 02/14  11:15:00,7957.91008225632,592.5379411628393
 02/14  11:30:00,7921.045759178434,625.8935439428174
 02/14  11:45:00,4141.899239209025,645.2162205210738
 02/14  12:00:00,3262.289214679449,659.1390584174485
 02/14  12:15:00,838.4888283655093,675.4543148290313
 02/14  12:30:00,954.3850760870582,689.1926899466544
 02/14  12:45:00,1026.1414011253237,686.0764159266224
 02/14  13:00:00,1058.4686063395002,681.5095986672326
 02/14  13:15:00,1076.357045379826,678.9933307814973
 02/14  13:30:00,1182.001634263126,675.7222221828243
 02/14  13:45:00,1011.3044031128644,665.6896462693875
 02/14  14:00:00,1016.1382679505352,657.5479848012977
 02/14  14:15:00,983.5214809605748,638.3054939763156
 02/14  14:30:00,942.2258579760336,617.1876163148718
 02/14  14:45:00,919.986000547665,518.0810003708069
 02/14  15:00:00,914.9947729116946,416.7369744781495
 02/14  15:15:00,964.031538535148,313.12551829895153
 02/14  15:30:00,1024.7493618840076,217.3384749213286
 02/14  15:45:00,1095.9308199361365,174.62873177964096
 02/14  16:00:00,1176.7051763545703,121.03576032965717
 02/14  16:15:00,4096.698430855213,81.38468951012868
 02/14  16:30:00,3612.587038982826,40.32329086644703
 02/14  16:45:00,3249.259344322295,31.409947699053102
 02/14  17:00:00,3130.6003768561104,23.21520019420969
 02/14  17:15:00,7977.545525676954,15.09045917433316
 02/14  17:30:00,7798.9316726389025,6.95731779537863
 02/14  17:45:00,4093.754484997568,5.433176669201352
 02/14  18:00:00,3445.978645216805,0.0
 02/14  18:15:00,3393.046249751814,0.0
 02/14  18:30:00,4924.551878318479,0.0
 02/14  18:45:00,6604.961311710369,0.0
 02/14  19:00:00,6555.727705371608,0.0
 02/14  19:15:00,5289.790495019981,0.0
 02/14  19:30:00,4711.189919403593,0.0
 02/14  19:45:00,3231.622569391962,0.0
 02/14  20:00:00,3297.4301993897334,0.0
 02/14  20:15:00,3318.7231804647727,0.0
 02/14  20:30:00,3297.625684608783,0.0
 02/14  20:45:00,3312.8418252906586,0.0
 02/14  21:00:00,3338.9516651107333,0.0
 02/14  21:15:00,3333.2402298434768,0.0
 02/14  21:30:00,3294.30184506204,0.0
 02/14  21:45:00,3294.505024190151,0.0
 02/14  22:00:00,3333.88677603047,0.0
 02/14  22:15:00,3349.020172842713,0.0
 02/14  22:30:00,3331.5682903495635,0.0
 02/14  22:45:00,3323.373119133441,0.0
 02/14  23:00:00,3349.9953317919494,0.0
 02/14  23:15:00,997.0406897832728,0.0
 02/14  23:30:00,980.050444627431,0.0
 02/14  23:45:00,1107.912569113836,0.0
 02/14  24:00:00,1201.0147303677008,0.0
 02/15  00:15:00,3010.612320482028,0.0
 02/15  00:30:00,2307.7141598662247,0.0
 02/15  00:45:00,2557.5307955936105,0.0
 02/15  01:00:00,1119.630561964746,0.0
 02/15  01:15:00,1126.348643861173,0.0
 02/15  01:30:00,1155.6171204851928,0.0
 02/15  01:45:00,1284.735177174998,0.0
 02/15  02:00:00,1279.636845224006,0.0
 02/15  02:15:00,1293.1409304428023,0.0
 02/15  02:30:00,1315.823592890434,0.0
 02/15  02:45:00,1322.6330371884037,0.0
 02/15  03:00:00,1321.951329570666,0.0
 02/15  03:15:00,1331.1455855006732,0.0
 02/15  03:30:00,1345.3785047387023,0.0
 02/15  03:45:00,1360.8526221033796,0.0
 02/15  04:00:00,1366.3820214924149,0.0
 02/15  04:15:00,1368.687693063359,0.0
 02/15  04:30:00,1377.494570309799,0.0
 02/15  04:45:00,1394.965182474314,0.0
 02/15  05:00:00,1401.546931007434,0.0
 02/15  05:15:00,1404.4800338842656,0.0
 02/15  05:30:00,1427.6825498839737,0.0
 02/15  05:45:00,1453.2806318627142,0.0
 02/15  06:00:00,1480.373149260635,0.0
 02/15  06:15:00,1506.110389722758,0.0
 02/15  06:30:00,1570.8017460278168,0.0
 02/15  06:45:00,1528.6156793831074,0.0
 02/15  07:00:00,1560.5938893457928,0.0
 02/15  07:15:00,1558.891314872802,0.0
 02/15  07:30:00,1576.910528698576,0.0
 02/15  07:45:00,1587.7200202945971,0.0
 02/15  08:00:00,1607.8803827246638,0.0
 02/15  08:15:00,1629.7069473971198,4.206452981672032
 02/15  08:30:00,1642.0770676062623,5.395218605078476
 02/15  08:45:00,3724.9298202239897,11.006409744826316
 02/15  09:00:00,4535.9223432944045,16.623527963200186
 02/15  09:15:00,2637.366472602098,22.244202540712266
 02/15  09:30:00,2811.404576709035,27.867398115312838
 02/15  09:45:00,2833.6037816649505,33.687323105444
 02/15  10:00:00,4806.357561500153,39.50834780840128
 02/15  10:15:00,3296.664126226195,45.327853793737624
 02/15  10:30:00,3332.362190604196,51.54440985183443
 02/15  10:45:00,3327.711738485865,56.264268816538674
 02/15  11:00:00,3307.8137853594963,61.0404161274908
 02/15  11:15:00,7955.462342518873,65.86115109740184
 02/15  11:30:00,7919.673751208427,70.73883686895014
 02/15  11:45:00,4375.966499213354,73.14429254629522
 02/15  12:00:00,3342.450878313361,75.61255345911643
 02/15  12:15:00,1019.569506620069,78.13480136211075
 02/15  12:30:00,1163.3302129582107,80.71228208020031
 02/15  12:45:00,1253.159730178662,80.35658772000312
 02/15  13:00:00,1298.4595013637406,80.06716032189064
 02/15  13:15:00,1632.092735544488,79.84334688657378
 02/15  13:30:00,1623.5543340293016,79.67179674812922
 02/15  13:45:00,1661.9829664998863,76.81013841400545
 02/15  14:00:00,1692.382308703208,74.01375978882747
 02/15  14:15:00,1704.0140150495556,71.26386644513144
 02/15  14:30:00,1705.2845434836386,68.56478688214541
 02/15  14:45:00,1721.9121777517587,63.43113744776993
 02/15  15:00:00,1741.625030967,58.365025466337215
 02/15  15:15:00,1761.2869540951592,53.358289926703144
 02/15  15:30:00,1774.2923595359152,48.62904827740432
 02/15  15:45:00,1784.4426516063727,42.62708236951
 02/15  16:00:00,1805.301289131778,36.630244229561406
 02/15  16:15:00,4216.2693711488055,30.640769003572757
 02/15  16:30:00,3848.802271100256,24.653237299382297
 02/15  16:45:00,3471.749401882837,19.635837878529106
 02/15  17:00:00,3343.5448599071024,14.620216210130861
 02/15  17:15:00,7978.701351523554,9.607626011992632
 02/15  17:30:00,7959.52827410594,4.603145986812224
 02/15  17:45:00,4346.476001272863,3.594355517214707
 02/15  18:00:00,3612.9507748659007,0.0
 02/15  18:15:00,3561.4946725003,0.0
 02/15  18:30:00,5081.262421707319,0.0
 02/15  18:45:00,6766.433310530492,0.0
 02/15  19:00:00,6720.265735207036,0.0
 02/15  19:15:00,5456.693975182363,0.0
 02/15  19:30:00,4880.133746174765,0.0
 02/15  19:45:00,3415.7258994443,0.0
 02/15  20:00:00,3480.699605142494,0.0
 02/15  20:15:00,3505.138259746124,0.0
 02/15  20:30:00,3487.8456947699,0.0
 02/15  20:45:00,3507.154891494917,0.0
 02/15  21:00:00,3536.405262714188,0.0
 02/15  21:15:00,3531.156114067262,0.0
 02/15  21:30:00,3491.236207431607,0.0
 02/15  21:45:00,3489.682683369039,0.0
 02/15  22:00:00,3527.970225423578,0.0
 02/15  22:15:00,3534.427095006279,0.0
 02/15  22:30:00,3506.9265147964124,0.0
 02/15  22:45:00,3489.979729162633,0.0
 02/15  23:00:00,3505.188337379888,0.0
 02/15  23:15:00,1201.5683281356037,0.0
 02/15  23:30:00,1209.168214422968,0.0
 02/15  23:45:00,1331.4705257992125,0.0
 02/15  24:00:00,1556.4520294527545,0.0
 02/16  00:15:00,2999.10648613264,0.0
 02/16  00:30:00,2046.2188366818168,0.0
 02/16  00:45:00,1429.0869913936365,0.0
 02/16  01:00:00,1599.0012112588422,0.0
 02/16  01:15:00,1580.4159883243738,0.0
 02/16  01:30:00,1618.839480148345,0.0
 02/16  01:45:00,1636.814218511539,0.0
 02/16  02:00:00,1640.001352236077,0.0
 02/16  02:15:00,1656.2094693555978,0.0
 02/16  02:30:00,1680.7036764050276,0.0
 02/16  02:45:00,1692.3784422775027,0.0
 02/16  03:00:00,1696.2590344148966,0.0
 02/16  03:15:00,1708.3143709688384,0.0
 02/16  03:30:00,1725.9722023357665,0.0
 02/16  03:45:00,1743.5948980815156,0.0
 02/16  04:00:00,1752.586752330324,0.0
 02/16  04:15:00,1753.7561279685578,0.0
 02/16  04:30:00,1764.8042210793235,0.0
 02/16  04:45:00,1783.9491171146428,0.0
 02/16  05:00:00,1791.1583649363151,0.0
 02/16  05:15:00,1792.3438901230502,0.0
 02/16  05:30:00,1796.583025335321,0.0
 02/16  05:45:00,1808.4205886160528,0.0
 02/16  06:00:00,1820.4224490701297,0.0
 02/16  06:15:00,1828.1297023426143,0.0
 02/16  06:30:00,1881.138377804202,0.0
 02/16  06:45:00,1817.9798580683528,0.0
 02/16  07:00:00,1834.1160280455736,0.0
 02/16  07:15:00,1820.5624892366316,0.0
 02/16  07:30:00,1824.6250001855196,0.0
 02/16  07:45:00,1820.6745402803392,0.0
 02/16  08:00:00,1828.0566305771197,0.0
 02/16  08:15:00,1835.182196958653,4.7415189616362685
 02/16  08:30:00,3436.246452441142,6.080246843598836
 02/16  08:45:00,3566.53516503618,11.609602683353705
 02/16  09:00:00,4690.62546358846,17.142311279865364
 02/16  09:15:00,2720.495939778554,22.674908840163297
 02/16  09:30:00,2894.83621934459,28.207621110545848
 02/16  09:45:00,4810.905998446757,94.01472898649769
 02/16  10:00:00,4653.700440703135,157.19187705407418
 02/16  10:15:00,3196.5889017457685,224.85842857087943
 02/16  10:30:00,3218.065166651047,309.1190052234436
 02/16  10:45:00,3204.144580686908,336.5323930085359
 02/16  11:00:00,3165.372482651038,364.92490213264034
 02/16  11:15:00,3112.634704826559,394.12476343410043
 02/16  11:30:00,3092.995534578387,423.47913878381524
 02/16  11:45:00,3113.224131639109,412.3399811299147
 02/16  12:00:00,3099.1518200126543,381.99644930178715
 02/16  12:15:00,2563.2858806334834,366.78902672228463
 02/16  12:30:00,2576.2714784864183,350.0467752678179
 02/16  12:45:00,2598.83160795981,373.68141778670224
 02/16  13:00:00,2610.2826855276494,396.93356581594276
 02/16  13:15:00,3155.069752375619,419.93748809760586
 02/16  13:30:00,3009.8167173523925,459.7177645954848
 02/16  13:45:00,2959.494459772219,466.2826199990877
 02/16  14:00:00,2979.3848495887546,471.5718015782337
 02/16  14:15:00,2945.904711296451,474.57597981608143
 02/16  14:30:00,2878.321528922356,475.6329696536732
 02/16  14:45:00,2839.277332096816,483.62440585235004
 02/16  15:00:00,2835.226633234855,473.34920728863244
 02/16  15:15:00,2831.347112478304,459.8398405302799
 02/16  15:30:00,2793.865570287244,442.74186052136133
 02/16  15:45:00,2746.906445811149,385.22409499927136
 02/16  16:00:00,2741.376623956652,330.5233625334926
 02/16  16:15:00,3198.0473627028823,278.94627360636133
 02/16  16:30:00,3207.7502688915315,231.0021994325397
 02/16  16:45:00,2892.1666229899674,163.23475518977614
 02/16  17:00:00,2783.3966428332496,113.06295159383637
 02/16  17:15:00,2829.9321378099703,61.816897445454345
 02/16  17:30:00,7994.771233023816,17.90283434355706
 02/16  17:45:00,7405.309065924563,13.956032909523097
 02/16  18:00:00,4035.400641432731,0.0
 02/16  18:15:00,3162.3630038864712,0.0
 02/16  18:30:00,3108.681398186242,0.0
 02/16  18:45:00,6299.528923992652,0.0
 02/16  19:00:00,6307.550296187008,0.0
 02/16  19:15:00,5047.6086776392585,0.0
 02/16  19:30:00,4460.7612678123,0.0
 02/16  19:45:00,3403.2777208086814,0.0
 02/16  20:00:00,3082.370092108489,0.0
 02/16  20:15:00,8132.786812965088,0.0
 02/16  20:30:00,6646.984511242804,0.0
 02/16  20:45:00,3465.896586118816,0.0
 02/16  21:00:00,3103.3832604493423,0.0
 02/16  21:15:00,3069.03293570236,0.0
 02/16  21:30:00,3021.4325471201328,0.0
 02/16  21:45:00,3018.9647090906387,0.0
 02/16  22:00:00,3056.86905234468,0.0
 02/16  22:15:00,3060.2425084895717,0.0
 02/16  22:30:00,3030.7665936021185,0.0
 02/16  22:45:00,3010.6559098423345,0.0
 02/16  23:00:00,3023.883568514411,0.0
 02/16  23:15:00,2543.6225014560387,0.0
 02/16  23:30:00,376.0773308335581,0.0
 02/16  23:45:00,416.9529181447217,0.0
 02/16  24:00:00,455.0841122290002,0.0
 02/17  00:15:00,2296.327484515766,0.0
 02/17  00:30:00,2178.034319274201,0.0
 02/17  00:45:00,514.8996446865062,0.0
 02/17  01:00:00,534.5993104539986,0.0
 02/17  01:15:00,556.848919532981,0.0
 02/17  01:30:00,697.4415445213908,0.0
 02/17  01:45:00,692.2653046869843,0.0
 02/17  02:00:00,672.1959094065733,0.0
 02/17  02:15:00,676.1937518404013,0.0
 02/17  02:30:00,726.0233671854425,0.0
 02/17  02:45:00,738.6827149763911,0.0
 02/17  03:00:00,714.3553513529906,0.0
 02/17  03:15:00,706.2802518176079,0.0
 02/17  03:30:00,730.4567610521037,0.0
 02/17  03:45:00,763.9345184712378,0.0
 02/17  04:00:00,763.3648018845007,0.0
 02/17  04:15:00,729.7992827634013,0.0
 02/17  04:30:00,745.7528223873546,0.0
 02/17  04:45:00,780.5203315216745,0.0
 02/17  05:00:00,792.0432723794382,0.0
 02/17  05:15:00,794.8779912850925,0.0
 02/17  05:30:00,864.8485202007064,0.0
 02/17  05:45:00,902.6175886692458,0.0
 02/17  06:00:00,956.850214293276,0.0
 02/17  06:15:00,973.8654590121952,0.0
 02/17  06:30:00,1169.2923712594486,0.0
 02/17  06:45:00,941.7988377062608,0.0
 02/17  07:00:00,1031.8810204596248,0.0
 02/17  07:15:00,992.1656596321528,0.0
 02/17  07:30:00,985.9438782501144,0.0
 02/17  07:45:00,987.977899319213,0.0
 02/17  08:00:00,990.1532446758506,6.402101212173604
 02/17  08:15:00,1000.1144730162558,9.601118984661372
 02/17  08:30:00,2937.3760418761785,12.366690812304103
 02/17  08:45:00,2934.4426899995515,21.794437692821003
 02/17  09:00:00,4319.707106948535,31.830201757913073
 02/17  09:15:00,2349.437050280341,41.7444797846928
 02/17  09:30:00,2496.9212572594524,51.6512438795456
 02/17  09:45:00,4543.963950427953,62.924604486438625
 02/17  10:00:00,4395.606883589123,74.2710731344325
 02/17  10:15:00,2944.936330972663,85.77229986015911
 02/17  10:30:00,2999.5013490675688,97.41953883250453
 02/17  10:45:00,3012.567184167295,105.75995001512871
 02/17  11:00:00,2997.318332552996,114.32689284236163
 02/17  11:15:00,2969.3444538102844,123.2054839981481
 02/17  11:30:00,2973.6706786782224,132.29267866521602
 02/17  11:45:00,3013.581115069544,136.61970288043034
 02/17  12:00:00,3012.338846293627,141.11587933129144
 02/17  12:15:00,2479.2799001804647,145.62173181947816
 02/17  12:30:00,2492.9982138305686,150.29705130472323
 02/17  12:45:00,2515.2889286629397,200.44950270677498
 02/17  13:00:00,2526.8122696925384,234.6767425915706
 02/17  13:15:00,3071.9792304778025,268.959784447989
 02/17  13:30:00,2926.834452040556,320.85115219762673
 02/17  13:45:00,2874.0588579414334,341.53676104498226
 02/17  14:00:00,2889.484744872384,361.2400973013952
 02/17  14:15:00,2851.8704609071865,379.3814317095205
 02/17  14:30:00,2777.757129632302,412.11481157963226
 02/17  14:45:00,2752.838359133615,341.8442556570546
 02/17  15:00:00,2770.9754313853496,290.5941591060619
 02/17  15:15:00,2800.329898325594,241.71852332760588
 02/17  15:30:00,2803.823280266609,181.880343456589
 02/17  15:45:00,2791.186468751236,146.12919396902566
 02/17  16:00:00,2813.380912121662,111.65968264119122
 02/17  16:15:00,3288.9588322619197,72.38280232215341
 02/17  16:30:00,3302.534201439543,43.57319599841048
 02/17  16:45:00,2970.244296215291,34.41099493970186
 02/17  17:00:00,2850.609959846259,25.845319324834662
 02/17  17:15:00,2879.603160561344,17.527590108583183
 02/17  17:30:00,7995.16380544722,9.223820111888747
 02/17  17:45:00,7429.936017006068,6.920013189071111
 02/17  18:00:00,4027.950274228204,0.0
 02/17  18:15:00,3159.8183295629224,0.0
 02/17  18:30:00,3103.713605584749,0.0
 02/17  18:45:00,6289.330958389326,0.0
 02/17  19:00:00,6296.618447761404,0.0
 02/17  19:15:00,5037.377542499604,0.0
 02/17  19:30:00,4451.075960293439,0.0
 02/17  19:45:00,3353.121597096697,0.0
 02/17  20:00:00,3076.370476137093,0.0
 02/17  20:15:00,8132.552399755054,0.0
 02/17  20:30:00,6645.030447460333,0.0
 02/17  20:45:00,3467.964984978348,0.0
 02/17  21:00:00,3107.2299739077284,0.0
 02/17  21:15:00,3077.109370277348,0.0
 02/17  21:30:00,3034.6436322883465,0.0
 02/17  21:45:00,3038.278969605475,0.0
 02/17  22:00:00,3081.1030849470267,0.0
 02/17  22:15:00,3087.253155864291,0.0
 02/17  22:30:00,3058.902113738932,0.0
 02/17  22:45:00,3039.84529272922,0.0
 02/17  23:00:00,3053.707753096519,0.0
 02/17  23:15:00,2577.8311014914043,0.0
 02/17  23:30:00,406.5024887639484,0.0
 02/17  23:45:00,458.6101895303304,0.0
 02/17  24:00:00,501.29853622895337,0.0
 02/18  00:15:00,743.8115617233009,0.0
 02/18  00:30:00,1580.6424316639266,0.0
 02/18  00:45:00,780.7160620976747,0.0
 02/18  01:00:00,784.2757643976802,0.0
 02/18  01:15:00,821.7818263347548,0.0
 02/18  01:30:00,858.019972919896,0.0
 02/18  01:45:00,862.5722753006206,0.0
 02/18  02:00:00,834.3104952971588,0.0
 02/18  02:15:00,1767.6057340987013,0.0
 02/18  02:30:00,2079.356957128364,0.0
 02/18  02:45:00,893.6894821578846,0.0
 02/18  03:00:00,866.1773642258204,0.0
 02/18  03:15:00,844.0735985301958,0.0
 02/18  03:30:00,834.9527250236273,0.0
 02/18  03:45:00,867.2737725229515,0.0
 02/18  04:00:00,865.5978261665495,0.0
 02/18  04:15:00,828.8708295995417,0.0
 02/18  04:30:00,835.5995502745674,0.0
 02/18  04:45:00,875.0438266332153,0.0
 02/18  05:00:00,886.3905916831665,0.0
 02/18  05:15:00,861.8908380771207,0.0
 02/18  05:30:00,878.0330197485863,0.0
 02/18  05:45:00,890.3900214689974,0.0
 02/18  06:00:00,902.9807695692972,0.0
 02/18  06:15:00,924.4952796669946,0.0
 02/18  06:30:00,1148.5217406864244,0.0
 02/18  06:45:00,921.4277447158604,0.0
 02/18  07:00:00,928.2617255105184,0.0
 02/18  07:15:00,960.4734303400496,0.0
 02/18  07:30:00,930.1215000524325,0.0
 02/18  07:45:00,961.0203511432476,0.0
 02/18  08:00:00,968.910865580138,5.596238181836483
 02/18  08:15:00,993.5509758382008,8.421767237648421
 02/18  08:30:00,1010.3688469008844,10.816820610765461
 02/18  08:45:00,3383.3350290171143,20.49517255406356
 02/18  09:00:00,4323.296081465282,31.38826406142772
 02/18  09:15:00,2360.1599783837028,42.253842898959604
 02/18  09:30:00,2508.1952101587685,53.08983192950108
 02/18  09:45:00,2507.6451332457827,63.9492310780449
 02/18  10:00:00,4514.504998959378,74.86821861519424
 02/18  10:15:00,2976.8622015863616,85.84799100751309
 02/18  10:30:00,3007.6187435670254,96.92018571143052
 02/18  10:45:00,2996.487858958603,89.91229704017906
 02/18  11:00:00,2971.562316950827,83.76216434480962
 02/18  11:15:00,7950.733702139527,78.13643319562456
 02/18  11:30:00,7125.299365770978,72.88689870175155
 02/18  11:45:00,3761.4191949144265,75.24637018697872
 02/18  12:00:00,3012.5679275791736,77.61939788321297
 02/18  12:15:00,582.2040659296565,80.05052592893736
 02/18  12:30:00,696.9898385969477,82.53022098176284
 02/18  12:45:00,797.1078456808264,82.14078769445425
 02/18  13:00:00,857.9974999568748,81.81885506010423
 02/18  13:15:00,870.6462945956248,81.6054123406504
 02/18  13:30:00,861.73404608327,81.44194817007923
 02/18  13:45:00,880.4402784216546,78.64919759323439
 02/18  14:00:00,929.3718526058312,75.92159790042068
 02/18  14:15:00,934.2268547646383,73.238924774721
 02/18  14:30:00,900.4769840170392,70.60160328491736
 02/18  14:45:00,909.63947829381,65.35894765011953
 02/18  15:00:00,930.8871400989008,60.18297261004162
 02/18  15:15:00,948.6972555227896,55.0579556923346
 02/18  15:30:00,941.31472239662,50.10805603309081
 02/18  15:45:00,955.8692962472248,44.208262145434986
 02/18  16:00:00,982.3201443092208,38.31162212642878
 02/18  16:15:00,4040.9346571653086,32.42325401527989
 02/18  16:30:00,3497.20715512836,26.535485783142942
 02/18  16:45:00,3106.266514521247,21.220066225496346
 02/18  17:00:00,2974.948416712914,15.90555714369041
 02/18  17:15:00,7972.343757646984,10.588896355538113
 02/18  17:30:00,7223.1015355675645,5.283521967610621
 02/18  17:45:00,3854.7260194181335,3.9609279265793766
 02/18  18:00:00,3241.616664755741,0.0
 02/18  18:15:00,3177.1126990419525,0.0
 02/18  18:30:00,4714.545457896231,0.0
 02/18  18:45:00,6408.824436637671,0.0
 02/18  19:00:00,6352.277645503296,0.0
 02/18  19:15:00,5073.98087230704,0.0
 02/18  19:30:00,4491.481080650873,0.0
 02/18  19:45:00,3004.6450635811225,0.0
 02/18  20:00:00,3069.6023444932744,0.0
 02/18  20:15:00,3090.900415374822,0.0
 02/18  20:30:00,3070.0444503339404,0.0
 02/18  20:45:00,3085.1109993384684,0.0
 02/18  21:00:00,3111.2176188386547,0.0
 02/18  21:15:00,3103.3909984129823,0.0
 02/18  21:30:00,3061.7281812967108,0.0
 02/18  21:45:00,3058.0962341893,0.0
 02/18  22:00:00,3094.8270912115395,0.0
 02/18  22:15:00,3099.491337883468,0.0
 02/18  22:30:00,3071.0487374857485,0.0
 02/18  22:45:00,3051.7229009107814,0.0
 02/18  23:00:00,3065.8077724343,0.0
 02/18  23:15:00,680.4206905045294,0.0
 02/18  23:30:00,599.7923070383198,0.0
 02/18  23:45:00,621.9751453837506,0.0
 02/18  24:00:00,670.6686278762793,0.0
 02/19  00:15:00,750.2656793042565,0.0
 02/19  00:30:00,772.861491294014,0.0
 02/19  00:45:00,753.9063018234574,0.0
 02/19  01:00:00,747.2957855200907,0.0
 02/19  01:15:00,772.0255616749012,0.0
 02/19  01:30:00,799.1981334675645,0.0
 02/19  01:45:00,793.0458222711784,0.0
 02/19  02:00:00,758.9883296841224,0.0
 02/19  02:15:00,758.5971415925385,0.0
 02/19  02:30:00,800.5910373495285,0.0
 02/19  02:45:00,802.0361874333673,0.0
 02/19  03:00:00,771.3537727063521,0.0
 02/19  03:15:00,760.3702028773783,0.0
 02/19  03:30:00,783.1216119263338,0.0
 02/19  03:45:00,801.6371724002013,0.0
 02/19  04:00:00,796.7046300934732,0.0
 02/19  04:15:00,769.9096636932188,0.0
 02/19  04:30:00,798.1137935759963,0.0
 02/19  04:45:00,799.2634299023765,0.0
 02/19  05:00:00,806.2906871933848,0.0
 02/19  05:15:00,800.7289152418267,0.0
 02/19  05:30:00,809.2847478447281,0.0
 02/19  05:45:00,826.7275254422733,0.0
 02/19  06:00:00,837.8071879165037,0.0
 02/19  06:15:00,851.3946632278308,0.0
 02/19  06:30:00,1075.8393826552897,0.0
 02/19  06:45:00,825.5863417718143,0.0
 02/19  07:00:00,847.2881572198005,0.0
 02/19  07:15:00,902.61535221287,0.0
 02/19  07:30:00,866.1970600138501,0.0
 02/19  07:45:00,875.6195366974871,0.0
 02/19  08:00:00,877.8479360386289,3.8982113150338478
 02/19  08:15:00,890.2556526353902,5.846701637050409
 02/19  08:30:00,898.4333319130211,7.50311058572597
 02/19  08:45:00,3349.109240309221,13.152284518852435
 02/19  09:00:00,4232.972130381966,18.80747403397579
 02/19  09:15:00,2244.8208317277254,24.46361851199876
 02/19  09:30:00,2374.6970538257647,30.122534428025844
 02/19  09:45:00,2390.76972120678,35.973775242879945
 02/19  10:00:00,4399.101584481049,41.827722345423936
 02/19  10:15:00,2855.590138917817,47.80192904723474
 02/19  10:30:00,2891.8447026654403,54.09566156765581
 02/19  10:45:00,2883.1568685014354,58.67732636589699
 02/19  11:00:00,2857.3896614038376,63.309032286180425
 02/19  11:15:00,7948.216704658626,67.98455667684219
 02/19  11:30:00,6783.424537165148,72.7112606477922
 02/19  11:45:00,3621.1096458711454,75.04819687692286
 02/19  12:00:00,2889.111600354908,77.43748074981126
 02/19  12:15:00,452.9150572207705,79.90314272657326
 02/19  12:30:00,542.9185883678838,82.4194266456351
 02/19  12:45:00,635.8046893315524,82.10006621978368
 02/19  13:00:00,701.4465491952706,81.83610913388992
 02/19  13:15:00,718.8402636670986,81.6189493975785
 02/19  13:30:00,709.4968170111906,81.44823425232704
 02/19  13:45:00,725.5418760344098,78.45378890531028
 02/19  14:00:00,774.1295488994696,75.5171662599227
 02/19  14:15:00,773.6180217333018,72.61046888393233
 02/19  14:30:00,737.1081383321709,69.75120513455408
 02/19  14:45:00,727.5274077310722,64.76226066621834
 02/19  15:00:00,751.6956614195974,59.834830898806835
 02/19  15:15:00,774.8087030274164,54.98413311073612
 02/19  15:30:00,764.1577220484553,50.27655754936284
 02/19  15:45:00,733.3631503132418,44.44433567558102
 02/19  16:00:00,735.706948311471,38.6164299679516
 02/19  16:15:00,3978.074199699844,32.77979124275632
 02/19  16:30:00,3332.8891572487782,26.94896223061471
 02/19  16:45:00,2936.1126350176555,21.500954473108184
 02/19  17:00:00,2800.4478609753746,16.06008810374551
 02/19  17:15:00,7968.304518985653,10.6310261891824
 02/19  17:30:00,6754.692895320186,5.21242299404812
 02/19  17:45:00,3639.519746955952,3.908582847902688
 02/19  18:00:00,3058.5385385453587,0.0
 02/19  18:15:00,2993.1304584640907,0.0
 02/19  18:30:00,4540.951297018311,0.0
 02/19  18:45:00,6236.209852088156,0.0
 02/19  19:00:00,6178.73744390798,0.0
 02/19  19:15:00,4901.195643523799,0.0
 02/19  19:30:00,4320.0209106111615,0.0
 02/19  19:45:00,2828.320943495246,0.0
 02/19  20:00:00,2889.801113645917,0.0
 02/19  20:15:00,2910.9536167259603,0.0
 02/19  20:30:00,2889.721986419934,0.0
 02/19  20:45:00,2904.156458187228,0.0
 02/19  21:00:00,2929.6495001883195,0.0
 02/19  21:15:00,2920.934665719779,0.0
 02/19  21:30:00,2877.2672369761003,0.0
 02/19  21:45:00,2872.627257167855,0.0
 02/19  22:00:00,2907.791815932193,0.0
 02/19  22:15:00,2910.38524929129,0.0
 02/19  22:30:00,2880.148379655033,0.0
 02/19  22:45:00,2858.604368393609,0.0
 02/19  23:00:00,2870.7104252229306,0.0
 02/19  23:15:00,518.6007716656284,0.0
 02/19  23:30:00,407.7169388307324,0.0
 02/19  23:45:00,412.00551814054745,0.0
 02/19  24:00:00,448.3993933768884,0.0
 02/20  00:15:00,1335.0668191820391,0.0
 02/20  00:30:00,500.1425333966105,0.0
 02/20  00:45:00,641.2081793450714,0.0
 02/20  01:00:00,480.72536742391657,0.0
 02/20  01:15:00,526.2292601870238,0.0
 02/20  01:30:00,572.0887759827639,0.0
 02/20  01:45:00,568.8923867272547,0.0
 02/20  02:00:00,536.6662746497481,0.0
 02/20  02:15:00,544.0494323915485,0.0
 02/20  02:30:00,593.8144079371594,0.0
 02/20  02:45:00,602.9146452022379,0.0
 02/20  03:00:00,578.2196506289514,0.0
 02/20  03:15:00,566.6816783502685,0.0
 02/20  03:30:00,588.6817189764735,0.0
 02/20  03:45:00,619.2381994017346,0.0
 02/20  04:00:00,616.5627017163753,0.0
 02/20  04:15:00,580.6181026105057,0.0
 02/20  04:30:00,583.8800889744302,0.0
 02/20  04:45:00,627.8770589123969,0.0
 02/20  05:00:00,637.4041358039415,0.0
 02/20  05:15:00,613.9623795710764,0.0
 02/20  05:30:00,600.5495782920165,0.0
 02/20  05:45:00,619.6375695167483,0.0
 02/20  06:00:00,655.0027636230286,0.0
 02/20  06:15:00,675.3879033958171,0.0
 02/20  06:30:00,898.8442777547427,0.0
 02/20  06:45:00,669.8080730554204,0.0
 02/20  07:00:00,674.5091500731728,0.0
 02/20  07:15:00,677.1645168309016,0.0
 02/20  07:30:00,679.6811023567831,0.0
 02/20  07:45:00,636.2674314760983,0.0
 02/20  08:00:00,638.338299956093,6.684522768538584
 02/20  08:15:00,671.1922474611621,9.694208504783049
 02/20  08:30:00,682.4083469714976,12.91214403308205
 02/20  08:45:00,3257.9486021666185,36.03230547836431
 02/20  09:00:00,4128.268561632884,60.686429582092
 02/20  09:15:00,2133.576375490344,86.59433095292387
 02/20  09:30:00,2224.6456681758877,113.6897583186485
 02/20  09:45:00,2212.286350701057,163.94875058945718
 02/20  10:00:00,4205.240012413173,208.40584778888876
 02/20  10:15:00,2660.621315605671,255.8023667478376
 02/20  10:30:00,2676.430834999964,305.6553437578225
 02/20  10:45:00,2651.6200305507627,328.30995137808594
 02/20  11:00:00,2612.1795290574973,351.14727646704154
 02/20  11:15:00,7942.843282687792,373.3364332342394
 02/20  11:30:00,6165.831883780097,395.0744645602914
 02/20  11:45:00,3227.179281642794,399.78167787377305
 02/20  12:00:00,2585.827420297956,404.15281320479295
 02/20  12:15:00,223.495259728849,409.2425965977664
 02/20  12:30:00,246.45734393324895,413.54300281805456
 02/20  12:45:00,297.0119361095992,397.858406197932
 02/20  13:00:00,335.48205236382324,381.3586589797522
 02/20  13:15:00,333.6788601418657,363.58534516822647
 02/20  13:30:00,318.0493004486857,329.22094945353626
 02/20  13:45:00,328.27093488001884,323.0346401851732
 02/20  14:00:00,372.9141593230361,316.4858646656604
 02/20  14:15:00,372.483991222511,326.2157180384549
 02/20  14:30:00,334.91831690365603,318.5224023306242
 02/20  14:45:00,322.72621001211087,311.598353912687
 02/20  15:00:00,342.51420052355013,303.9737038917153
 02/20  15:15:00,354.47836653048955,295.4354457827364
 02/20  15:30:00,330.8440920594103,286.1350325970364
 02/20  15:45:00,293.9822241398849,251.48763886011903
 02/20  16:00:00,293.6760762431944,217.88882419613034
 02/20  16:15:00,3683.1765053889385,185.36299903997562
 02/20  16:30:00,2933.048232975425,154.00874563806155
 02/20  16:45:00,2544.745825584686,117.30580625693031
 02/20  17:00:00,2428.0133887718093,82.98816657763533
 02/20  17:15:00,7962.743018637194,44.92018181142562
 02/20  17:30:00,6120.251834062368,16.639250734451696
 02/20  17:45:00,3224.1696213519213,12.507929934349235
 02/20  18:00:00,2752.960451720239,0.0
 02/20  18:15:00,2695.6796679403624,0.0
 02/20  18:30:00,4251.793725730719,0.0
 02/20  18:45:00,5968.9670088361,0.0
 02/20  19:00:00,5915.141288377858,0.0
 02/20  19:15:00,4642.675722152049,0.0
 02/20  19:30:00,4067.027576338727,0.0
 02/20  19:45:00,2584.2798351924253,0.0
 02/20  20:00:00,2637.968296520966,0.0
 02/20  20:15:00,2662.5694772602856,0.0
 02/20  20:30:00,2644.412350370604,0.0
 02/20  20:45:00,2662.027087249786,0.0
 02/20  21:00:00,2690.8198627431025,0.0
 02/20  21:15:00,2686.6781542672597,0.0
 02/20  21:30:00,2648.2640645146007,0.0
 02/20  21:45:00,2649.103654513659,0.0
 02/20  22:00:00,2690.3108914174986,0.0
 02/20  22:15:00,2694.3253657374576,0.0
 02/20  22:30:00,2664.542746958612,0.0
 02/20  22:45:00,2643.1291773886023,0.0
 02/20  23:00:00,2655.634221057332,0.0
 02/20  23:15:00,400.5934904563777,0.0
 02/20  23:30:00,230.6673559918616,0.0
 02/20  23:45:00,236.74336959526727,0.0
 02/20  24:00:00,254.00305699656064,0.0
 02/21  00:15:00,324.01186230453203,0.0
 02/21  00:30:00,344.1951936498543,0.0
 02/21  00:45:00,328.4642435075718,0.0
 02/21  01:00:00,330.4041985277685,0.0
 02/21  01:15:00,361.8267757913676,0.0
 02/21  01:30:00,396.0833123904551,0.0
 02/21  01:45:00,396.1887715044503,0.0
 02/21  02:00:00,368.3473823248543,0.0
 02/21  02:15:00,376.5432594908435,0.0
 02/21  02:30:00,426.4038088532287,0.0
 02/21  02:45:00,436.5013325376118,0.0
 02/21  03:00:00,412.64415313361127,0.0
 02/21  03:15:00,403.896565900026,0.0
 02/21  03:30:00,428.15895304618624,0.0
 02/21  03:45:00,461.7145810357299,0.0
 02/21  04:00:00,461.4502453849674,0.0
 02/21  04:15:00,426.8924395702904,0.0
 02/21  04:30:00,433.3318419278239,0.0
 02/21  04:45:00,477.88445584794,0.0
 02/21  05:00:00,489.9742203397119,0.0
 02/21  05:15:00,468.0384927221126,0.0
 02/21  05:30:00,455.6635789805374,0.0
 02/21  05:45:00,476.7983533472626,0.0
 02/21  06:00:00,513.0075477579762,0.0
 02/21  06:15:00,533.3749054485422,0.0
 02/21  06:30:00,756.4311898051351,0.0
 02/21  06:45:00,526.7054197919017,0.0
 02/21  07:00:00,531.0459256877189,0.0
 02/21  07:15:00,534.373023976749,0.0
 02/21  07:30:00,538.2139962030147,0.0
 02/21  07:45:00,495.696713267608,0.0
 02/21  08:00:00,497.8884438628405,7.085501826212648
 02/21  08:15:00,530.9996532326588,10.264963632570828
 02/21  08:30:00,543.1433504995819,13.670571798096962
 02/21  08:45:00,3212.251686540185,18.414507657475802
 02/21  09:00:00,4014.748474968873,23.15638887433366
 02/21  09:15:00,2025.1163876533897,27.903922213388906
 02/21  09:30:00,2114.532417278961,32.652660468174865
 02/21  09:45:00,2113.542183680781,38.54936647898907
 02/21  10:00:00,4101.894498673558,44.446158501431384
 02/21  10:15:00,2582.7285640675223,50.6200500478141
 02/21  10:30:00,2613.933450073719,56.9628499888199
 02/21  10:45:00,2608.764990036095,61.80685200274867
 02/21  11:00:00,2587.1906331579507,66.70240589378813
 02/21  11:15:00,7942.892953274356,71.65094863342706
 02/21  11:30:00,6185.054708812682,76.65672516192168
 02/21  11:45:00,3259.7064057069056,78.81151427768644
 02/21  12:00:00,2640.084907146073,81.02367605628677
 02/21  12:15:00,269.0590661347128,83.26283685258306
 02/21  12:30:00,310.8805850752772,85.55011455611985
 02/21  12:45:00,376.1586363083341,85.2053806042461
 02/21  13:00:00,425.2965965058482,84.91239634403104
 02/21  13:15:00,431.44938211831504,84.65665891835702
 02/21  13:30:00,420.5089945487862,84.44626105639631
 02/21  13:45:00,435.1057090950833,95.95247706986035
 02/21  14:00:00,482.1466136712184,107.78061575713326
 02/21  14:15:00,478.98575712710914,119.96715827535841
 02/21  14:30:00,435.7677703475304,132.64870094902102
 02/21  14:45:00,425.87869455409736,111.54273919320211
 02/21  15:00:00,453.5641307801173,91.19990100155661
 02/21  15:15:00,484.5189563531465,71.62381339640186
 02/21  15:30:00,483.82501599662,52.773479228588975
 02/21  15:45:00,459.3638341788114,46.672874987011134
 02/21  16:00:00,466.8270054608452,40.623383594348596
 02/21  16:15:00,3838.853731027425,34.60773464937503
 02/21  16:30:00,3104.366645629588,28.587985356298038
 02/21  16:45:00,2710.780611856277,22.943279304218425
 02/21  17:00:00,2584.259948135917,17.296304661280598
 02/21  17:15:00,7964.526573749779,11.638407493423156
 02/21  17:30:00,6262.047873304897,5.994145946927957
 02/21  17:45:00,3338.9774338750603,4.493032972310206
 02/21  18:00:00,2858.0928637406632,3.117131857380378
 02/21  18:15:00,2634.7558113226683,0.0
 02/21  18:30:00,4363.814971052715,0.0
 02/21  18:45:00,6077.795347444573,0.0
 02/21  19:00:00,6028.593562110273,0.0
 02/21  19:15:00,4753.049247545437,0.0
 02/21  19:30:00,4172.404618632636,0.0
 02/21  19:45:00,2683.212549575212,0.0
 02/21  20:00:00,2737.2152422518584,0.0
 02/21  20:15:00,2756.564494031327,0.0
 02/21  20:30:00,2732.811837029098,0.0
 02/21  20:45:00,2744.997937772545,0.0
 02/21  21:00:00,2767.97007957512,0.0
 02/21  21:15:00,2772.460395112801,0.0
 02/21  21:30:00,2747.206635013128,0.0
 02/21  21:45:00,2761.647432964193,0.0
 02/21  22:00:00,2818.304720282222,0.0
 02/21  22:15:00,2825.6299996632715,0.0
 02/21  22:30:00,2796.3433225540607,0.0
 02/21  22:45:00,2774.384946471789,0.0
 02/21  23:00:00,2785.67415757052,0.0
 02/21  23:15:00,489.1820118428704,0.0
 02/21  23:30:00,362.8210487672324,0.0
 02/21  23:45:00,371.6005752202512,0.0
 02/21  24:00:00,414.0927691409449,0.0
 02/22  00:15:00,2366.616934962345,0.0
 02/22  00:30:00,1675.7474735509438,0.0
 02/22  00:45:00,1937.461248475052,0.0
 02/22  01:00:00,510.8599274674308,0.0
 02/22  01:15:00,521.670628519603,0.0
 02/22  01:30:00,554.2147685374849,0.0
 02/22  01:45:00,550.7545394139089,0.0
 02/22  02:00:00,519.483864127139,0.0
 02/22  02:15:00,529.267993351899,0.0
 02/22  02:30:00,582.5006725333066,0.0
 02/22  02:45:00,594.239691835663,0.0
 02/22  03:00:00,573.9126971437572,0.0
 02/22  03:15:00,563.0344573055974,0.0
 02/22  03:30:00,587.0684813316909,0.0
 02/22  03:45:00,618.1239876477271,0.0
 02/22  04:00:00,617.7044291495091,0.0
 02/22  04:15:00,582.4214446657389,0.0
 02/22  04:30:00,587.4690367405154,0.0
 02/22  04:45:00,632.3987734465172,0.0
 02/22  05:00:00,643.0361166175912,0.0
 02/22  05:15:00,623.3102196871753,0.0
 02/22  05:30:00,612.5655950803061,0.0
 02/22  05:45:00,636.2355220690507,0.0
 02/22  06:00:00,674.1624197198518,0.0
 02/22  06:15:00,701.71471462102,0.0
 02/22  06:30:00,931.9728684877576,0.0
 02/22  06:45:00,711.2307017235989,0.0
 02/22  07:00:00,722.1905521434455,0.0
 02/22  07:15:00,724.8857471497712,0.0
 02/22  07:30:00,724.2066031557729,0.0
 02/22  07:45:00,680.1299218269226,0.0
 02/22  08:00:00,690.8330354265069,8.33793543577241
 02/22  08:15:00,739.0840309373298,11.712772780721942
 02/22  08:30:00,763.6738561057742,15.356190448228089
 02/22  08:45:00,3270.479614472661,25.846704062300564
 02/22  09:00:00,4167.706681787897,37.15660463780113
 02/22  09:15:00,2176.026216990651,48.39682785987533
 02/22  09:30:00,2287.22701035022,59.64687866251881
 02/22  09:45:00,2288.304922125081,70.9649833887075
 02/22  10:00:00,4279.698420518037,82.39479877518265
 02/22  10:15:00,2750.755741507152,94.07476593686602
 02/22  10:30:00,2789.1948908804925,105.93257555204319
 02/22  10:45:00,2781.72186350154,132.52291242599898
 02/22  11:00:00,2754.5451581764514,174.40663408866814
 02/22  11:15:00,7945.735363901746,205.01798515221992
 02/22  11:30:00,6518.074172802722,236.57470005089112
 02/22  11:45:00,3461.6150803818737,267.31383671582665
 02/22  12:00:00,2759.836197095108,299.01455434675603
 02/22  12:15:00,341.0071203668507,348.9837363633435
 02/22  12:30:00,387.3650928232389,381.63295644846016
 02/22  12:45:00,453.1429383234336,380.3274380982122
 02/22  13:00:00,499.6119462245793,378.7149720797658
 02/22  13:15:00,497.01162893570375,376.7746077172294
 02/22  13:30:00,474.7207741846474,374.35695714814625
 02/22  13:45:00,478.96954927016816,364.12250543163054
 02/22  14:00:00,517.4230725139954,353.50154872579503
 02/22  14:15:00,518.5102622767663,342.78787714837625
 02/22  14:30:00,481.073823348763,331.7410468723217
 02/22  14:45:00,472.42723732866114,312.2657225089223
 02/22  15:00:00,497.49445972373735,292.55883152912514
 02/22  15:15:00,521.205152310104,272.6090106717838
 02/22  15:30:00,511.9527110242065,252.43985843344504
 02/22  15:45:00,476.854627154471,243.04962778190762
 02/22  16:00:00,475.0154217888613,232.02989217351148
 02/22  16:15:00,3825.263883903363,230.61771491472032
 02/22  16:30:00,3071.542819867779,214.81848596910913
 02/22  16:45:00,2682.8700322280733,160.77692832311655
 02/22  17:00:00,2568.116006529812,103.09862428201953
 02/22  17:15:00,7964.59547583918,60.189525535194065
 02/22  17:30:00,6330.188044189803,17.568378270095515
 02/22  17:45:00,3401.542955833027,13.197343169297572
 02/22  18:00:00,2926.3386145319246,9.114849173288098
 02/22  18:15:00,2700.989621514825,0.0
 02/22  18:30:00,4416.861943071501,0.0
 02/22  18:45:00,6098.09112745053,0.0
 02/22  19:00:00,6044.293420035771,0.0
 02/22  19:15:00,4795.162310133388,0.0
 02/22  19:30:00,4239.682886193867,0.0
 02/22  19:45:00,2776.8425813468857,0.0
 02/22  20:00:00,2859.657298022135,0.0
 02/22  20:15:00,2879.4244765464173,0.0
 02/22  20:30:00,2851.268962213805,0.0
 02/22  20:45:00,2858.461837807031,0.0
 02/22  21:00:00,2876.303145597853,0.0
 02/22  21:15:00,2875.0406404683085,0.0
 02/22  21:30:00,2842.0727165164617,0.0
 02/22  21:45:00,2849.787799520348,0.0
 02/22  22:00:00,2898.836311048797,0.0
 02/22  22:15:00,2905.099489268058,0.0
 02/22  22:30:00,2876.317074866416,0.0
 02/22  22:45:00,2856.0981284154645,0.0
 02/22  23:00:00,2869.1071850442145,0.0
 02/22  23:15:00,522.1894376221742,0.0
 02/22  23:30:00,404.0879821752313,0.0
 02/22  23:45:00,405.7711588251417,0.0
 02/22  24:00:00,440.9685481687844,0.0
 02/23  00:15:00,2127.9149027462568,0.0
 02/23  00:30:00,1222.8380400432638,0.0
 02/23  00:45:00,410.1654527446273,0.0
 02/23  01:00:00,409.7653553225797,0.0
 02/23  01:15:00,424.3087338284325,0.0
 02/23  01:30:00,550.2221743081894,0.0
 02/23  01:45:00,535.3029974511584,0.0
 02/23  02:00:00,522.1933738075683,0.0
 02/23  02:15:00,532.5044378666157,0.0
 02/23  02:30:00,586.0981221159175,0.0
 02/23  02:45:00,598.2875459475399,0.0
 02/23  03:00:00,577.0156442390019,0.0
 02/23  03:15:00,571.954656120472,0.0
 02/23  03:30:00,601.4324908946777,0.0
 02/23  03:45:00,638.5666069278176,0.0
 02/23  04:00:00,642.5432608855017,0.0
 02/23  04:15:00,611.2884826371148,0.0
 02/23  04:30:00,619.7287456337231,0.0
 02/23  04:45:00,667.6537241396059,0.0
 02/23  05:00:00,682.4157219030511,0.0
 02/23  05:15:00,667.6629733210931,0.0
 02/23  05:30:00,662.8473907268044,0.0
 02/23  05:45:00,691.1680675852274,0.0
 02/23  06:00:00,734.6274282816626,0.0
 02/23  06:15:00,747.9111472925385,0.0
 02/23  06:30:00,963.9436704206444,0.0
 02/23  06:45:00,728.0041078932665,0.0
 02/23  07:00:00,724.8713980903922,0.0
 02/23  07:15:00,729.8408681862053,0.0
 02/23  07:30:00,752.1974290820539,0.0
 02/23  07:45:00,743.3212292350137,0.0
 02/23  08:00:00,776.4380922826545,5.15616032107134
 02/23  08:15:00,791.0277063243278,7.450999968381058
 02/23  08:30:00,2863.599314890746,9.93768694182699
 02/23  08:45:00,2729.6782817792982,16.276107559384865
 02/23  09:00:00,4171.011295228188,22.626077354305018
 02/23  09:15:00,2200.837890576517,28.99238645271899
 02/23  09:30:00,2330.793355103672,35.37075300401359
 02/23  09:45:00,4389.826555264828,52.33976513003841
 02/23  10:00:00,4250.687830989375,70.5651586342672
 02/23  10:15:00,2789.131914784418,89.18778924621515
 02/23  10:30:00,2830.309791257981,108.19857472622041
 02/23  10:45:00,2833.106508680656,117.07381079267621
 02/23  11:00:00,2808.005326005064,126.23372618357735
 02/23  11:15:00,2777.78281563836,135.8154596773074
 02/23  11:30:00,2781.9406411795603,145.64422528577452
 02/23  11:45:00,2822.813879304483,149.79180242237177
 02/23  12:00:00,2823.8365912444992,154.1036148488556
 02/23  12:15:00,2276.0766449756943,158.25348225254584
 02/23  12:30:00,2279.9679793320724,162.51552156515442
 02/23  12:45:00,2304.045666064796,169.90915589882374
 02/23  13:00:00,2318.3379309063976,177.47178777889582
 02/23  13:15:00,2881.528192210888,185.43884892478832
 02/23  13:30:00,2753.5243215848864,193.7311341771345
 02/23  13:45:00,2712.159634069231,199.60486541446346
 02/23  14:00:00,2734.9136287911087,223.84146288841976
 02/23  14:15:00,2715.352524458498,228.7713043424732
 02/23  14:30:00,2664.628266325873,233.32977345830454
 02/23  14:45:00,2649.3659060235827,224.99286625812783
 02/23  15:00:00,2670.7986684532534,216.61738071955816
 02/23  15:15:00,2678.638364393312,207.71239756262113
 02/23  15:30:00,2650.182899349897,198.7562346206676
 02/23  15:45:00,2601.615753504424,178.74784821702053
 02/23  16:00:00,2588.753679339681,159.07633983060683
 02/23  16:15:00,3045.8576749667805,139.92468492131763
 02/23  16:30:00,3047.723695738806,121.03623461123784
 02/23  16:45:00,2720.3297483745264,91.91601206645551
 02/23  17:00:00,2609.0607051714514,64.36523845435308
 02/23  17:15:00,2645.839420435288,38.592020343010766
 02/23  17:30:00,7989.968154179532,15.23561182499973
 02/23  17:45:00,6789.724252730318,11.433668403225154
 02/23  18:00:00,3717.209225244245,7.902982773343893
 02/23  18:15:00,2789.3834683294904,0.0
 02/23  18:30:00,2918.795566848062,0.0
 02/23  18:45:00,6111.462103050889,0.0
 02/23  19:00:00,6126.547325064496,0.0
 02/23  19:15:00,4873.485676373666,0.0
 02/23  19:30:00,4293.546294229104,0.0
 02/23  19:45:00,3107.8103381533974,0.0
 02/23  20:00:00,2922.34926279439,0.0
 02/23  20:15:00,8129.724171328971,0.0
 02/23  20:30:00,6494.744593018731,0.0
 02/23  20:45:00,3314.8538765070216,0.0
 02/23  21:00:00,2949.814832599503,0.0
 02/23  21:15:00,2912.895229498434,0.0
 02/23  21:30:00,2868.3126144305675,0.0
 02/23  21:45:00,2871.8693950930906,0.0
 02/23  22:00:00,2915.883165417021,0.0
 02/23  22:15:00,2921.260826885157,0.0
 02/23  22:30:00,2892.316644005811,0.0
 02/23  22:45:00,2871.8374679896037,0.0
 02/23  23:00:00,2885.566972005517,0.0
 02/23  23:15:00,2469.381144737092,0.0
 02/23  23:30:00,307.6526632783778,0.0
 02/23  23:45:00,325.8437467568784,0.0
 02/23  24:00:00,367.4651462475835,0.0
 02/24  00:15:00,2241.949083367526,0.0
 02/24  00:30:00,2129.3504518947675,0.0
 02/24  00:45:00,465.4724847280151,0.0
 02/24  01:00:00,471.58416042978206,0.0
 02/24  01:15:00,506.9174216783694,0.0
 02/24  01:30:00,546.902581666245,0.0
 02/24  01:45:00,590.5398240014634,0.0
 02/24  02:00:00,548.6744051440543,0.0
 02/24  02:15:00,566.3755283901046,0.0
 02/24  02:30:00,624.0827797278737,0.0
 02/24  02:45:00,643.7809291319962,0.0
 02/24  03:00:00,628.0533367782823,0.0
 02/24  03:15:00,621.8251832594649,0.0
 02/24  03:30:00,647.4899156775566,0.0
 02/24  03:45:00,682.4742953470442,0.0
 02/24  04:00:00,683.2426465339101,0.0
 02/24  04:15:00,652.2710739837675,0.0
 02/24  04:30:00,661.503736674997,0.0
 02/24  04:45:00,709.7951302319038,0.0
 02/24  05:00:00,723.735990444041,0.0
 02/24  05:15:00,705.4069459496911,0.0
 02/24  05:30:00,695.029936748225,0.0
 02/24  05:45:00,729.2143819840244,0.0
 02/24  06:00:00,758.0905394271922,0.0
 02/24  06:15:00,776.603323784291,0.0
 02/24  06:30:00,999.6943608715088,0.0
 02/24  06:45:00,768.1995773212371,0.0
 02/24  07:00:00,772.2744836011282,0.0
 02/24  07:15:00,826.6496383205824,0.0
 02/24  07:30:00,841.7802971768916,0.0
 02/24  07:45:00,848.0384981116886,0.0
 02/24  08:00:00,875.3383773750865,6.018654161711368
 02/24  08:15:00,897.1688980361646,8.32289211083217
 02/24  08:30:00,2906.18437579131,10.83029643001533
 02/24  08:45:00,2832.9877760881864,17.22428975595719
 02/24  09:00:00,4235.741443221345,23.61287363527205
 02/24  09:15:00,2255.5723966219293,30.015176680695674
 02/24  09:30:00,2383.7934127116905,36.41858488314541
 02/24  09:45:00,4437.699882230876,42.62605287615131
 02/24  10:00:00,4296.722140267403,48.926919326156
 02/24  10:15:00,2843.674324350247,55.51822251443612
 02/24  10:30:00,2893.9593292526515,62.15332379135555
 02/24  10:45:00,2904.612580233746,67.03785024485141
 02/24  11:00:00,2887.2370083678097,71.9772252382274
 02/24  11:15:00,2855.5070541382797,76.9526478411138
 02/24  11:30:00,2858.4535067719557,81.9819833252505
 02/24  11:45:00,2896.2858419109543,84.35461893856214
 02/24  12:00:00,2893.839579472257,86.79269793040721
 02/24  12:15:00,2352.7409863932467,89.2691218243504
 02/24  12:30:00,2366.1231221484845,91.78586100038943
 02/24  12:45:00,2403.6306189036345,91.4091757196517
 02/24  13:00:00,2421.417365791095,91.09438263492787
 02/24  13:15:00,2997.562103067538,90.90753641709921
 02/24  13:30:00,2880.621226264936,90.7537472963052
 02/24  13:45:00,2855.1431096966185,87.71479728190722
 02/24  14:00:00,2892.6355725526805,84.7313705081519
 02/24  14:15:00,2880.802247692868,81.78358239557964
 02/24  14:30:00,2836.305304808911,78.88095824111934
 02/24  14:45:00,2811.897785354408,128.72659640355295
 02/24  15:00:00,2818.0686979797406,168.8235422362641
 02/24  15:15:00,2809.2721072019167,220.9500947567684
 02/24  15:30:00,2762.665477662484,256.1709691426566
 02/24  15:45:00,2699.652261103508,254.5038490127282
 02/24  16:00:00,2669.208206520618,262.58392263010995
 02/24  16:15:00,3101.97348618384,255.28698027198595
 02/24  16:30:00,3081.015330647625,245.06994662212958
 02/24  16:45:00,2753.1250076301926,187.2714058738276
 02/24  17:00:00,2644.221442623454,135.15495929093703
 02/24  17:15:00,2687.6310396753324,81.07212467218517
 02/24  17:30:00,7990.959072729616,36.18152193248978
 02/24  17:45:00,6951.278690863642,26.258638981679038
 02/24  18:00:00,3808.5313145744335,16.282124603469537
 02/24  18:15:00,2854.93720019541,0.0
 02/24  18:30:00,2986.625668602845,0.0
 02/24  18:45:00,6178.662699613752,0.0
 02/24  19:00:00,6191.968069150764,0.0
 02/24  19:15:00,4935.099871722718,0.0
 02/24  19:30:00,4350.65324614207,0.0
 02/24  19:45:00,3188.666264256331,0.0
 02/24  20:00:00,2971.47731431835,0.0
 02/24  20:15:00,8131.222070898174,0.0
 02/24  20:30:00,6539.030583070932,0.0
 02/24  20:45:00,3374.04802109717,0.0
 02/24  21:00:00,3026.971610484016,0.0
 02/24  21:15:00,2993.2121267093084,0.0
 02/24  21:30:00,2949.558948167997,0.0
 02/24  21:45:00,2953.771815197057,0.0
 02/24  22:00:00,2998.2756516889463,0.0
 02/24  22:15:00,3008.897022275069,0.0
 02/24  22:30:00,2985.8636384248466,0.0
 02/24  22:45:00,2972.74634969459,0.0
 02/24  23:00:00,2992.7725405857022,0.0
 02/24  23:15:00,2552.0646320837527,0.0
 02/24  23:30:00,372.9446638807058,0.0
 02/24  23:45:00,412.49432775663024,0.0
 02/24  24:00:00,446.5149609271775,0.0
 02/25  00:15:00,684.1736274017944,0.0
 02/25  00:30:00,1519.57551190391,0.0
 02/25  00:45:00,720.766104670625,0.0
 02/25  01:00:00,725.8724415284007,0.0
 02/25  01:15:00,765.7888791024634,0.0
 02/25  01:30:00,805.3615730363047,0.0
 02/25  01:45:00,811.8624758910278,0.0
 02/25  02:00:00,786.4610590328302,0.0
 02/25  02:15:00,1725.1568927014605,0.0
 02/25  02:30:00,2041.830074495787,0.0
 02/25  02:45:00,861.6286544965271,0.0
 02/25  03:00:00,839.058581321706,0.0
 02/25  03:15:00,816.6489017088006,0.0
 02/25  03:30:00,805.5149251575779,0.0
 02/25  03:45:00,838.7309283040231,0.0
 02/25  04:00:00,836.6650444877691,0.0
 02/25  04:15:00,809.7235732120697,0.0
 02/25  04:30:00,827.7095297841247,0.0
 02/25  04:45:00,877.4063894524144,0.0
 02/25  05:00:00,933.462855848741,0.0
 02/25  05:15:00,916.0435130863824,0.0
 02/25  05:30:00,961.5698615688136,0.0
 02/25  05:45:00,978.9521993010004,0.0
 02/25  06:00:00,1006.8799351595784,0.0
 02/25  06:15:00,1039.8442796170484,0.0
 02/25  06:30:00,1279.159272427581,0.0
 02/25  06:45:00,1049.6155312081487,0.0
 02/25  07:00:00,1094.735192731319,0.0
 02/25  07:15:00,1142.3000780825082,0.0
 02/25  07:30:00,1124.0902335462486,0.0
 02/25  07:45:00,1132.8272456084226,9.936306416057153
 02/25  08:00:00,1138.576238073902,21.00836042186814
 02/25  08:15:00,1143.0632207881638,40.6014065653132
 02/25  08:30:00,1138.3601644043763,53.41035924690203
 02/25  08:45:00,3469.5084536901954,75.60092062007074
 02/25  09:00:00,4343.971593122828,98.49134888957872
 02/25  09:15:00,2338.547484530495,122.1535785364739
 02/25  09:30:00,2474.746192926691,146.61738458304953
 02/25  09:45:00,2466.58775746992,171.8468758782392
 02/25  10:00:00,4467.506923270596,210.2012858403327
 02/25  10:15:00,2917.455315853099,239.89660398606995
 02/25  10:30:00,2935.7174579069133,271.0232037257169
 02/25  10:45:00,2907.8055977060926,315.6322831576475
 02/25  11:00:00,2862.2966162116804,362.12081932991657
 02/25  11:15:00,7947.6980587094495,424.79574569772194
 02/25  11:30:00,6681.866511204384,472.68870417568326
 02/25  11:45:00,3540.248979467145,511.5230239649113
 02/25  12:00:00,2782.49746186008,566.7146818125719
 02/25  12:15:00,344.2935989550815,608.0648384094028
 02/25  12:30:00,380.9117456144572,648.693660478227
 02/25  12:45:00,443.9979994136038,602.969838604445
 02/25  13:00:00,495.8646199950613,539.6620049517524
 02/25  13:15:00,512.0279804963711,492.1941573799108
 02/25  13:30:00,507.78782923852384,425.32022133566
 02/25  13:45:00,535.5489528778636,361.1385086625231
 02/25  14:00:00,602.2015330020422,296.76506707654653
 02/25  14:15:00,634.4115137803997,216.51387088741808
 02/25  14:30:00,631.1704622419911,140.6065596457508
 02/25  14:45:00,644.600114502028,131.1100759095203
 02/25  15:00:00,684.5378821210157,121.4569373114752
 02/25  15:15:00,714.1007135793622,111.89740804778279
 02/25  15:30:00,708.8024999746762,102.53826958124961
 02/25  15:45:00,680.772436482991,90.78874854325878
 02/25  16:00:00,687.1190747748649,79.18229866825914
 02/25  16:15:00,3945.473155150271,67.6990561575146
 02/25  16:30:00,3286.459851035567,56.32849448838493
 02/25  16:45:00,2893.147238571641,45.06468716528685
 02/25  17:00:00,2763.076935873961,33.91334657423169
 02/25  17:15:00,7967.891963852036,23.737892787095674
 02/25  17:30:00,6714.501212065832,13.650567027762044
 02/25  17:45:00,3618.390335172128,10.242257425011724
 02/25  18:00:00,3053.973631766197,6.829735874230884
 02/25  18:15:00,2826.2612060404217,0.0
 02/25  18:30:00,4546.307840922953,0.0
 02/25  18:45:00,6246.834938115905,0.0
 02/25  19:00:00,6190.223862109081,0.0
 02/25  19:15:00,4916.412486760275,0.0
 02/25  19:30:00,4340.04305490753,0.0
 02/25  19:45:00,2856.875594269264,0.0
 02/25  20:00:00,2923.8548937366104,0.0
 02/25  20:15:00,2949.4806524225432,0.0
 02/25  20:30:00,2932.704279923071,0.0
 02/25  20:45:00,2951.540002524063,0.0
 02/25  21:00:00,2981.302875971303,0.0
 02/25  21:15:00,2974.4850487483413,0.0
 02/25  21:30:00,2932.2461942695086,0.0
 02/25  21:45:00,2928.7224185627247,0.0
 02/25  22:00:00,2964.940032415586,0.0
 02/25  22:15:00,2971.355003304421,0.0
 02/25  22:30:00,2944.77292484802,0.0
 02/25  22:45:00,2926.922030984272,0.0
 02/25  23:00:00,2943.848748876911,0.0
 02/25  23:15:00,581.3549760025857,0.0
 02/25  23:30:00,480.4504100004749,0.0
 02/25  23:45:00,494.1764379999733,0.0
 02/25  24:00:00,540.2569173094823,0.0
 02/26  00:15:00,622.7534360854671,0.0
 02/26  00:30:00,648.6666895497652,0.0
 02/26  00:45:00,633.5706799031275,0.0
 02/26  01:00:00,633.0942485626632,0.0
 02/26  01:15:00,660.4942046059402,0.0
 02/26  01:30:00,692.031300703941,0.0
 02/26  01:45:00,688.4579377511731,0.0
 02/26  02:00:00,656.8657234519428,0.0
 02/26  02:15:00,660.8210925883079,0.0
 02/26  02:30:00,707.9623331039671,0.0
 02/26  02:45:00,714.833144438145,0.0
 02/26  03:00:00,688.2716264042867,0.0
 02/26  03:15:00,675.8783747969937,0.0
 02/26  03:30:00,695.9100925865773,0.0
 02/26  03:45:00,727.142904574749,0.0
 02/26  04:00:00,723.263386932239,0.0
 02/26  04:15:00,685.3608110026757,0.0
 02/26  04:30:00,692.1938130916487,0.0
 02/26  04:45:00,731.3150054088225,0.0
 02/26  05:00:00,740.454162562578,0.0
 02/26  05:15:00,717.1848235132622,0.0
 02/26  05:30:00,723.5878184334601,0.0
 02/26  05:45:00,742.2362465075628,0.0
 02/26  06:00:00,755.8718738461388,0.0
 02/26  06:15:00,776.4083354086528,0.0
 02/26  06:30:00,998.1811834123316,0.0
 02/26  06:45:00,769.5362396944562,0.0
 02/26  07:00:00,771.7258256614956,0.0
 02/26  07:15:00,806.146814756988,0.0
 02/26  07:30:00,784.8126172961556,0.0
 02/26  07:45:00,802.8433771450668,3.7514678478648706
 02/26  08:00:00,809.9297981766348,6.714979761620168
 02/26  08:15:00,826.0319645539,9.32282171629783
 02/26  08:30:00,833.8393099029244,12.174271658499809
 02/26  08:45:00,3312.2507705551498,18.662605788780656
 02/26  09:00:00,4207.373986875999,25.152134118032585
 02/26  09:15:00,2219.813245724763,31.615810646479975
 02/26  09:30:00,2348.6957343443623,38.0718891826076
 02/26  09:45:00,2361.8147053821413,44.1379995749075
 02/26  10:00:00,4366.310219723415,50.42059166007418
 02/26  10:15:00,2823.424596601751,56.89017858560294
 02/26  10:30:00,2857.277219953881,63.40657898020312
 02/26  10:45:00,2843.599024484745,83.54741910328104
 02/26  11:00:00,2811.698466594173,104.32615693252042
 02/26  11:15:00,7947.047182058658,125.72527557067673
 02/26  11:30:00,6664.391897179774,147.70208302838648
 02/26  11:45:00,3551.281503202187,133.09247394640232
 02/26  12:00:00,2834.3649179866275,119.15987478258762
 02/26  12:15:00,415.5092900383314,105.71658864454672
 02/26  12:30:00,502.1926986328818,92.63816652991743
 02/26  12:45:00,595.5123124028056,92.15144911010704
 02/26  13:00:00,664.3074256111656,91.68213976448972
 02/26  13:15:00,682.7811866886221,91.23079928774585
 02/26  13:30:00,673.9532198731075,90.82098298224932
 02/26  13:45:00,686.4865019640417,103.15375176472708
 02/26  14:00:00,728.0858656523887,115.7702237539518
 02/26  14:15:00,720.16356843674,128.68447239689735
 02/26  14:30:00,672.2019308048832,142.04509271473813
 02/26  14:45:00,657.8123357599563,131.79564141261838
 02/26  15:00:00,678.2027594360967,121.85325592123286
 02/26  15:15:00,700.6678795515214,112.22450054847434
 02/26  15:30:00,689.8840793252596,102.81091589243243
 02/26  15:45:00,641.3544304849828,141.165774860886
 02/26  16:00:00,619.5755529082232,177.0288624016215
 02/26  16:15:00,3892.452363574771,196.14244497651353
 02/26  16:30:00,3180.894894795617,220.75432500855433
 02/26  16:45:00,2799.5793064609334,163.58834127290652
 02/26  17:00:00,2663.080423292639,103.2074502657142
 02/26  17:15:00,7965.926214931147,57.406020026063985
 02/26  17:30:00,6501.810273059653,14.254452953110885
 02/26  17:45:00,3503.1097108915988,10.901669718152528
 02/26  18:00:00,2986.6179358831428,7.523761515301555
 02/26  18:15:00,2761.722843075455,0.0
 02/26  18:30:00,4486.938135046044,0.0
 02/26  18:45:00,6189.687961846101,0.0
 02/26  19:00:00,6133.3789986822,0.0
 02/26  19:15:00,4858.574173956962,0.0
 02/26  19:30:00,4280.642082468845,0.0
 02/26  19:45:00,2793.2612807024702,0.0
 02/26  20:00:00,2856.2565846035877,0.0
 02/26  20:15:00,2883.6442332791007,0.0
 02/26  20:30:00,2869.095692835639,0.0
 02/26  20:45:00,2890.8772073690466,0.0
 02/26  21:00:00,2922.831706140525,0.0
 02/26  21:15:00,2925.546299643739,0.0
 02/26  21:30:00,2894.45452410591,0.0
 02/26  21:45:00,2902.397528026242,0.0
 02/26  22:00:00,2951.065065770756,0.0
 02/26  22:15:00,2960.053211445276,0.0
 02/26  22:30:00,2933.395714228288,0.0
 02/26  22:45:00,2916.515174479673,0.0
 02/26  23:00:00,2931.896496439415,0.0
 02/26  23:15:00,565.5064590077584,0.0
 02/26  23:30:00,464.4435414039571,0.0
 02/26  23:45:00,474.5426434764698,0.0
 02/26  24:00:00,517.8107184952742,0.0
 02/27  00:15:00,1378.3256899278117,0.0
 02/27  00:30:00,563.1115131393071,0.0
 02/27  00:45:00,718.4501560007895,0.0
 02/27  01:00:00,556.1307035715593,0.0
 02/27  01:15:00,605.114317350106,0.0
 02/27  01:30:00,653.6316981094845,0.0
 02/27  01:45:00,655.212804930856,0.0
 02/27  02:00:00,628.1614246956599,0.0
 02/27  02:15:00,633.016630636799,0.0
 02/27  02:30:00,679.9488404824223,0.0
 02/27  02:45:00,686.6265554439034,0.0
 02/27  03:00:00,659.0946573951456,0.0
 02/27  03:15:00,649.2237391362801,0.0
 02/27  03:30:00,673.4190610408539,0.0
 02/27  03:45:00,706.5130171575004,0.0
 02/27  04:00:00,706.0703846358612,0.0
 02/27  04:15:00,668.6692140483055,0.0
 02/27  04:30:00,671.5485492043617,0.0
 02/27  04:45:00,713.1429538855058,0.0
 02/27  05:00:00,722.3983749420782,0.0
 02/27  05:15:00,696.3994385184299,0.0
 02/27  05:30:00,689.1090270391318,0.0
 02/27  05:45:00,712.2437919027094,0.0
 02/27  06:00:00,730.0652209000846,0.0
 02/27  06:15:00,751.8855498595601,0.0
 02/27  06:30:00,980.4376192498328,0.0
 02/27  06:45:00,738.9202140844652,0.0
 02/27  07:00:00,748.0170955916185,0.0
 02/27  07:15:00,781.489548841281,0.0
 02/27  07:30:00,787.1942495756977,0.0
 02/27  07:45:00,777.0259882016775,6.711829158544716
 02/27  08:00:00,787.7760517073017,11.614865176877641
 02/27  08:15:00,796.7733568846598,16.41151988996248
 02/27  08:30:00,804.3397086399317,21.363767022782813
 02/27  08:45:00,3306.0288290895264,32.87151234706579
 02/27  09:00:00,4179.704717988479,44.6052800003249
 02/27  09:15:00,2184.6283893824534,56.3534023524923
 02/27  09:30:00,2300.103304044373,68.15131846016165
 02/27  09:45:00,2305.337122673988,79.55723698809697
 02/27  10:00:00,4311.408976469487,91.09582758790867
 02/27  10:15:00,2771.747712685805,102.73102442604835
 02/27  10:30:00,2801.61913577862,114.5153914538804
 02/27  10:45:00,2784.5335347798728,142.18120221498472
 02/27  11:00:00,2748.117977236297,185.26675584127716
 02/27  11:15:00,7945.299642302007,216.91179889162686
 02/27  11:30:00,6465.65079490488,249.51355445109112
 02/27  11:45:00,3434.087788656529,233.57682324828932
 02/27  12:00:00,2751.2502730048727,217.52543926326567
 02/27  12:15:00,344.3588411413514,184.59674162065585
 02/27  12:30:00,408.2261486582957,168.57767822044352
 02/27  12:45:00,491.4243090501615,148.67023655529542
 02/27  13:00:00,558.4162313712566,129.3796923158997
 02/27  13:15:00,579.9522466674073,110.60409736358848
 02/27  13:30:00,577.2787494671434,92.34513976997408
 02/27  13:45:00,597.4467375856434,89.35219869825897
 02/27  14:00:00,648.0816563971053,86.37830843283797
 02/27  14:15:00,657.9631093680664,83.51706731117119
 02/27  14:30:00,630.2528081779377,80.69692464699348
 02/27  14:45:00,629.647040856924,75.30675385497561
 02/27  15:00:00,661.909396650342,69.97444702088795
 02/27  15:15:00,691.5220737575728,64.69778268531603
 02/27  15:30:00,686.6155130897391,59.4646632895385
 02/27  15:45:00,661.9478917564422,52.82119173800905
 02/27  16:00:00,669.5508671709763,46.58010456592485
 02/27  16:15:00,3950.52783423937,40.322610602796686
 02/27  16:30:00,3281.016799914344,34.066669896294535
 02/27  16:45:00,2884.3499556487345,27.812341646127148
 02/27  17:00:00,2751.5245792141227,21.559742307235354
 02/27  17:15:00,7967.320826614025,15.29448813205529
 02/27  17:30:00,6638.514146464027,9.044528105937218
 02/27  17:45:00,3575.1835535532973,6.776578700263596
 02/27  18:00:00,3018.8407026094897,4.51236856144902
 02/27  18:15:00,2787.9057305751667,0.0
 02/27  18:30:00,4508.1649566437045,0.0
 02/27  18:45:00,6204.880946974298,0.0
 02/27  19:00:00,6148.098380187614,0.0
 02/27  19:15:00,4872.406110159966,0.0
 02/27  19:30:00,4293.776732929452,0.0
 02/27  19:45:00,2805.6997042513967,0.0
 02/27  20:00:00,2868.983686677415,0.0
 02/27  20:15:00,2893.15933202794,0.0
 02/27  20:30:00,2875.0531211814905,0.0
 02/27  20:45:00,2892.722665186057,0.0
 02/27  21:00:00,2921.195992970384,0.0
 02/27  21:15:00,2917.4060248677893,0.0
 02/27  21:30:00,2879.5314175598355,0.0
 02/27  21:45:00,2880.129788637634,0.0
 02/27  22:00:00,2921.45036050319,0.0
 02/27  22:15:00,2930.2368286472765,0.0
 02/27  22:30:00,2906.6288421732625,0.0
 02/27  22:45:00,2891.613965092324,0.0
 02/27  23:00:00,2910.7249343707304,0.0
 02/27  23:15:00,549.7024070333944,0.0
 02/27  23:30:00,451.23300371108064,0.0
 02/27  23:45:00,462.3422249853461,0.0
 02/27  24:00:00,506.5371428535576,0.0
 02/28  00:15:00,588.5797595000407,0.0
 02/28  00:30:00,616.3781101475348,0.0
 02/28  00:45:00,603.2088156837946,0.0
 02/28  01:00:00,603.8026602352606,0.0
 02/28  01:15:00,633.0332958470144,0.0
 02/28  01:30:00,664.9584304898723,0.0
 02/28  01:45:00,662.2618524004665,0.0
 02/28  02:00:00,632.001951179741,0.0
 02/28  02:15:00,636.8130842091183,0.0
 02/28  02:30:00,685.445552190826,0.0
 02/28  02:45:00,692.5259838183927,0.0
 02/28  03:00:00,666.8737428332358,0.0
 02/28  03:15:00,655.9770215265088,0.0
 02/28  03:30:00,678.0431392713697,0.0
 02/28  03:45:00,710.4366055618631,0.0
 02/28  04:00:00,707.9592079412289,0.0
 02/28  04:15:00,671.3339930402549,0.0
 02/28  04:30:00,674.9495231545334,0.0
 02/28  04:45:00,717.1083528312245,0.0
 02/28  05:00:00,727.3283250270655,0.0
 02/28  05:15:00,708.7760203775389,0.0
 02/28  05:30:00,726.6333389744965,0.0
 02/28  05:45:00,757.0163688477985,0.0
 02/28  06:00:00,784.4840415957859,0.0
 02/28  06:15:00,808.9448343599796,0.0
 02/28  06:30:00,1036.365178690295,0.0
 02/28  06:45:00,789.2277983093858,0.0
 02/28  07:00:00,808.4279141612349,0.0
 02/28  07:15:00,842.7764792930378,0.0
 02/28  07:30:00,842.4322028224079,0.0
 02/28  07:45:00,832.4014296105481,14.535667717067746
 02/28  08:00:00,829.313553955061,35.85859137948617
 02/28  08:15:00,824.5770276081279,58.41196724189726
 02/28  08:30:00,814.9330057233798,76.65596062068889
 02/28  08:45:00,3291.569309879268,105.54829340268265
 02/28  09:00:00,4162.620610781615,135.99831296842584
 02/28  09:15:00,2159.8276928419305,167.87343774576203
 02/28  09:30:00,2258.4882488733365,201.11375229336716
 02/28  09:45:00,2250.147425633002,219.010137010228
 02/28  10:00:00,4250.423967318797,236.9193906257231
 02/28  10:15:00,2710.554573706016,254.92688366035856
 02/28  10:30:00,2735.1648132229,272.7929769966665
 02/28  10:45:00,2716.2053579769727,311.53132428183727
 02/28  11:00:00,2678.668805043176,352.28118299508446
 02/28  11:15:00,7943.738468957668,409.94225662630373
 02/28  11:30:00,6242.683538341286,452.8993750844706
 02/28  11:45:00,3274.9043526132546,485.5581220758326
 02/28  12:00:00,2611.447357753086,518.1342996892654
 02/28  12:15:00,226.44499244719043,550.8094915301505
 02/28  12:30:00,240.93817912569835,600.571132866646
 02/28  12:45:00,285.70248684750123,563.7235296939989
 02/28  13:00:00,317.63402815268086,544.2394764020381
 02/28  13:15:00,313.8661536675636,523.3107500918479
 02/28  13:30:00,289.74473290032154,501.2109642382753
 02/28  13:45:00,301.2164249898815,423.8233560803687
 02/28  14:00:00,355.402560010731,328.74768017684517
 02/28  14:15:00,371.59742931255954,253.03836643255474
 02/28  14:30:00,364.4530908274972,149.2395166166189
 02/28  14:45:00,366.8911763326404,153.7169564025736
 02/28  15:00:00,395.7641332703092,170.73725353410916
 02/28  15:15:00,418.6588450702433,174.3067932630314
 02/28  15:30:00,404.98410561331536,177.76940337321776
 02/28  15:45:00,371.0051006295091,167.25174435119064
 02/28  16:00:00,370.4982687619147,156.47124922237344
 02/28  16:15:00,3734.11918504685,145.3279384249549
 02/28  16:30:00,2992.2163084821973,133.80955698771703
 02/28  16:45:00,2592.824986067607,104.38039510256975
 02/28  17:00:00,2465.7679162181525,76.62422973056685
 02/28  17:15:00,7963.108100789324,50.70541055429788
 02/28  17:30:00,6149.360185857127,24.801051037735682
 02/28  17:45:00,3249.696892735732,18.80285583565782
 02/28  18:00:00,2777.885200922273,12.789761649301115
 02/28  18:15:00,2550.2949691614385,0.0
 02/28  18:30:00,4275.507943718438,0.0
 02/28  18:45:00,5985.205511707301,0.0
 02/28  19:00:00,5925.477558284187,0.0
 02/28  19:15:00,4648.713466465908,0.0
 02/28  19:30:00,4069.629772271278,0.0
 02/28  19:45:00,2581.101474851307,0.0
 02/28  20:00:00,2631.551305277044,0.0
 02/28  20:15:00,2654.794216600283,0.0
 02/28  20:30:00,2635.680102686929,0.0
 02/28  20:45:00,2651.9825541796,0.0
 02/28  21:00:00,2679.929128122504,0.0
 02/28  21:15:00,2675.11784028408,0.0
 02/28  21:30:00,2637.000909036504,0.0
 02/28  21:45:00,2637.6765206016626,0.0
 02/28  22:00:00,2678.466838535834,0.0
 02/28  22:15:00,2686.8352068672675,0.0
 02/28  22:30:00,2662.0488809155927,0.0
 02/28  22:45:00,2646.201353291872,0.0
 02/28  23:00:00,2664.270943196199,0.0
 02/28  23:15:00,400.942851056745,0.0
 02/28  23:30:00,246.7231304625096,0.0
 02/28  23:45:00,264.00720552863186,0.0
 02/28  24:00:00,291.5508557951505,0.0
 03/01  00:15:00,2238.281735996074,0.0
 03/01  00:30:00,1546.503838191736,0.0
 03/01  00:45:00,1809.515287591548,0.0
 03/01  01:00:00,383.9820079805288,0.0
 03/01  01:15:00,401.57389411090776,0.0
 03/01  01:30:00,442.3885830514024,0.0
 03/01  01:45:00,448.1548086165564,0.0
 03/01  02:00:00,426.05250568807855,0.0
 03/01  02:15:00,440.4377318472293,0.0
 03/01  02:30:00,495.7118258201039,0.0
 03/01  02:45:00,511.35503755070073,0.0
 03/01  03:00:00,493.1645783997498,0.0
 03/01  03:15:00,486.2840711575883,0.0
 03/01  03:30:00,512.2847422574541,0.0
 03/01  03:45:00,547.5606611881597,0.0
 03/01  04:00:00,549.1897577803883,0.0
 03/01  04:15:00,514.9672512035129,0.0
 03/01  04:30:00,520.4922776869478,0.0
 03/01  04:45:00,566.0649623747031,0.0
 03/01  05:00:00,577.0750422795301,0.0
 03/01  05:15:00,555.5610644632602,0.0
 03/01  05:30:00,542.5118577434127,0.0
 03/01  05:45:00,563.1620633413163,0.0
 03/01  06:00:00,599.4384166481719,0.0
 03/01  06:15:00,618.212652245193,0.0
 03/01  06:30:00,839.2581511254139,0.0
 03/01  06:45:00,608.271945734663,0.0
 03/01  07:00:00,610.8072093401929,0.0
 03/01  07:15:00,615.8706575324034,0.0
 03/01  07:30:00,621.8625572338516,0.0
 03/01  07:45:00,577.6019777865689,10.754329279232337
 03/01  08:00:00,579.7925263000172,21.792530402130865
 03/01  08:15:00,612.3633413516698,32.55805103658265
 03/01  08:30:00,622.9370114743741,41.53005149623402
 03/01  08:45:00,3235.3948733013267,87.84641474349313
 03/01  09:00:00,4071.6032662399216,131.54202538705528
 03/01  09:15:00,2070.40188464662,190.3224121417022
 03/01  09:30:00,2151.127969278182,246.25551140708572
 03/01  09:45:00,2138.224244201768,255.0494329088056
 03/01  10:00:00,4121.99971373372,248.88725991866232
 03/01  10:15:00,2593.849315480212,250.5685286477357
 03/01  10:30:00,2617.673212455339,235.93706266410402
 03/01  10:45:00,2606.746404868325,218.1942348910658
 03/01  11:00:00,2582.3792186819637,199.32178338257464
 03/01  11:15:00,7942.795731182869,179.2766511200117
 03/01  11:30:00,6180.149668412088,144.81394875808346
 03/01  11:45:00,3253.9119508533176,148.9946515676215
 03/01  12:00:00,2630.700172099659,153.01036334918686
 03/01  12:15:00,263.1903299896604,157.15869579628324
 03/01  12:30:00,302.70476921340673,161.38232132931034
 03/01  12:45:00,369.9179179474763,142.74899656777308
 03/01  13:00:00,423.3689628168363,124.7751840777431
 03/01  13:15:00,437.94359000936606,107.26868069342879
 03/01  13:30:00,436.64609644428856,90.23911396154983
 03/01  13:45:00,457.660473506838,101.66916195781853
 03/01  14:00:00,510.57234252796894,113.28329356740966
 03/01  14:15:00,525.586131311421,125.40214833299781
 03/01  14:30:00,500.2624903037553,137.96635395972726
 03/01  14:45:00,510.4858999439963,116.70463393368541
 03/01  15:00:00,557.9177948576358,96.17827491908469
 03/01  15:15:00,587.3723218756105,76.04226889156632
 03/01  15:30:00,584.0854506214193,56.62898372369861
 03/01  15:45:00,554.8949829519939,50.48668477877405
 03/01  16:00:00,557.3122870695282,44.31543656163721
 03/01  16:15:00,3889.122297161845,38.17898200121653
 03/01  16:30:00,3179.223766058821,32.044406430368774
 03/01  16:45:00,2781.6796992906056,27.4464713796094
 03/01  17:00:00,2650.1411721754585,22.85204659714877
 03/01  17:15:00,7965.529544589069,18.277118360422588
 03/01  17:30:00,6406.111733052643,13.703544507024866
 03/01  17:45:00,3435.319085199,10.469075276525494
 03/01  18:00:00,2928.5901900882795,7.233468669619743
 03/01  18:15:00,2699.7330768162024,4.1546486036226264
 03/01  18:30:00,4146.550809022128,0.0
 03/01  18:45:00,6132.520840594191,0.0
 03/01  19:00:00,6073.079836647217,0.0
 03/01  19:15:00,4797.998359142257,0.0
 03/01  19:30:00,4220.03798264442,0.0
 03/01  19:45:00,2735.8285987802083,0.0
 03/01  20:00:00,2797.306917258198,0.0
 03/01  20:15:00,2823.904485990084,0.0
 03/01  20:30:00,2808.4171470241927,0.0
 03/01  20:45:00,2828.569625136979,0.0
 03/01  21:00:00,2860.040829285721,0.0
 03/01  21:15:00,2857.010282459672,0.0
 03/01  21:30:00,2819.52460815074,0.0
 03/01  21:45:00,2821.2049496648183,0.0
 03/01  22:00:00,2862.2285190557805,0.0
 03/01  22:15:00,2870.7639817061927,0.0
 03/01  22:30:00,2845.104693177198,0.0
 03/01  22:45:00,2828.824707748807,0.0
 03/01  23:00:00,2846.152737035459,0.0
 03/01  23:15:00,516.391100797789,0.0
 03/01  23:30:00,402.40312943882367,0.0
 03/01  23:45:00,411.10390286872615,0.0
 03/01  24:00:00,453.6058633573784,0.0
 03/02  00:15:00,2146.760489686593,0.0
 03/02  00:30:00,1241.9513458112815,0.0
 03/02  00:45:00,430.2467884829254,0.0
 03/02  01:00:00,430.95915808918335,0.0
 03/02  01:15:00,434.9786294640492,0.0
 03/02  01:30:00,564.1138141170435,0.0
 03/02  01:45:00,544.1745815812958,0.0
 03/02  02:00:00,527.864028568018,0.0
 03/02  02:15:00,538.2189086138493,0.0
 03/02  02:30:00,589.9795734318193,0.0
 03/02  02:45:00,601.2876366059003,0.0
 03/02  03:00:00,578.6117003666933,0.0
 03/02  03:15:00,570.0394087287028,0.0
 03/02  03:30:00,593.3881768730249,0.0
 03/02  03:45:00,627.2489003473675,0.0
 03/02  04:00:00,625.4005877342368,0.0
 03/02  04:15:00,592.81792255447,0.0
 03/02  04:30:00,599.5678219669414,0.0
 03/02  04:45:00,646.4377068660071,0.0
 03/02  05:00:00,659.4883128957587,0.0
 03/02  05:15:00,641.4636923600234,0.0
 03/02  05:30:00,632.8151312310783,0.0
 03/02  05:45:00,656.9259459727442,0.0
 03/02  06:00:00,696.8879402242746,0.0
 03/02  06:15:00,723.1345926994438,0.0
 03/02  06:30:00,952.4185379097332,0.0
 03/02  06:45:00,729.0611875234623,0.0
 03/02  07:00:00,740.2554393034527,0.0
 03/02  07:15:00,779.8436189740914,0.0
 03/02  07:30:00,787.7901528785734,0.0
 03/02  07:45:00,754.9676542637441,10.805034661231455
 03/02  08:00:00,774.7442821245479,20.434164286067414
 03/02  08:15:00,779.2344334371979,29.586733612304783
 03/02  08:30:00,2860.3479283482675,37.74905655726541
 03/02  08:45:00,2689.297505198393,58.48616179903047
 03/02  09:00:00,4140.607520664858,86.5710707757084
 03/02  09:15:00,2162.0851865489453,111.15071678108905
 03/02  09:30:00,2259.3669508699395,136.88494192088095
 03/02  09:45:00,4301.6948165765,118.88035203138514
 03/02  10:00:00,4166.695869327052,102.00662043233461
 03/02  10:15:00,2714.0892221054137,78.95090560300373
 03/02  10:30:00,2767.997129153596,62.65106373253292
 03/02  10:45:00,2781.447903876941,67.62660869671184
 03/02  11:00:00,2764.7400666692392,72.52168109601921
 03/02  11:15:00,2733.3463590429237,77.42874929921601
 03/02  11:30:00,2735.117720614492,82.37218007848617
 03/02  11:45:00,2763.2491327271323,135.31310778249787
 03/02  12:00:00,2747.3803041743827,181.15648743686546
 03/02  12:15:00,2185.189076026059,227.5460885266201
 03/02  12:30:00,2174.3417951907745,274.14302477080923
 03/02  12:45:00,2191.828662229131,268.23847112819914
 03/02  13:00:00,2205.2408674673816,263.3705734568998
 03/02  13:15:00,2771.787492322919,260.020422260087
 03/02  13:30:00,2646.901422642012,256.67748587166284
 03/02  13:45:00,2599.955600474076,305.3153987071614
 03/02  14:00:00,2611.7478044960512,368.05489172776976
 03/02  14:15:00,2569.123186974929,409.51314092678234
 03/02  14:30:00,2487.196895653457,464.45042905005886
 03/02  14:45:00,2444.4780270713777,447.2519931989493
 03/02  15:00:00,2442.1773724383274,430.71461630871374
 03/02  15:15:00,2438.463044851983,412.11090675392336
 03/02  15:30:00,2405.704642704929,391.96149550086324
 03/02  15:45:00,2360.2449377726366,354.15485545048136
 03/02  16:00:00,2352.082084686821,316.80700183518957
 03/02  16:15:00,2808.831988466465,280.06801938898315
 03/02  16:30:00,2807.679465112628,243.58788893059105
 03/02  16:45:00,2475.4498577041345,187.29115661231594
 03/02  17:00:00,2370.654028507502,136.35128225304373
 03/02  17:15:00,2418.822293588755,84.07688180857055
 03/02  17:30:00,7986.520659145414,41.29351001392848
 03/02  17:45:00,6274.483815480959,30.74336773105937
 03/02  18:00:00,3397.9558323991632,20.23561639742667
 03/02  18:15:00,2621.259349036557,10.008110122018143
 03/02  18:30:00,2573.335723301872,0.0
 03/02  18:45:00,5939.48047344022,0.0
 03/02  19:00:00,5963.502361566446,0.0
 03/02  19:15:00,4706.9288434732,0.0
 03/02  19:30:00,4123.343284315816,0.0
 03/02  19:45:00,2832.4600712838105,0.0
 03/02  20:00:00,2733.381287375988,0.0
 03/02  20:15:00,8126.418399418382,0.0
 03/02  20:30:00,6348.310052691366,0.0
 03/02  20:45:00,3176.2110410965734,0.0
 03/02  21:00:00,2793.816981051707,0.0
 03/02  21:15:00,2757.1853117866126,0.0
 03/02  21:30:00,2715.771359819826,0.0
 03/02  21:45:00,2723.1915645593367,0.0
 03/02  22:00:00,2770.846180342121,0.0
 03/02  22:15:00,2776.210962771566,0.0
 03/02  22:30:00,2744.735799367528,0.0
 03/02  22:45:00,2722.4699114028517,0.0
 03/02  23:00:00,2733.768368128268,0.0
 03/02  23:15:00,2364.360370638997,0.0
 03/02  23:30:00,204.70311488463776,0.0
 03/02  23:45:00,214.78116430419985,0.0
 03/02  24:00:00,231.4008984919548,0.0
 03/03  00:15:00,2140.3183789834147,0.0
 03/03  00:30:00,2025.8678952366813,0.0
 03/03  00:45:00,359.3091509575538,0.0
 03/03  01:00:00,363.1619175472374,0.0
 03/03  01:15:00,398.2933922707917,0.0
 03/03  01:30:00,435.2884513878653,0.0
 03/03  01:45:00,437.8961049556776,0.0
 03/03  02:00:00,411.9927706065363,0.0
 03/03  02:15:00,417.9954533733225,0.0
 03/03  02:30:00,479.1078105743244,0.0
 03/03  02:45:00,498.7146242330047,0.0
 03/03  03:00:00,482.8244523622264,0.0
 03/03  03:15:00,481.01384401502105,0.0
 03/03  03:30:00,511.4890576640804,0.0
 03/03  03:45:00,550.8765137900518,0.0
 03/03  04:00:00,555.7960256500495,0.0
 03/03  04:15:00,525.8652969791641,0.0
 03/03  04:30:00,535.8736084707294,0.0
 03/03  04:45:00,584.924617563445,0.0
 03/03  05:00:00,600.0399023861902,0.0
 03/03  05:15:00,581.6637128339432,0.0
 03/03  05:30:00,571.699450591195,0.0
 03/03  05:45:00,595.8064746793822,0.0
 03/03  06:00:00,634.331560098052,0.0
 03/03  06:15:00,657.6291263963531,0.0
 03/03  06:30:00,883.4904817299127,0.0
 03/03  06:45:00,656.4702658836316,0.0
 03/03  07:00:00,663.8021349560022,0.0
 03/03  07:15:00,672.0310426328102,0.0
 03/03  07:30:00,679.0302235015745,0.0
 03/03  07:45:00,638.0249694431052,15.653633039146314
 03/03  08:00:00,641.0761341544988,35.72486329544288
 03/03  08:15:00,670.1566314519429,54.469879615708095
 03/03  08:30:00,2842.6467771183325,72.77243413296999
 03/03  08:45:00,2672.064383940944,105.49346666995672
 03/03  09:00:00,4114.004115280288,139.69566681546297
 03/03  09:15:00,2130.9229878782344,175.27091264178017
 03/03  09:30:00,2218.60174174405,212.1265685824356
 03/03  09:45:00,4228.306895064946,255.12936848538553
 03/03  10:00:00,4073.794768304242,313.6800954271684
 03/03  10:15:00,2589.983330451306,364.4410909651762
 03/03  10:30:00,2605.271255531339,417.703590613517
 03/03  10:45:00,2586.6318322686598,451.42236352904956
 03/03  11:00:00,2539.77894215797,501.76702983559636
 03/03  11:15:00,2475.492572213179,538.283358877018
 03/03  11:30:00,2451.50102342338,574.7628449015485
 03/03  11:45:00,2463.845142780345,602.2148056823643
 03/03  12:00:00,2435.9184704542654,628.6114517322703
 03/03  12:15:00,1894.0863019613607,653.5077808225373
 03/03  12:30:00,1882.3873658164755,683.3787751552961
 03/03  12:45:00,1893.4491899704965,692.7597414922207
 03/03  13:00:00,1901.467182629444,700.1712855876186
 03/03  13:15:00,2431.424675206948,705.384906154336
 03/03  13:30:00,2321.043916958246,707.9024708036216
 03/03  13:45:00,2282.847964807939,689.7656649870095
 03/03  14:00:00,2318.389397003318,670.159590091083
 03/03  14:15:00,2306.327612751066,649.3054240512079
 03/03  14:30:00,2258.2018286682264,626.496592228356
 03/03  14:45:00,2242.7072388993465,583.5661143420178
 03/03  15:00:00,2262.608539228543,534.0393081520647
 03/03  15:15:00,2280.694051249772,492.0838172736113
 03/03  15:30:00,2265.0988490647865,450.30518216076734
 03/03  15:45:00,2228.4747018471003,389.2634681389832
 03/03  16:00:00,2226.236344293613,318.2046103910948
 03/03  16:15:00,2685.39256634304,265.25986664021104
 03/03  16:30:00,2684.8633428571748,206.59235077766778
 03/03  16:45:00,2346.3946822210955,159.19460054906716
 03/03  17:00:00,2224.2392283529016,115.58234719986997
 03/03  17:15:00,2249.696382276128,69.87731402340881
 03/03  17:30:00,7984.509997769244,33.89904705550949
 03/03  17:45:00,6019.807738071864,25.747363410361046
 03/03  18:00:00,3161.885842916755,17.449978533673196
 03/03  18:15:00,2371.634630985669,9.59292856697882
 03/03  18:30:00,2309.5982412356884,0.0
 03/03  18:45:00,5662.7807892511055,0.0
 03/03  19:00:00,5696.6250181526375,0.0
 03/03  19:15:00,4439.927677411238,0.0
 03/03  19:30:00,3857.641950303485,0.0
 03/03  19:45:00,2434.594534220187,0.0
 03/03  20:00:00,2439.170767288333,0.0
 03/03  20:15:00,8123.330530636108,0.0
 03/03  20:30:00,6085.33105247228,0.0
 03/03  20:45:00,2914.7763804785027,0.0
 03/03  21:00:00,2502.4446834800924,0.0
 03/03  21:15:00,2462.5647762494027,0.0
 03/03  21:30:00,2422.8026233261908,0.0
 03/03  21:45:00,2427.3803765294333,0.0
 03/03  22:00:00,2469.288320182079,0.0
 03/03  22:15:00,2475.356585286127,0.0
 03/03  22:30:00,2447.465970308282,0.0
 03/03  22:45:00,2429.015790534664,0.0
 03/03  23:00:00,2444.2116101409965,0.0
 03/03  23:15:00,2160.8549303487257,0.0
 03/03  23:30:00,87.91333333333333,0.0
 03/03  23:45:00,97.46816881944854,0.0
 03/03  24:00:00,97.51252230919212,0.0
 03/04  00:15:00,188.86069280239096,0.0
 03/04  00:30:00,982.956995737206,0.0
 03/04  00:45:00,155.38946286230248,0.0
 03/04  01:00:00,143.20586927487375,0.0
 03/04  01:15:00,164.75646899958477,0.0
 03/04  01:30:00,241.9979166697192,0.0
 03/04  01:45:00,180.23468375188264,0.0
 03/04  02:00:00,143.5386312962943,0.0
 03/04  02:15:00,1122.5412889637164,0.0
 03/04  02:30:00,1377.4647164657215,0.0
 03/04  02:45:00,242.5889362152314,0.0
 03/04  03:00:00,274.0349077933284,0.0
 03/04  03:15:00,226.14232619182712,0.0
 03/04  03:30:00,219.92523072697085,0.0
 03/04  03:45:00,256.890938712432,0.0
 03/04  04:00:00,260.10262364169324,0.0
 03/04  04:15:00,230.7306592203252,0.0
 03/04  04:30:00,242.03891749737195,0.0
 03/04  04:45:00,293.75589353270686,0.0
 03/04  05:00:00,312.18582113554834,0.0
 03/04  05:15:00,292.26489694888244,0.0
 03/04  05:30:00,280.7772191858262,0.0
 03/04  05:45:00,302.70363385966647,0.0
 03/04  06:00:00,339.1515039531108,0.0
 03/04  06:15:00,362.1570250041292,0.0
 03/04  06:30:00,587.1854771430128,0.0
 03/04  06:45:00,360.7081745589124,0.0
 03/04  07:00:00,367.4493932774106,0.0
 03/04  07:15:00,375.7914790156537,0.0
 03/04  07:30:00,383.3589094500037,4.005698550617002
 03/04  07:45:00,343.49572509293216,14.60954767594199
 03/04  08:00:00,349.03064232573377,30.26548182701336
 03/04  08:15:00,381.2575124054139,44.94917741445484
 03/04  08:30:00,391.1600869756531,59.60165059144588
 03/04  08:45:00,3149.557224770578,87.16782671434265
 03/04  09:00:00,3929.605354241161,116.05640895437958
 03/04  09:15:00,1922.4891279573408,145.97050563010595
 03/04  09:30:00,1982.2895098803092,176.91607290669185
 03/04  09:45:00,1964.867040860952,193.12445478915546
 03/04  10:00:00,3871.239016900604,209.2327324716498
 03/04  10:15:00,2359.080050062522,225.42884296793682
 03/04  10:30:00,2370.1906031257954,241.47457360860196
 03/04  10:45:00,2358.599257029628,259.170819019596
 03/04  11:00:00,2326.477176002296,277.126178146547
 03/04  11:15:00,7939.84833317039,294.54837662561084
 03/04  11:30:00,5908.843668364543,311.8354192945159
 03/04  11:45:00,2984.6057663828933,298.9937240118146
 03/04  12:00:00,2344.280733887763,285.9866831964785
 03/04  12:15:00,51.33902791387073,273.42923452529845
 03/04  12:30:00,97.7276427388419,260.5813383972517
 03/04  12:45:00,125.32856997832874,270.75087237899817
 03/04  13:00:00,143.72584689565053,280.1283562397248
 03/04  13:15:00,128.38912026462657,290.7609719398369
 03/04  13:30:00,97.72078570352336,301.303138700577
 03/04  13:45:00,100.78584586788448,299.78285850820674
 03/04  14:00:00,143.7140676125242,298.3621199741128
 03/04  14:15:00,143.70684831200535,296.6959018824888
 03/04  14:30:00,106.90116421536057,294.79875561092757
 03/04  14:45:00,97.69346954933562,260.54489423633123
 03/04  15:00:00,122.2243074735718,227.561637485319
 03/04  15:15:00,143.70005699492128,195.96025762148042
 03/04  15:30:00,131.4488054844293,164.87788042395783
 03/04  15:45:00,97.73384387248356,127.42035468759384
 03/04  16:00:00,97.75531918817322,102.8771296186192
 03/04  16:15:00,3129.245376637721,78.9776313069209
 03/04  16:30:00,2776.405945846021,56.108033181829
 03/04  16:45:00,2394.658676589529,43.80104114059669
 03/04  17:00:00,2268.3265014595977,32.30009265811083
 03/04  17:15:00,7961.11436081136,21.022397840167816
 03/04  17:30:00,5943.258951356318,9.746643298328763
 03/04  17:45:00,3037.287172176262,7.502038290644726
 03/04  18:00:00,2545.892448884153,5.251983066351933
 03/04  18:15:00,2316.081715492924,3.000669031693411
 03/04  18:30:00,3756.395898328986,0.0
 03/04  18:45:00,5764.670456019359,0.0
 03/04  19:00:00,5706.790045610721,0.0
 03/04  19:15:00,4434.8746831322605,0.0
 03/04  19:30:00,3859.6975595718695,0.0
 03/04  19:45:00,2387.8809606426835,0.0
 03/04  20:00:00,2427.285767134387,0.0
 03/04  20:15:00,2453.255159605917,0.0
 03/04  20:30:00,2438.3604702339844,0.0
 03/04  20:45:00,2459.8743898525986,0.0
 03/04  21:00:00,2491.747459072581,0.0
 03/04  21:15:00,2489.963838093992,0.0
 03/04  21:30:00,2453.8344714501536,0.0
 03/04  21:45:00,2457.0617991797844,0.0
 03/04  22:00:00,2500.3756543827694,0.0
 03/04  22:15:00,2509.375662881206,0.0
 03/04  22:30:00,2484.2551105334114,0.0
 03/04  22:45:00,2467.87590189538,0.0
 03/04  23:00:00,2485.4486982219614,0.0
 03/04  23:15:00,345.26649564990765,0.0
 03/04  23:30:00,140.9202100232951,0.0
 03/04  23:45:00,98.10609592645592,0.0
 03/04  24:00:00,98.09526494096568,0.0
 03/05  00:15:00,196.9764409841632,0.0
 03/05  00:30:00,144.35063638910998,0.0
 03/05  00:45:00,163.45405694218138,0.0
 03/05  01:00:00,151.1940203960441,0.0
 03/05  01:15:00,187.69325154797676,0.0
 03/05  01:30:00,230.7027772801706,0.0
 03/05  01:45:00,228.4335142323482,0.0
 03/05  02:00:00,199.218630397396,0.0
 03/05  02:15:00,209.35261151967535,0.0
 03/05  02:30:00,263.2668150969513,0.0
 03/05  02:45:00,278.1660406838469,0.0
 03/05  03:00:00,259.45043402318294,0.0
 03/05  03:15:00,256.03663123767603,0.0
 03/05  03:30:00,285.4427113734855,0.0
 03/05  03:45:00,324.8911899386136,0.0
 03/05  04:00:00,330.1337717484616,0.0
 03/05  04:15:00,302.1734477375081,0.0
 03/05  04:30:00,313.3187244906235,0.0
 03/05  04:45:00,365.2458377888341,0.0
 03/05  05:00:00,382.4087166218244,0.0
 03/05  05:15:00,363.3204307370245,0.0
 03/05  05:30:00,352.1236717653797,0.0
 03/05  05:45:00,374.5639131827089,0.0
 03/05  06:00:00,411.9300199538186,0.0
 03/05  06:15:00,433.32092618524496,0.0
 03/05  06:30:00,657.0733806388955,0.0
 03/05  06:45:00,428.0671581719594,0.0
 03/05  07:00:00,433.04642568658863,0.0
 03/05  07:15:00,439.117124951022,0.0
 03/05  07:30:00,446.3002984729577,5.60191485140972
 03/05  07:45:00,405.2951213406354,18.360815174574117
 03/05  08:00:00,408.0668451245258,46.23802292989645
 03/05  08:15:00,439.7999965749556,71.6753798806203
 03/05  08:30:00,447.4681292162513,100.10889725163167
 03/05  08:45:00,3171.0913641365605,138.13364934905718
 03/05  09:00:00,3955.2239764455417,179.23915301493412
 03/05  09:15:00,1947.2014114193917,222.82949907767238
 03/05  09:30:00,2010.826811607103,268.724017151638
 03/05  09:45:00,1993.6996877860297,309.00975820041504
 03/05  10:00:00,3917.995262866412,351.2906286809968
 03/05  10:15:00,2394.4846901884857,395.4885007617736
 03/05  10:30:00,2400.876795036718,455.02878051106273
 03/05  10:45:00,2385.837639133806,488.9672578195642
 03/05  11:00:00,2351.327223456344,523.0810210604051
 03/05  11:15:00,7939.955633946098,555.8140559327022
 03/05  11:30:00,5923.93825297452,587.6365287054414
 03/05  11:45:00,2997.9212961333496,616.3045835717139
 03/05  12:00:00,2355.6956064549795,643.7118975555061
 03/05  12:15:00,75.22411492307953,670.1386813525522
 03/05  12:30:00,116.56121150387924,701.8283044614835
 03/05  12:45:00,135.18862692432333,707.0485432897754
 03/05  13:00:00,143.75094221258442,710.3386735761519
 03/05  13:15:00,128.44881952933395,712.1828027383253
 03/05  13:30:00,97.76530176918696,711.4227890326929
 03/05  13:45:00,100.78714679096488,693.306795243325
 03/05  14:00:00,143.71919033923584,673.2183262011977
 03/05  14:15:00,143.70599822238043,649.4853760349765
 03/05  14:30:00,106.89565041203808,624.007035567055
 03/05  14:45:00,97.68102853784066,579.4104454578178
 03/05  15:00:00,122.20075757944474,541.7454142566429
 03/05  15:15:00,143.66386920295167,504.4984754577012
 03/05  15:30:00,131.39543196821796,466.9314357742249
 03/05  15:45:00,97.6584641821996,403.4473057879843
 03/05  16:00:00,97.65850729646382,329.84704575675585
 03/05  16:15:00,3062.5236026051184,275.30847382563235
 03/05  16:30:00,2732.623217920032,215.544221255466
 03/05  16:45:00,2352.128762262812,169.54826549174533
 03/05  17:00:00,2224.739119048801,127.16554894667418
 03/05  17:15:00,7960.955859536894,88.90709040235373
 03/05  17:30:00,5904.345785953115,49.64763688524794
 03/05  17:45:00,2993.969871651653,36.82283866001034
 03/05  18:00:00,2503.913454110124,24.59575896419868
 03/05  18:15:00,2273.117905453174,12.383518967536109
 03/05  18:30:00,3708.705140941099,0.0
 03/05  18:45:00,5720.7435245792585,0.0
 03/05  19:00:00,5662.744722731777,0.0
 03/05  19:15:00,4389.520941613331,0.0
 03/05  19:30:00,3812.338771962455,0.0
 03/05  19:45:00,2343.49573433546,0.0
 03/05  20:00:00,2376.5976431759755,0.0
 03/05  20:15:00,2399.541855052264,0.0
 03/05  20:30:00,2381.743496550096,0.0
 03/05  20:45:00,2400.3995627380064,0.0
 03/05  21:00:00,2429.3930307596484,0.0
 03/05  21:15:00,2424.5978363962886,0.0
 03/05  21:30:00,2385.239900709271,0.0
 03/05  21:45:00,2385.1754842005034,0.0
 03/05  22:00:00,2425.1948279815065,0.0
 03/05  22:15:00,2431.8298911685383,0.0
 03/05  22:30:00,2404.725454810284,0.0
 03/05  22:45:00,2386.2994943376348,0.0
 03/05  23:00:00,2401.8330315529206,0.0
 03/05  23:15:00,292.33416855242984,0.0
 03/05  23:30:00,140.38247787579726,0.0
 03/05  23:45:00,97.43528708502176,0.0
 03/05  24:00:00,97.44512325025497,0.0
 03/06  00:15:00,1105.1644142741577,0.0
 03/06  00:30:00,150.66845999999998,0.0
 03/06  00:45:00,169.40207342717198,0.0
 03/06  01:00:00,157.1278865617694,0.0
 03/06  01:15:00,122.87773306152972,0.0
 03/06  01:30:00,143.42418439750674,0.0
 03/06  01:45:00,134.21647217278337,0.0
 03/06  02:00:00,44.97999999999999,0.0
 03/06  02:15:00,97.44345918998285,0.0
 03/06  02:30:00,140.3869359677459,0.0
 03/06  02:45:00,143.48585913520117,0.0
 03/06  03:00:00,112.83515026321234,0.0
 03/06  03:15:00,97.52210823003418,0.0
 03/06  03:30:00,63.48126904945945,0.0
 03/06  03:45:00,143.59832009731574,0.0
 03/06  04:00:00,137.48125219498843,0.0
 03/06  04:15:00,97.63173281574365,0.0
 03/06  04:30:00,97.65188638490127,0.0
 03/06  04:45:00,137.53740421774302,0.0
 03/06  05:00:00,143.6904876027442,0.0
 03/06  05:15:00,116.11102062728412,0.0
 03/06  05:30:00,97.73253759954396,0.0
 03/06  05:45:00,113.08385084533504,0.0
 03/06  06:00:00,143.77165476397528,0.0
 03/06  06:15:00,159.39660623327316,0.0
 03/06  06:30:00,377.822743937262,0.0
 03/06  06:45:00,143.8500873741528,0.0
 03/06  07:00:00,196.4633797582399,0.0
 03/06  07:15:00,143.86257989577445,0.0
 03/06  07:30:00,143.88983355015276,3.9315135548429745
 03/06  07:45:00,97.91092832069968,9.310598344937345
 03/06  08:00:00,97.93508664199058,14.831924343626643
 03/06  08:15:00,184.32895976338253,20.34506851662444
 03/06  08:30:00,143.9668040854033,25.859170587855175
 03/06  08:45:00,2609.3148325710267,36.83958090595844
 03/06  09:00:00,3750.033425127764,48.258826654381885
 03/06  09:15:00,1791.6338599347032,59.75618376804232
 03/06  09:30:00,1848.058307133489,71.34014418519118
 03/06  09:45:00,1842.7324896161597,70.08016329159653
 03/06  10:00:00,3756.682761636219,69.14265073426992
 03/06  10:15:00,2274.952498560007,68.39490135741907
 03/06  10:30:00,2292.43048423493,67.78839268008879
 03/06  10:45:00,2293.508427183196,72.60997592774926
 03/06  11:00:00,2273.171482270789,77.46034417348508
 03/06  11:15:00,7939.450359642811,82.32224461203467
 03/06  11:30:00,5881.072470641299,87.2211434615988
 03/06  11:45:00,2965.1393156029926,89.559954785488
 03/06  12:00:00,2328.094718688186,91.93612991869742
 03/06  12:15:00,51.21772045840835,94.37407864242628
 03/06  12:30:00,97.5859426946062,96.84442229803244
 03/06  12:45:00,125.19216717135572,96.31512188491536
 03/06  13:00:00,143.5923510773173,95.82582568154214
 03/06  13:15:00,128.26373459337847,95.40993097110935
 03/06  13:30:00,97.60222280502856,95.02329511695616
 03/06  13:45:00,100.6727931783675,92.08064482435748
 03/06  14:00:00,143.61044355464813,89.17801885415524
 03/06  14:15:00,143.61171736323655,86.30325904207527
 03/06  14:30:00,54.34139117016032,83.46154970088571
 03/06  14:45:00,97.65890037333595,77.88339501424446
 03/06  15:00:00,122.1947156115111,72.36047651060191
 03/06  15:15:00,143.6656035180925,66.87433580090955
 03/06  15:30:00,131.40351000218658,61.43265045931449
 03/06  15:45:00,97.67692038445549,54.74247238253246
 03/06  16:00:00,97.682312439618,48.292409511686174
 03/06  16:15:00,3058.4396839557185,41.84593368233955
 03/06  16:30:00,2773.967719341086,35.40767048304383
 03/06  16:45:00,2395.0056754016405,29.356013063641157
 03/06  17:00:00,2267.2800503316457,23.312132821001374
 03/06  17:15:00,7960.969712316396,17.278171482035344
 03/06  17:30:00,5936.508762048794,11.253204856304691
 03/06  17:45:00,3033.919414039331,8.622213219125198
 03/06  18:00:00,2539.809559561257,5.9932445187199495
 03/06  18:15:00,2306.5709887235016,3.3680052250929737
 03/06  18:30:00,3744.831447447663,0.0
 03/06  18:45:00,5750.6119627334965,0.0
 03/06  19:00:00,5690.236076515825,0.0
 03/06  19:15:00,4416.728444263652,0.0
 03/06  19:30:00,3840.078296950147,0.0
 03/06  19:45:00,2366.942402195006,0.0
 03/06  20:00:00,2403.8004833933323,0.0
 03/06  20:15:00,2427.1286452103213,0.0
 03/06  20:30:00,2409.0690799403524,0.0
 03/06  20:45:00,2427.269461034352,0.0
 03/06  21:00:00,2455.7482333906464,0.0
 03/06  21:15:00,2450.521796371629,0.0
 03/06  21:30:00,2410.579422560701,0.0
 03/06  21:45:00,2409.8758078388087,0.0
 03/06  22:00:00,2449.5726129701734,0.0
 03/06  22:15:00,2456.3975413160724,0.0
 03/06  22:30:00,2429.9749218463453,0.0
 03/06  22:45:00,2412.3706963144627,0.0
 03/06  23:00:00,2428.5769155155867,0.0
 03/06  23:15:00,292.4190236581256,0.0
 03/06  23:30:00,140.5337170823915,0.0
 03/06  23:45:00,97.62584751766234,0.0
 03/06  24:00:00,97.6479896303213,0.0
 03/07  00:15:00,143.79941370146202,0.0
 03/07  00:30:00,143.8547639728833,0.0
 03/07  00:45:00,110.19328346629892,0.0
 03/07  01:00:00,150.56522317451413,0.0
 03/07  01:15:00,119.42527066215128,0.0
 03/07  01:30:00,143.99234752594865,0.0
 03/07  01:45:00,134.8396585927767,0.0
 03/07  02:00:00,150.73250159697164,0.0
 03/07  02:15:00,98.10144376825644,0.0
 03/07  02:30:00,141.09014791743553,0.0
 03/07  02:45:00,196.92431284822564,0.0
 03/07  03:00:00,113.57735530456978,0.0
 03/07  03:15:00,151.0584391972962,0.0
 03/07  03:30:00,169.49024193490675,0.0
 03/07  03:45:00,144.36564299190022,0.0
 03/07  04:00:00,262.7306746374361,0.0
 03/07  04:15:00,184.14649679162625,0.0
 03/07  04:30:00,187.82612106524928,0.0
 03/07  04:45:00,231.9130917881392,0.0
 03/07  05:00:00,241.7081022518014,0.0
 03/07  05:15:00,218.92846198066667,0.0
 03/07  05:30:00,205.01623847043703,0.0
 03/07  05:45:00,224.77566638395493,0.0
 03/07  06:00:00,259.8552565773055,0.0
 03/07  06:15:00,280.9827994001705,0.0
 03/07  06:30:00,504.7312870730805,0.0
 03/07  06:45:00,276.2579312894888,0.0
 03/07  07:00:00,281.77140223497554,0.0
 03/07  07:15:00,284.9413710534064,0.0
 03/07  07:30:00,287.33439518867146,1.5686289605912238
 03/07  07:45:00,243.25221566884096,5.282826971194197
 03/07  08:00:00,245.27711538044,9.06402566820041
 03/07  08:15:00,280.7925124828864,12.846516908144341
 03/07  08:30:00,294.9013859462853,16.630792750979964
 03/07  08:45:00,3082.409539298961,23.0774743853976
 03/07  09:00:00,3834.112849805116,29.52562002415545
 03/07  09:15:00,1843.36150700502,35.96874478535025
 03/07  09:30:00,1909.3704381791756,42.41289162091592
 03/07  09:45:00,1907.1720307439964,48.667971167113365
 03/07  10:00:00,3841.765975407817,55.028507473061154
 03/07  10:15:00,2346.7162186515216,61.647673195791086
 03/07  10:30:00,2366.7177601199387,68.31495391935066
 03/07  10:45:00,2365.170084904808,73.11014717550468
 03/07  11:00:00,2343.236693795581,77.94638573557273
 03/07  11:15:00,7939.968826352218,82.81288712796189
 03/07  11:30:00,5943.460467630038,87.7166720426473
 03/07  11:45:00,3028.4038317014997,90.07502808339092
 03/07  12:00:00,2392.6246983718124,92.47276714474842
 03/07  12:15:00,104.0437596748744,94.9139000724083
 03/07  12:30:00,97.95416492765769,97.38667450560409
 03/07  12:45:00,125.56273267561684,97.08937666564901
 03/07  13:00:00,143.95786291752336,96.83348803639473
 03/07  13:15:00,128.64525094615323,96.6223987003604
 03/07  13:30:00,98.00561321833396,96.44019582231901
 03/07  13:45:00,153.71901120731798,93.28195382134315
 03/07  14:00:00,144.01038069294452,90.17085975109315
 03/07  14:15:00,144.07810698215616,87.09498750239813
 03/07  14:30:00,159.9657972311461,84.04872054536392
 03/07  14:45:00,98.11738677946636,78.69939147578603
 03/07  15:00:00,175.39565831329145,73.39957990888736
 03/07  15:15:00,144.18737701803502,68.14903795008924
 03/07  15:30:00,184.71481662777109,62.939998852726866
 03/07  15:45:00,98.28663489302863,56.174498439174364
 03/07  16:00:00,151.15576196351543,49.748592668803575
 03/07  16:15:00,3418.710955846092,43.33115543704877
 03/07  16:30:00,2855.7197406832192,36.91412874275674
 03/07  16:45:00,2463.3273953391827,30.68727517858042
 03/07  17:00:00,2336.462537769725,24.461933872034024
 03/07  17:15:00,7961.530569512126,18.240729702781127
 03/07  17:30:00,6004.716345517461,12.024063799574087
 03/07  17:45:00,3102.0277352550133,9.204008111681498
 03/07  18:00:00,2610.995467785842,6.383646507347571
 03/07  18:15:00,2378.698463899329,3.5636313533105906
 03/07  18:30:00,3820.7879904539377,0.0
 03/07  18:45:00,5821.524384051284,0.0
 03/07  19:00:00,5761.2880827367735,0.0
 03/07  19:15:00,4486.595652319532,0.0
 03/07  19:30:00,3908.525617720913,0.0
 03/07  19:45:00,2429.341350409052,0.0
 03/07  20:00:00,2469.5560564646203,0.0
 03/07  20:15:00,2492.366054080398,0.0
 03/07  20:30:00,2474.0795995343733,0.0
 03/07  20:45:00,2492.0336050857054,0.0
 03/07  21:00:00,2520.31274313988,0.0
 03/07  21:15:00,2514.965465527131,0.0
 03/07  21:30:00,2475.2909108224712,0.0
 03/07  21:45:00,2474.6347944543086,0.0
 03/07  22:00:00,2514.485455431693,0.0
 03/07  22:15:00,2520.227728804642,0.0
 03/07  22:30:00,2492.4210557218203,0.0
 03/07  22:45:00,2473.339525237476,0.0
 03/07  23:00:00,2488.1749742217667,0.0
 03/07  23:15:00,345.2519491327414,0.0
 03/07  23:30:00,141.0418734643058,0.0
 03/07  23:45:00,98.008669441535,0.0
 03/07  24:00:00,98.13358342150872,0.0
 03/08  00:15:00,2068.5011619413995,0.0
 03/08  00:30:00,1306.858710807548,0.0
 03/08  00:45:00,1609.4362774775238,0.0
 03/08  01:00:00,119.01247276626138,0.0
 03/08  01:15:00,172.6586485685567,0.0
 03/08  01:30:00,197.23808830236752,0.0
 03/08  01:45:00,212.64316854026808,0.0
 03/08  02:00:00,188.53101025386803,0.0
 03/08  02:15:00,194.29167408774856,0.0
 03/08  02:30:00,243.1180595307683,0.0
 03/08  02:45:00,251.7587020664232,0.0
 03/08  03:00:00,226.98279244936157,0.0
 03/08  03:15:00,216.8828435871235,0.0
 03/08  03:30:00,240.4575702614651,0.0
 03/08  03:45:00,272.9297989429927,0.0
 03/08  04:00:00,272.19317174360754,0.0
 03/08  04:15:00,238.86690543394468,0.0
 03/08  04:30:00,246.17805148645937,0.0
 03/08  04:45:00,292.70002249819754,0.0
 03/08  05:00:00,306.31383879837165,0.0
 03/08  05:15:00,289.857471986667,0.0
 03/08  05:30:00,284.0185020603938,0.0
 03/08  05:45:00,311.14961606421383,0.0
 03/08  06:00:00,354.532690009265,0.0
 03/08  06:15:00,377.663260548358,0.0
 03/08  06:30:00,603.9343342158642,0.0
 03/08  06:45:00,376.3579771250243,0.0
 03/08  07:00:00,383.26852735021146,0.0
 03/08  07:15:00,388.0287892105256,0.0
 03/08  07:30:00,391.6496455488044,3.164312503376275
 03/08  07:45:00,346.1442140395658,20.202939213274163
 03/08  08:00:00,344.32683624482945,46.50914830699377
 03/08  08:15:00,371.2464871211771,70.61766597222078
 03/08  08:30:00,375.4552423989592,97.11453664697336
 03/08  08:45:00,3143.994270142028,134.2295371524892
 03/08  09:00:00,3863.5079884015295,185.792733147798
 03/08  09:15:00,1864.623440087264,235.6442582245578
 03/08  09:30:00,1923.7239081386936,290.29358991318594
 03/08  09:45:00,1908.1970662902868,333.8892868762398
 03/08  10:00:00,3829.6920354684617,392.2157984553704
 03/08  10:15:00,2320.8819868372934,440.1229810345817
 03/08  10:30:00,2322.769986835139,489.1128056955393
 03/08  10:45:00,2303.5732702282667,525.4323555787074
 03/08  11:00:00,2267.4624187254744,561.9660071421209
 03/08  11:15:00,7939.258397090893,596.889844546863
 03/08  11:30:00,5867.043050938598,638.260551605446
 03/08  11:45:00,2949.900608020956,644.0719123292107
 03/08  12:00:00,2307.932828954774,641.4448788282962
 03/08  12:15:00,51.11333333333332,645.3480507381778
 03/08  12:30:00,97.42013082807654,646.7051791548316
 03/08  12:45:00,125.00122675683878,660.8361991000717
 03/08  13:00:00,90.98,679.9311863563065
 03/08  13:15:00,128.08681468181112,689.8734496079545
 03/08  13:30:00,97.40898558634052,697.4018553742503
 03/08  13:45:00,100.46430682951744,685.9611861183552
 03/08  14:00:00,90.98,672.8775125158774
 03/08  14:15:00,143.41628231987343,658.1964665963723
 03/08  14:30:00,106.60474410569292,641.2454457699846
 03/08  14:45:00,97.39299668619176,604.0323673528621
 03/08  15:00:00,69.51333333333332,566.2541697013706
 03/08  15:15:00,143.41176558206422,520.7586570536648
 03/08  15:30:00,131.13403596974575,482.7141253858988
 03/08  15:45:00,97.38950429869284,430.90268620799964
 03/08  16:00:00,44.97999999999999,380.6429647024263
 03/08  16:15:00,2750.618297490879,331.5682524491375
 03/08  16:30:00,2681.872220271185,284.9516534314613
 03/08  16:45:00,2316.161555101949,214.77799260708463
 03/08  17:00:00,2190.787611920496,162.2467826560146
 03/08  17:15:00,7960.680243772993,109.17024098155282
 03/08  17:30:00,5872.206181085652,71.08673422201001
 03/08  17:45:00,2960.882771921817,47.87377921330512
 03/08  18:00:00,2468.4460855780194,31.566543994046487
 03/08  18:15:00,2235.663181609424,16.262997352767425
 03/08  18:30:00,3663.9384251915153,0.0
 03/08  18:45:00,5677.097198020259,0.0
 03/08  19:00:00,5618.9269031712265,0.0
 03/08  19:15:00,4346.24676701743,0.0
 03/08  19:30:00,3769.76808658042,0.0
 03/08  19:45:00,2307.1991416831584,0.0
 03/08  20:00:00,2338.7081414667277,0.0
 03/08  20:15:00,2361.682517174796,0.0
 03/08  20:30:00,2343.67174930121,0.0
 03/08  20:45:00,2362.224491762234,0.0
 03/08  21:00:00,2390.7813498256337,0.0
 03/08  21:15:00,2385.8683802308065,0.0
 03/08  21:30:00,2346.1526481490578,0.0
 03/08  21:45:00,2345.8226787705066,0.0
 03/08  22:00:00,2385.4426483573066,0.0
 03/08  22:15:00,2392.1945826505885,0.0
 03/08  22:30:00,2365.0611951018354,0.0
 03/08  22:45:00,2347.1293583546694,0.0
 03/08  23:00:00,2362.809321404134,0.0
 03/08  23:15:00,292.31333333333333,0.0
 03/08  23:30:00,140.38752577095354,0.0
 03/08  23:45:00,97.44164697417963,0.0
 03/08  24:00:00,97.45340159622536,0.0
 03/09  00:15:00,1918.827133459719,0.0
 03/09  00:30:00,969.9798867667208,0.0
 03/09  00:45:00,189.1537859369004,0.0
 03/09  01:00:00,182.1852291859624,0.0
 03/09  01:15:00,152.80197621157686,0.0
 03/09  01:30:00,143.43246367031594,0.0
 03/09  01:45:00,134.22396998538449,0.0
 03/09  02:00:00,44.97999999999999,0.0
 03/09  02:15:00,97.45192238600848,0.0
 03/09  02:30:00,140.3804583032382,0.0
 03/09  02:45:00,143.44254918502898,0.0
 03/09  03:00:00,112.77153524781816,0.0
 03/09  03:15:00,97.42935565972256,0.0
 03/09  03:30:00,63.38,0.0
 03/09  03:45:00,143.45263784485357,0.0
 03/09  04:00:00,137.30977773410012,0.0
 03/09  04:15:00,97.43579189850688,0.0
 03/09  04:30:00,97.4284336858627,0.0
 03/09  04:45:00,137.2877032886324,0.0
 03/09  05:00:00,90.98,0.0
 03/09  05:15:00,115.8497355557507,0.0
 03/09  05:30:00,97.4442452508511,0.0
 03/09  05:45:00,112.77223170189605,0.0
 03/09  06:00:00,143.4336998377433,0.0
 03/09  06:15:00,159.02882350274808,0.0
 03/09  06:30:00,324.97999999999985,0.0
 03/09  06:45:00,143.4616504735084,0.0
 03/09  07:00:00,143.45756809969492,0.0
 03/09  07:15:00,143.4511297601439,0.0
 03/09  07:30:00,143.44458046664093,3.962515378132355
 03/09  07:45:00,97.43791826561626,7.44360385827617
 03/09  08:00:00,97.43114154594662,11.071550496140047
 03/09  08:15:00,78.71333333333334,14.70161517198846
 03/09  08:30:00,1965.077851048204,18.333402793475923
 03/09  08:45:00,2257.2019710718846,25.231278502859528
 03/09  09:00:00,3699.4056636171354,32.12920397763274
 03/09  09:15:00,1769.5247568498946,39.04102137024154
 03/09  09:30:00,1820.752208728214,45.95802427035978
 03/09  09:45:00,3776.7376177196224,52.301641331639736
 03/09  10:00:00,3669.038749259919,58.93740936719668
 03/09  10:15:00,2229.8622695631598,65.6639391791562
 03/09  10:30:00,2254.107379881464,72.44925281239385
 03/09  10:45:00,2266.1603242300257,77.35077644687432
 03/09  11:00:00,2248.2988395580446,82.30433390063801
 03/09  11:15:00,2219.397006815355,87.22644694048496
 03/09  11:30:00,2223.9385637365326,92.17882413631034
 03/09  11:45:00,2262.98847169571,94.55144365264385
 03/09  12:00:00,2262.197899521256,96.96279681033924
 03/09  12:15:00,1743.4654349417278,99.3960632088308
 03/09  12:30:00,1722.0248067888394,101.85858573125923
 03/09  12:45:00,1747.3927130920915,101.30405846385798
 03/09  13:00:00,1758.8835217465842,100.79601398503291
 03/09  13:15:00,2308.0813070464974,100.27040628700284
 03/09  13:30:00,2236.843745123314,99.77872694942307
 03/09  13:45:00,2216.1437576626768,96.50655574074625
 03/09  14:00:00,2258.0124457637235,93.28736060506431
 03/09  14:15:00,2250.085939930938,90.13043964917557
 03/09  14:30:00,2205.7714455702217,87.00785049368278
 03/09  14:45:00,2194.19735921276,92.96000757444358
 03/09  15:00:00,2217.7858843645445,99.0693646955952
 03/09  15:15:00,2237.910874467103,105.5053634612429
 03/09  15:30:00,2223.894048617663,112.29330652304353
 03/09  15:45:00,2188.410138194992,100.154508679149
 03/09  16:00:00,2187.077943313073,88.23566985060334
 03/09  16:15:00,2646.439087109594,76.43397609894959
 03/09  16:30:00,2645.485248606213,64.75050688622281
 03/09  16:45:00,2306.184700507507,51.0191771278465
 03/09  17:00:00,2181.641706309052,37.865074253573844
 03/09  17:15:00,2204.104746466598,25.34236345292388
 03/09  17:30:00,7983.91094783828,12.836532612271581
 03/09  17:45:00,5966.236244596026,9.815968204770456
 03/09  18:00:00,3111.774597769513,6.791425704823062
 03/09  18:15:00,2314.159483114106,3.7688966265546884
 03/09  18:30:00,2248.6631527368327,0.0
 03/09  18:45:00,5509.451598149199,0.0
 03/09  19:00:00,5647.75669483094,0.0
 03/09  19:15:00,4367.456397720282,0.0
 03/09  19:30:00,3784.816700925842,0.0
 03/09  19:45:00,2314.8627497579346,0.0
 03/09  20:00:00,2347.121462160688,0.0
 03/09  20:15:00,8122.573391350035,0.0
 03/09  20:30:00,6022.841595799484,0.0
 03/09  20:45:00,2860.706489541453,0.0
 03/09  21:00:00,2441.130646348651,0.0
 03/09  21:15:00,2400.0108447571897,0.0
 03/09  21:30:00,2360.0140633413434,0.0
 03/09  21:45:00,2364.0283303311694,0.0
 03/09  22:00:00,2405.479433139138,0.0
 03/09  22:15:00,2411.422757542985,0.0
 03/09  22:30:00,2384.197025132696,0.0
 03/09  22:45:00,2366.347578083438,0.0
 03/09  23:00:00,2381.952225747566,0.0
 03/09  23:15:00,2113.571505099468,0.0
 03/09  23:30:00,87.91333333333333,0.0
 03/09  23:45:00,97.4508897549514,0.0
 03/09  24:00:00,97.44450858864369,0.0
 03/10  00:15:00,2003.62934965264,0.0
 03/10  00:30:00,1886.1299120422048,0.0
 03/10  00:45:00,207.41474511738485,0.0
 03/10  01:00:00,142.67263,0.0
 03/10  01:15:00,216.61301432033736,0.0
 03/10  01:30:00,241.1401202504352,0.0
 03/10  01:45:00,231.9338888352668,0.0
 03/10  02:00:00,195.12765403745124,0.0
 03/10  02:15:00,123.4801546116306,0.0
 03/10  02:30:00,87.92114666411821,0.0
 03/10  02:45:00,143.49302714759875,0.0
 03/10  03:00:00,112.83606642081809,0.0
 03/10  03:15:00,97.52443146265615,0.0
 03/10  03:30:00,115.94039448369026,0.0
 03/10  03:45:00,143.55709515355022,0.0
 03/10  04:00:00,137.4446111608056,0.0
 03/10  04:15:00,97.59242281645476,0.0
 03/10  04:30:00,97.60764112000736,0.0
 03/10  04:45:00,137.49202597380534,0.0
 03/10  05:00:00,143.6440193045546,0.0
 03/10  05:15:00,116.06609233376513,0.0
 03/10  05:30:00,97.68941528512352,0.0
 03/10  05:45:00,113.04739314719244,0.0
 03/10  06:00:00,143.74185829574674,0.0
 03/10  06:15:00,159.36712352878118,0.0
 03/10  06:30:00,377.7955126216082,0.0
 03/10  06:45:00,143.82354141995842,0.0
 03/10  07:00:00,143.852935376333,0.0
 03/10  07:15:00,196.4865298450251,0.0
 03/10  07:30:00,143.8701188191498,2.377723613807523
 03/10  07:45:00,97.89674247346468,9.75765504967736
 03/10  08:00:00,97.92044252214396,17.236521312205507
 03/10  08:15:00,184.30281192587185,24.701752520304836
 03/10  08:30:00,2337.393810239595,32.22453372130089
 03/10  08:45:00,2336.192461642634,43.96101071870561
 03/10  09:00:00,3746.4680335600015,55.77970366714091
 03/10  09:15:00,1808.667062411332,67.66513606468618
 03/10  09:30:00,1869.0943795336789,79.63939474344616
 03/10  09:45:00,3843.696153640244,91.15756576045894
 03/10  10:00:00,3726.7520811524864,102.8021845953818
 03/10  10:15:00,2278.926070270596,114.6297056327077
 03/10  10:30:00,2304.905124427494,126.5928808266292
 03/10  10:45:00,2314.878582730836,135.47963510121505
 03/10  11:00:00,2295.313243626727,144.60716094088409
 03/10  11:15:00,2260.504779777413,153.6461924110005
 03/10  11:30:00,2258.1607854335034,162.8290853345808
 03/10  11:45:00,2290.1202259383645,166.83002467306966
 03/10  12:00:00,2282.2904498431267,170.93359868880412
 03/10  12:15:00,1752.960316886588,175.29154204594002
 03/10  12:30:00,1729.5458744393443,179.71098871674337
 03/10  12:45:00,1749.458265353416,178.78969876849465
 03/10  13:00:00,1766.0813957914586,177.96750750595686
 03/10  13:15:00,2318.34622685527,177.15069152892045
 03/10  13:30:00,2241.1806857032475,176.4117160451791
 03/10  13:45:00,2221.4557239190062,249.68161407375305
 03/10  14:00:00,2262.319111686957,321.72547046007617
 03/10  14:15:00,2251.179841565189,372.4265462973593
 03/10  14:30:00,2202.7195342142586,436.51671502894015
 03/10  14:45:00,2186.835751440024,387.9659477065549
 03/10  15:00:00,2207.3052985651807,358.86715647535203
 03/10  15:15:00,2225.9080601392548,331.14712157838875
 03/10  15:30:00,2211.125008021664,304.3815913353348
 03/10  15:45:00,2175.2197545600325,252.47216290815334
 03/10  16:00:00,2174.1530538150278,191.25917457965954
 03/10  16:15:00,2634.508786680727,145.10205226492687
 03/10  16:30:00,2634.763948592593,94.8217451756888
 03/10  16:45:00,2296.512351828812,80.125996636254
 03/10  17:00:00,2173.758214229869,65.6071991444783
 03/10  17:15:00,2197.3230849979745,51.44543356842354
 03/10  17:30:00,7983.900567947181,37.63870997891968
 03/10  17:45:00,5959.26871766254,28.515928157657175
 03/10  18:00:00,3103.968763572778,19.538311859557012
 03/10  18:15:00,2306.8529197823773,10.880571093264962
 03/10  18:30:00,2241.5390237267347,2.3350156353142246
 03/10  18:45:00,5322.889559901178,0.0
 03/10  19:00:00,5649.370942690742,0.0
 03/10  19:15:00,4358.532112222112,0.0
 03/10  19:30:00,3774.821813815981,0.0
 03/10  19:45:00,2306.981578905424,0.0
 03/10  20:00:00,2338.04882572863,0.0
 03/10  20:15:00,8122.537734265923,0.0
 03/10  20:30:00,6010.837473293123,0.0
 03/10  20:45:00,2844.9523072011525,0.0
 03/10  21:00:00,2423.820100064969,0.0
 03/10  21:15:00,2382.350070933479,0.0
 03/10  21:30:00,2342.418710480584,0.0
 03/10  21:45:00,2346.1110179510683,0.0
 03/10  22:00:00,2386.839811914256,0.0
 03/10  22:15:00,2392.415889831938,0.0
 03/10  22:30:00,2364.701909259973,0.0
 03/10  22:45:00,2346.2483729976666,0.0
 03/10  23:00:00,2361.392077331971,0.0
 03/10  23:15:00,2102.918486754051,0.0
 03/10  23:30:00,87.91333333333333,0.0
 03/10  23:45:00,97.44281509616592,0.0
 03/10  24:00:00,97.42949472412518,0.0
 03/11  00:15:00,188.7676317786269,0.0
 03/11  00:30:00,982.6402974093802,0.0
 03/11  00:45:00,102.59264666666668,0.0
 03/11  01:00:00,142.78611659135944,0.0
 03/11  01:15:00,164.24517867516374,0.0
 03/11  01:30:00,188.7708712558685,0.0
 03/11  01:45:00,179.56320301886188,0.0
 03/11  02:00:00,90.32598,0.0
 03/11  02:15:00,1068.957936368348,0.0
 03/11  02:30:00,1376.5148117903946,0.0
 03/11  02:45:00,188.7875887979622,0.0
 03/11  03:00:00,158.12538129188488,0.0
 03/11  03:15:00,78.23371866666666,0.0
 03/11  03:30:00,115.85060561788288,0.0
 03/11  03:45:00,143.44358718289908,0.0
 03/11  04:00:00,137.30321751184934,0.0
 03/11  04:15:00,97.42915935745066,0.0
 03/11  04:30:00,97.42171146938284,0.0
 03/11  04:45:00,84.84666666666666,0.0
 03/11  05:00:00,143.46674227276904,0.0
 03/11  05:15:00,115.87317875776498,0.0
 03/11  05:30:00,97.47994526631282,0.0
 03/11  05:45:00,112.82369217071135,0.0
 03/11  06:00:00,143.49796104874204,0.0
 03/11  06:15:00,159.1109545824375,0.0
 03/11  06:30:00,325.06723982387,0.0
 03/11  06:45:00,143.58108790119897,0.0
 03/11  07:00:00,143.59482278461218,0.0
 03/11  07:15:00,143.6057536943788,3.545228894132486
 03/11  07:30:00,143.61731765519755,4.728600228315537
 03/11  07:45:00,97.62613918446492,11.792343123994279
 03/11  08:00:00,97.63036168061493,19.042859447993557
 03/11  08:15:00,131.3603283609861,26.282797092931357
 03/11  08:30:00,143.62006642494228,33.670972437902314
 03/11  08:45:00,2432.539141180492,45.569118422240535
 03/11  09:00:00,3715.555046601662,57.560383614429014
 03/11  09:15:00,1775.8271454646022,69.63496242323502
 03/11  09:30:00,1826.477352253185,81.79405257805976
 03/11  09:45:00,1818.542216855567,79.4417167354658
 03/11  10:00:00,3733.47093492797,77.43869061692561
 03/11  10:15:00,2262.704589504946,75.66308735531771
 03/11  10:30:00,2279.941221218688,74.03866737054271
 03/11  10:45:00,2280.3461248564254,78.86412123549661
 03/11  11:00:00,2259.3703411111933,83.70417003949171
 03/11  11:15:00,7939.271611224141,88.57141576263082
 03/11  11:30:00,5865.978299766977,93.47311142873144
 03/11  11:45:00,2952.0428897298043,95.83348447913681
 03/11  12:00:00,2314.728643171996,98.23332157560867
 03/11  12:15:00,51.11333333333332,100.65013708016475
 03/11  12:30:00,97.43675517577395,103.094123318838
 03/11  12:45:00,125.03655008719464,102.55919925106205
 03/11  13:00:00,143.41024123993,102.0676040338178
 03/11  13:15:00,75.64666666666666,101.60931543882896
 03/11  13:30:00,97.43138953267253,101.17649611235652
 03/11  13:45:00,100.48771517463123,97.99457749971775
 03/11  14:00:00,143.4104890802401,94.85876867965615
 03/11  14:15:00,91.36058685032184,91.78907951443887
 03/11  14:30:00,106.2508900284441,88.75150458441497
 03/11  14:45:00,97.422068128606,83.20807437854698
 03/11  15:00:00,121.94531416812626,77.71380577757895
 03/11  15:15:00,143.4025883018794,72.28537051025391
 03/11  15:30:00,78.71333333333334,66.89431553049432
 03/11  15:45:00,97.42589488261336,85.25655598082471
 03/11  16:00:00,97.416819507598,109.33187837639626
 03/11  16:15:00,2769.7491889611347,126.32596563161309
 03/11  16:30:00,2735.5048390426864,142.58830133128845
 03/11  16:45:00,2365.9569100879166,109.49252365849523
 03/11  17:00:00,2239.160707713305,78.61140288472835
 03/11  17:15:00,7960.725762361561,49.954179378429416
 03/11  17:30:00,5910.397363527463,23.3335913838621
 03/11  17:45:00,3005.948779148712,18.078783232946233
 03/11  18:00:00,2509.5715929843304,12.799767400363912
 03/11  18:15:00,2275.608075189772,7.526523687571033
 03/11  18:30:00,3709.0205372238174,2.3486562696716993
 03/11  18:45:00,5445.515246676167,0.0
 03/11  19:00:00,5665.259999544136,0.0
 03/11  19:15:00,4396.448687574128,0.0
 03/11  19:30:00,3817.9405512457824,0.0
 03/11  19:45:00,2345.0094859382457,0.0
 03/11  20:00:00,2379.885765193355,0.0
 03/11  20:15:00,2404.375140690281,0.0
 03/11  20:30:00,2388.6470650094343,0.0
 03/11  20:45:00,2409.564608061436,0.0
 03/11  21:00:00,2440.6176722603204,0.0
 03/11  21:15:00,2438.0047163352706,0.0
 03/11  21:30:00,2400.867352447327,0.0
 03/11  21:45:00,2402.8116929572857,0.0
 03/11  22:00:00,2445.123162282865,0.0
 03/11  22:15:00,2453.791287736597,0.0
 03/11  22:30:00,2430.7570556704227,0.0
 03/11  22:45:00,2416.4993018132045,0.0
 03/11  23:00:00,2436.1254769304064,0.0
 03/11  23:15:00,345.1189666591952,0.0
 03/11  23:30:00,140.76855032378586,0.0
 03/11  23:45:00,97.86659419085692,0.0
 03/11  24:00:00,97.91758900254588,0.0
 03/12  00:15:00,143.9275804363523,0.0
 03/12  00:30:00,143.963143743842,0.0
 03/12  00:45:00,162.90471744943665,0.0
 03/12  01:00:00,97.9926766372907,0.0
 03/12  01:15:00,119.51689523943207,0.0
 03/12  01:30:00,196.8008114269741,0.0
 03/12  01:45:00,134.9401832682531,0.0
 03/12  02:00:00,150.94883033713455,0.0
 03/12  02:15:00,150.9622551848209,0.0
 03/12  02:30:00,141.1790704553447,0.0
 03/12  02:45:00,197.16785091661143,0.0
 03/12  03:00:00,209.94810560678292,0.0
 03/12  03:15:00,193.4749745957583,0.0
 03/12  03:30:00,221.14046342166176,0.0
 03/12  03:45:00,258.0518177145379,0.0
 03/12  04:00:00,262.23674986700325,0.0
 03/12  04:15:00,231.40056356075647,0.0
 03/12  04:30:00,240.75540531726324,0.0
 03/12  04:45:00,289.556489595704,0.0
 03/12  05:00:00,305.2373557370204,0.0
 03/12  05:15:00,286.3582698569945,0.0
 03/12  05:30:00,276.4919108126378,0.0
 03/12  05:45:00,300.51529638319846,0.0
 03/12  06:00:00,342.6614887674556,0.0
 03/12  06:15:00,368.8440381342097,0.0
 03/12  06:30:00,598.646425246858,0.0
 03/12  06:45:00,376.008216432972,0.0
 03/12  07:00:00,386.74048506402136,0.0
 03/12  07:15:00,393.1218893749265,9.031948178986893
 03/12  07:30:00,400.01232837923845,12.04624756198021
 03/12  07:45:00,357.9163030416137,34.43888181073253
 03/12  08:00:00,359.0604604647225,64.99562357055565
 03/12  08:15:00,383.6566875473063,97.447344157909
 03/12  08:30:00,384.24850903784994,135.61293888744572
 03/12  08:45:00,3146.0189205624542,174.3418037875965
 03/12  09:00:00,3876.9706865883263,214.59593406809
 03/12  09:15:00,1878.3449941124536,255.99419231850067
 03/12  09:30:00,1937.8862481220688,298.3469605389317
 03/12  09:45:00,1923.5702337579776,337.2968840494001
 03/12  10:00:00,3846.166979545732,377.3304590814361
 03/12  10:15:00,2338.8884524848627,418.5710282588808
 03/12  10:30:00,2344.9458819864417,460.3763888365154
 03/12  10:45:00,2329.585696108524,517.0269398243826
 03/12  11:00:00,2293.1248527430057,563.4539544273152
 03/12  11:15:00,7939.309071765384,610.392357158184
 03/12  11:30:00,5875.125093998929,663.5988392572633
 03/12  11:45:00,2958.163763175517,686.5675505054909
 03/12  12:00:00,2315.0890278672305,708.2329883513084
 03/12  12:15:00,51.11333333333332,725.3036606403914
 03/12  12:30:00,97.4392525887314,739.6396577369314
 03/12  12:45:00,125.0203147188898,738.5061615577342
 03/12  13:00:00,143.4091322717795,735.2736008750062
 03/12  13:15:00,75.64666666666666,733.1348979853491
 03/12  13:30:00,97.42853030883558,729.0614279796719
 03/12  13:45:00,100.48386616271196,702.8561587060212
 03/12  14:00:00,143.40556285321557,668.6740403621359
 03/12  14:15:00,90.98,637.7936058860981
 03/12  14:30:00,106.6254534716214,605.5373952559983
 03/12  14:45:00,97.4146095335122,563.2991374268521
 03/12  15:00:00,121.93689676564048,507.0356021470173
 03/12  15:15:00,90.98,467.36781949796114
 03/12  15:30:00,131.15685839923944,427.5935115472872
 03/12  15:45:00,97.4127864956396,384.5755982866457
 03/12  16:00:00,97.40187833473794,342.15101500135376
 03/12  16:15:00,2720.319830347712,300.1946548796935
 03/12  16:30:00,2691.80153263506,259.63343114772437
 03/12  16:45:00,2324.9243874824438,207.6109706680752
 03/12  17:00:00,2198.9976974087704,151.72164497297365
 03/12  17:15:00,7960.688551082023,109.74686915266653
 03/12  17:30:00,5878.52517078621,72.79712395042132
 03/12  17:45:00,2967.780095318074,49.3034276308007
 03/12  18:00:00,2474.31796267502,32.78749977575773
 03/12  18:15:00,2241.378463776913,17.86371274882012
 03/12  18:30:00,3670.813090317946,5.466010670826776
 03/12  18:45:00,5408.791717763082,0.0
 03/12  19:00:00,5626.613397466836,0.0
 03/12  19:15:00,4356.961433601597,0.0
 03/12  19:30:00,3777.887799049932,0.0
 03/12  19:45:00,2307.8764007260875,0.0
 03/12  20:00:00,2338.301866664153,0.0
 03/12  20:15:00,2362.8168417979286,0.0
 03/12  20:30:00,2347.0540976054026,0.0
 03/12  20:45:00,2367.9757055030304,0.0
 03/12  21:00:00,2398.864305279399,0.0
 03/12  21:15:00,2394.9753878063493,0.0
 03/12  21:30:00,2355.770400382605,0.0
 03/12  21:45:00,2355.751105915059,0.0
 03/12  22:00:00,2395.786316069729,0.0
 03/12  22:15:00,2402.922972918273,0.0
 03/12  22:30:00,2376.467957297661,0.0
 03/12  22:45:00,2358.754891185814,0.0
 03/12  23:00:00,2375.0376255186397,0.0
 03/12  23:15:00,292.31333333333333,0.0
 03/12  23:30:00,140.38642935316008,0.0
 03/12  23:45:00,97.44745875543856,0.0
 03/12  24:00:00,97.45945322025167,0.0
 03/13  00:15:00,1105.1773315044543,0.0
 03/13  00:30:00,203.14697740220663,0.0
 03/13  00:45:00,116.93512666666666,0.0
 03/13  01:00:00,157.1585208442047,0.0
 03/13  01:15:00,122.91119743083192,0.0
 03/13  01:30:00,143.46055424100535,0.0
 03/13  01:45:00,134.25582387551316,0.0
 03/13  02:00:00,97.4511096005348,0.0
 03/13  02:15:00,97.4467503456361,0.0
 03/13  02:30:00,140.37578186110682,0.0
 03/13  02:45:00,143.43820538910242,0.0
 03/13  03:00:00,60.313333333333325,0.0
 03/13  03:15:00,97.47253670079095,0.0
 03/13  03:30:00,115.8692149628766,0.0
 03/13  03:45:00,143.4660126198806,0.0
 03/13  04:00:00,137.32959827442818,0.0
 03/13  04:15:00,97.45946609280868,0.0
 03/13  04:30:00,97.45606575349028,0.0
 03/13  04:45:00,137.3366713541041,0.0
 03/13  05:00:00,143.51472079331108,0.0
 03/13  05:15:00,115.97840843174065,0.0
 03/13  05:30:00,97.62503780236084,0.0
 03/13  05:45:00,113.0170007791384,0.0
 03/13  06:00:00,143.74216375727477,0.0
 03/13  06:15:00,159.40707506247733,0.0
 03/13  06:30:00,377.8816440393823,0.0
 03/13  06:45:00,143.95398658629398,0.0
 03/13  07:00:00,196.67326285116224,0.0
 03/13  07:15:00,144.03742845500938,9.597505325182658
 03/13  07:30:00,144.0901742088476,12.508688067454239
 03/13  07:45:00,150.80443481370216,35.35984364694389
 03/13  08:00:00,98.10643934527548,60.21230433150596
 03/13  08:15:00,184.45258370204928,95.10907545196932
 03/13  08:30:00,143.94034710913752,130.57618518720912
 03/13  08:45:00,2613.774235978831,151.7990024725161
 03/13  09:00:00,3740.443597527236,178.22279795215678
 03/13  09:15:00,1778.0003891303097,203.7040042668399
 03/13  09:30:00,1824.818034924316,228.1888228815975
 03/13  09:45:00,1815.6286732857864,257.05429168943687
 03/13  10:00:00,3725.2677480201423,285.3153206389308
 03/13  10:15:00,2249.264733687696,300.7733435478701
 03/13  10:30:00,2263.86277516106,327.1045690892035
 03/13  10:45:00,2263.3128416397576,348.6005463951106
 03/13  11:00:00,2241.383805787375,385.3231263810263
 03/13  11:15:00,7939.237136896671,408.9651938630389
 03/13  11:30:00,5849.224674987738,433.0208361822034
 03/13  11:45:00,2928.290501016073,498.733646484174
 03/13  12:00:00,2287.079386075831,549.3931625660247
 03/13  12:15:00,51.11333333333332,617.422810025434
 03/13  12:30:00,97.41311680124434,668.2118257180252
 03/13  12:45:00,124.9907716204167,670.8349991287721
 03/13  13:00:00,90.98,672.4732293484249
 03/13  13:15:00,128.06867245596746,672.1131381418832
 03/13  13:30:00,97.38674817066033,677.0810206196894
 03/13  13:45:00,48.04666666666666,612.3257892772561
 03/13  14:00:00,143.39659701065293,556.1777184705148
 03/13  14:15:00,143.38078611330752,484.22608912724263
 03/13  14:30:00,54.17999999999999,415.407030788988
 03/13  14:45:00,97.3895197799645,375.6681354848366
 03/13  15:00:00,121.90622440025258,336.08090709271085
 03/13  15:15:00,90.98,298.00591618144557
 03/13  15:30:00,131.11583605501536,261.09256597193706
 03/13  15:45:00,97.36646013052956,219.45460407763326
 03/13  16:00:00,44.97999999999999,192.0693683185501
 03/13  16:15:00,2742.239834787136,165.7472207385483
 03/13  16:30:00,2671.2817044234826,140.79920539589702
 03/13  16:45:00,2303.178428501093,112.4036517740656
 03/13  17:00:00,2177.0872587310027,85.38392504287003
 03/13  17:15:00,7960.666603604155,56.37049323542705
 03/13  17:30:00,5858.527190843046,34.06242592449438
 03/13  17:45:00,2943.779441297,26.21142117715603
 03/13  18:00:00,2450.4646847485624,18.45450041290738
 03/13  18:15:00,2217.1116901899745,10.699387669174774
 03/13  18:30:00,3638.0871940520815,2.9438853093414448
 03/13  18:45:00,5375.925610679304,0.0
 03/13  19:00:00,5593.547127537115,0.0
 03/13  19:15:00,4323.959207252811,0.0
 03/13  19:30:00,3744.9950055636336,0.0
 03/13  19:45:00,2282.3312871295234,0.0
 03/13  20:00:00,2311.333721624119,0.0
 03/13  20:15:00,2333.348901434676,0.0
 03/13  20:30:00,2314.9153233150537,0.0
 03/13  20:45:00,2333.0924091060115,0.0
 03/13  21:00:00,2361.446606065308,0.0
 03/13  21:15:00,2355.9377777579784,0.0
 03/13  21:30:00,2315.7354309666343,0.0
 03/13  21:45:00,2314.797148204992,0.0
 03/13  22:00:00,2354.1119126656104,0.0
 03/13  22:15:00,2360.247525274197,0.0
 03/13  22:30:00,2332.72178263897,0.0
 03/13  22:45:00,2314.132133557517,0.0
 03/13  23:00:00,2329.251389793329,0.0
 03/13  23:15:00,292.31333333333333,0.0
 03/13  23:30:00,140.3545031261554,0.0
 03/13  23:45:00,97.4207323439535,0.0
 03/13  24:00:00,44.97999999999999,0.0
 03/14  00:15:00,143.42538682782163,0.0
 03/14  00:30:00,143.41384424454452,0.0
 03/14  00:45:00,109.6687012022424,0.0
 03/14  01:00:00,44.97999999999999,0.0
 03/14  01:15:00,118.88871039110994,0.0
 03/14  01:30:00,143.41276749848373,0.0
 03/14  01:45:00,134.20351241664787,0.0
 03/14  02:00:00,44.97999999999999,0.0
 03/14  02:15:00,97.4251917894238,0.0
 03/14  02:30:00,140.3477946675549,0.0
 03/14  02:45:00,143.40354681740905,0.0
 03/14  03:00:00,60.313333333333325,0.0
 03/14  03:15:00,97.42243224450272,0.0
 03/14  03:30:00,115.81071397843895,0.0
 03/14  03:45:00,143.39872311816018,0.0
 03/14  04:00:00,84.84666666666666,0.0
 03/14  04:15:00,97.41745678971871,0.0
 03/14  04:30:00,97.40686502105736,0.0
 03/14  04:45:00,137.2628333986648,0.0
 03/14  05:00:00,90.98,0.0
 03/14  05:15:00,115.8159433480817,0.0
 03/14  05:30:00,97.40472522406722,0.0
 03/14  05:45:00,112.7266564737724,0.0
 03/14  06:00:00,90.98,0.0
 03/14  06:15:00,159.01291992210176,0.0
 03/14  06:30:00,377.40226738652734,0.0
 03/14  06:45:00,143.3915079069447,0.0
 03/14  07:00:00,90.98,0.0
 03/14  07:15:00,143.41207959015122,4.069445796764178
 03/14  07:30:00,143.40155582288338,5.220336801376467
 03/14  07:45:00,44.97999999999999,13.284657488496038
 03/14  08:00:00,97.42213021929908,21.36564135730284
 03/14  08:15:00,131.14449949337805,29.495114908806915
 03/14  08:30:00,143.4000254032359,37.904555400244284
 03/14  08:45:00,2232.2853124292424,49.81953428578698
 03/14  09:00:00,3663.79527997768,61.85054762732905
 03/14  09:15:00,1749.585176085027,73.95395713975262
 03/14  09:30:00,1797.0947162138775,86.15480252132022
 03/14  09:45:00,1787.8040490759176,111.91323353405872
 03/14  10:00:00,3672.4707970112304,138.79705207362534
 03/14  10:15:00,2213.05226768983,166.6031395281573
 03/14  10:30:00,2226.759153007315,209.92587158816127
 03/14  10:45:00,2226.3405402400026,203.17069758258629
 03/14  11:00:00,2205.1237151889245,181.7216559413622
 03/14  11:15:00,7939.201728987829,174.97869058782769
 03/14  11:30:00,5821.530948433231,167.93577112448622
 03/14  11:45:00,2898.9867754554757,172.68937673600777
 03/14  12:00:00,2264.141789901581,177.53131114014022
 03/14  12:15:00,51.11333333333332,182.31935451700667
 03/14  12:30:00,97.40744902714933,187.1732423711719
 03/14  12:45:00,124.99709023268812,186.34976245556953
 03/14  13:00:00,90.98,185.56668155676593
 03/14  13:15:00,128.0629947494104,184.6692228105801
 03/14  13:30:00,97.38175282582664,183.78794753615898
 03/14  13:45:00,48.04666666666666,177.0546209900073
 03/14  14:00:00,143.39351176499935,170.4343595875153
 03/14  14:15:00,143.3819285436483,164.3802068983461
 03/14  14:30:00,54.17999999999999,158.40265100878855
 03/14  14:45:00,97.40079897622788,148.58624848785036
 03/14  15:00:00,121.92322666811188,138.8914998222488
 03/14  15:15:00,90.98,129.35561985275226
 03/14  15:30:00,131.14726379514426,119.96971461023992
 03/14  15:45:00,97.40601601518856,115.52106209224112
 03/14  16:00:00,97.3983664600774,111.00621695838515
 03/14  16:15:00,2708.344885123674,106.43131734187139
 03/14  16:30:00,2688.726608464774,101.83515988333878
 03/14  16:45:00,2320.383060872663,81.93893531715658
 03/14  17:00:00,2194.284077194344,62.54092917317753
 03/14  17:15:00,7960.68184936644,43.64338015885552
 03/14  17:30:00,5871.271288934142,26.194207512060594
 03/14  17:45:00,2957.341420730194,20.367097291766754
 03/14  18:00:00,2461.678788391807,14.547477755879854
 03/14  18:15:00,2227.3530348249333,8.756579721844371
 03/14  18:30:00,3641.565554194491,2.9736143368120977
 03/14  18:45:00,5376.334536478999,0.0
 03/14  19:00:00,5593.309014065326,0.0
 03/14  19:15:00,4323.612688196223,0.0
 03/14  19:30:00,3744.869738603102,0.0
 03/14  19:45:00,2288.1030245300904,0.0
 03/14  20:00:00,2318.8619242013983,0.0
 03/14  20:15:00,2340.8535649162623,0.0
 03/14  20:30:00,2322.3429996842806,0.0
 03/14  20:45:00,2340.454716185776,0.0
 03/14  21:00:00,2368.731178178885,0.0
 03/14  21:15:00,2363.1325075481905,0.0
 03/14  21:30:00,2322.8451961959795,0.0
 03/14  21:45:00,2321.833639712477,0.0
 03/14  22:00:00,2361.081533349155,0.0
 03/14  22:15:00,2367.3497843643854,0.0
 03/14  22:30:00,2340.0623263020684,0.0
 03/14  22:45:00,2321.8328014131143,0.0
 03/14  23:00:00,2337.3623137699738,0.0
 03/14  23:15:00,292.31333333333333,0.0
 03/14  23:30:00,140.36993301774015,0.0
 03/14  23:45:00,97.43782618402008,0.0
 03/14  24:00:00,97.4293924262759,0.0
 03/15  00:15:00,1962.476266666667,0.0
 03/15  00:30:00,1305.9641415495548,0.0
 03/15  00:45:00,1555.809984238951,0.0
 03/15  01:00:00,118.09878281151572,0.0
 03/15  01:15:00,118.90015970283764,0.0
 03/15  01:30:00,90.98,0.0
 03/15  01:45:00,134.23642718315426,0.0
 03/15  02:00:00,97.42816670175657,0.0
 03/15  02:15:00,97.4198638437913,0.0
 03/15  02:30:00,140.34485267072006,0.0
 03/15  02:45:00,90.98,0.0
 03/15  03:00:00,112.77023618223502,0.0
 03/15  03:15:00,97.42865781381516,0.0
 03/15  03:30:00,115.8203548912486,0.0
 03/15  03:45:00,143.41199414737792,0.0
 03/15  04:00:00,84.84666666666666,0.0
 03/15  04:15:00,97.43714672833876,0.0
 03/15  04:30:00,97.42880714757273,0.0
 03/15  04:45:00,137.2870581933462,0.0
 03/15  05:00:00,143.41189927501844,0.0
 03/15  05:15:00,63.38,0.0
 03/15  05:30:00,97.4379833759626,0.0
 03/15  05:45:00,112.76360028855854,0.0
 03/15  06:00:00,143.42253649372435,0.0
 03/15  06:15:00,159.01445544094966,0.0
 03/15  06:30:00,324.97999999999985,0.0
 03/15  06:45:00,143.44032393206484,0.0
 03/15  07:00:00,143.4324531680877,0.0
 03/15  07:15:00,143.42419436862212,2.9478243017623003
 03/15  07:30:00,143.41584561144913,3.777631621889553
 03/15  07:45:00,44.97999999999999,8.894068728169911
 03/15  08:00:00,97.44100118904404,14.013148654982857
 03/15  08:15:00,131.16641537022815,19.13793571186164
 03/15  08:30:00,143.42511180127326,24.265729524160836
 03/15  08:45:00,2241.994010243992,39.51494729922517
 03/15  09:00:00,3656.940407093,55.861598514117375
 03/15  09:15:00,1749.6326396509453,72.64410020662676
 03/15  09:30:00,1798.270052314756,89.68214056305501
 03/15  09:45:00,1789.3245639966212,101.3931709379177
 03/15  10:00:00,3684.8694800197145,113.26855826739884
 03/15  10:15:00,2229.6446989532515,125.25284795753481
 03/15  10:30:00,2247.457245676999,137.38454600871304
 03/15  10:45:00,2248.730292879883,145.98814189101492
 03/15  11:00:00,2228.3249580166625,154.798283955672
 03/15  11:15:00,7939.2251972837,163.75059958483095
 03/15  11:30:00,5842.060361519898,172.81448679099012
 03/15  11:45:00,2922.6530078953165,156.01747882163866
 03/15  12:00:00,2286.4212654438843,139.8202938291588
 03/15  12:15:00,51.11333333333332,124.10397006254625
 03/15  12:30:00,97.4389090164434,108.59755749974411
 03/15  12:45:00,125.0404379767644,127.37035752109969
 03/15  13:00:00,143.4156898165001,146.35178897798832
 03/15  13:15:00,75.64666666666666,165.6020426252794
 03/15  13:30:00,97.43791279642603,185.26027934309127
 03/15  13:45:00,100.49480256664644,198.82857779565632
 03/15  14:00:00,143.4181545984464,212.27969777829995
 03/15  14:15:00,143.40813265094152,243.5391341761973
 03/15  14:30:00,54.17999999999999,256.5814961839314
 03/15  14:45:00,97.42965466669126,224.02741180662554
 03/15  15:00:00,121.95281517782487,178.70705022711283
 03/15  15:15:00,143.40944824240853,150.5038830779044
 03/15  15:30:00,78.71333333333334,123.0311027388088
 03/15  15:45:00,97.4308577581551,118.71963406010964
 03/15  16:00:00,97.42078829131331,114.22701854856712
 03/15  16:15:00,2746.3993914772277,109.72250734380978
 03/15  16:30:00,2702.354627256339,105.17274917267797
 03/15  16:45:00,2336.8596814972384,90.29562508868936
 03/15  17:00:00,2210.983245981389,75.74820474346615
 03/15  17:15:00,7960.699147717522,61.49708365849856
 03/15  17:30:00,5885.608937718413,47.58295725957345
 03/15  17:45:00,2974.636245771727,36.93853878067414
 03/15  18:00:00,2478.664608524626,26.335552651110504
 03/15  18:15:00,2244.5505833975917,16.031433399017416
 03/15  18:30:00,3660.028424152759,6.014151660096104
 03/15  18:45:00,5393.871984542324,0.0
 03/15  19:00:00,5611.235249374866,0.0
 03/15  19:15:00,4342.250844477788,0.0
 03/15  19:30:00,3764.623548132427,0.0
 03/15  19:45:00,2307.372674444501,0.0
 03/15  20:00:00,2340.8512718636475,0.0
 03/15  20:15:00,2363.591910376008,0.0
 03/15  20:30:00,2345.7885392958287,0.0
 03/15  20:45:00,2364.718058169717,0.0
 03/15  21:00:00,2393.554393546551,0.0
 03/15  21:15:00,2388.7595552622192,0.0
 03/15  21:30:00,2349.354277810687,0.0
 03/15  21:45:00,2349.299897927309,0.0
 03/15  22:00:00,2389.5349031172505,0.0
 03/15  22:15:00,2396.230466082843,0.0
 03/15  22:30:00,2369.135676448881,0.0
 03/15  22:45:00,2350.814430582362,0.0
 03/15  23:00:00,2366.129424698817,0.0
 03/15  23:15:00,292.31333333333333,0.0
 03/15  23:30:00,140.39632378056763,0.0
 03/15  23:45:00,97.4577019205794,0.0
 03/15  24:00:00,97.4523999374296,0.0
 03/16  00:15:00,1918.8414067613871,0.0
 03/16  00:30:00,1017.1634785388216,0.0
 03/16  00:45:00,194.4752964970663,0.0
 03/16  01:00:00,151.85671561185342,0.0
 03/16  01:15:00,130.68058145104027,0.0
 03/16  01:30:00,143.46971839380342,0.0
 03/16  01:45:00,134.26444746123406,0.0
 03/16  02:00:00,97.45909696200717,0.0
 03/16  02:15:00,97.4538350810558,0.0
 03/16  02:30:00,140.38184482385668,0.0
 03/16  02:45:00,143.44312547277275,0.0
 03/16  03:00:00,112.7710096311486,0.0
 03/16  03:15:00,44.97999999999999,0.0
 03/16  03:30:00,115.87402033710352,0.0
 03/16  03:45:00,143.47170133910325,0.0
 03/16  04:00:00,137.3362856906194,0.0
 03/16  04:15:00,97.4665921224277,0.0
 03/16  04:30:00,97.46367011780676,0.0
 03/16  04:45:00,137.32752112504073,0.0
 03/16  05:00:00,143.45814654238632,0.0
 03/16  05:15:00,115.855040015991,0.0
 03/16  05:30:00,97.4519834938768,0.0
 03/16  05:45:00,112.78231100650648,0.0
 03/16  06:00:00,90.98,0.0
 03/16  06:15:00,159.08484500784192,0.0
 03/16  06:30:00,377.4817244668822,0.0
 03/16  06:45:00,143.47861479706876,0.0
 03/16  07:00:00,143.4755164567917,0.0
 03/16  07:15:00,143.471582897661,12.61551222395429
 03/16  07:30:00,143.46756196022466,16.55923007813632
 03/16  07:45:00,97.4634528487508,43.0199900129697
 03/16  08:00:00,97.45925473978838,71.31785955625718
 03/16  08:15:00,131.18610024016235,104.72094574973731
 03/16  08:30:00,1909.8381701723945,142.88528788492494
 03/16  08:45:00,2252.627433697829,186.51520490163136
 03/16  09:00:00,3681.5773888717695,227.74698854593163
 03/16  09:15:00,1761.872646600087,271.78331841855265
 03/16  09:30:00,1814.011819151188,317.6978859292494
 03/16  09:45:00,3774.326208118935,374.0448938378878
 03/16  10:00:00,3663.4461647822,421.00272702949525
 03/16  10:15:00,2224.761937077282,473.7352986769198
 03/16  10:30:00,2246.2725448481942,529.0872816650107
 03/16  10:45:00,2253.731890036944,560.9620497862802
 03/16  11:00:00,2232.7783328083488,599.6294698052178
 03/16  11:15:00,2199.836665636534,636.1103730909558
 03/16  11:30:00,2200.405143628136,670.639519729792
 03/16  11:45:00,2236.0471299634046,694.3191539829203
 03/16  12:00:00,2232.0286675246243,715.7281147020817
 03/16  12:15:00,1720.067604229932,725.9368215970467
 03/16  12:30:00,1700.8153088226104,732.3152566814922
 03/16  12:45:00,1719.6862828305657,711.5922327984982
 03/16  13:00:00,1735.5006227867402,687.1351887774349
 03/16  13:15:00,2258.5643947966964,665.4507841272584
 03/16  13:30:00,2183.972706919619,649.9357859331028
 03/16  13:45:00,2161.921667091193,633.2244267577071
 03/16  14:00:00,2201.913125357042,614.6233406499716
 03/16  14:15:00,2192.021906220224,596.9043079418536
 03/16  14:30:00,2145.414268353496,577.0030478113391
 03/16  14:45:00,2131.939762729859,557.3252619188842
 03/16  15:00:00,2153.8138256766424,535.3520390915606
 03/16  15:15:00,2172.073636978994,510.06325095172645
 03/16  15:30:00,2156.2067885180318,483.2680645679768
 03/16  15:45:00,2118.9182532644904,438.47967363106704
 03/16  16:00:00,2115.8619862401,394.1761359952746
 03/16  16:15:00,2573.554449065264,350.37668769828514
 03/16  16:30:00,2571.2272305625047,307.149262170933
 03/16  16:45:00,2231.1080922568613,238.76095880506315
 03/16  17:00:00,2107.2308405198,187.1703176874256
 03/16  17:15:00,2130.897080394266,141.51299682813155
 03/16  17:30:00,7983.794547315598,96.45548257878258
 03/16  17:45:00,5899.941044222681,70.41175245044944
 03/16  18:00:00,3036.4086618991214,46.95596863529673
 03/16  18:15:00,2245.2759539440312,23.838659276717706
 03/16  18:30:00,2182.45350078751,7.5014279175193765
 03/16  18:45:00,5098.927894465697,0.0
 03/16  19:00:00,5591.278786726325,0.0
 03/16  19:15:00,4286.111503363993,0.0
 03/16  19:30:00,3703.887164436622,0.0
 03/16  19:45:00,2256.297093225873,0.0
 03/16  20:00:00,2285.165191286438,0.0
 03/16  20:15:00,8122.482219876377,0.0
 03/16  20:30:00,5966.224851579992,0.0
 03/16  20:45:00,2791.2044380690104,0.0
 03/16  21:00:00,2371.906117383234,0.0
 03/16  21:15:00,2330.2118740096566,0.0
 03/16  21:30:00,2289.8337090381483,0.0
 03/16  21:45:00,2292.9416685853903,0.0
 03/16  22:00:00,2332.983083201532,0.0
 03/16  22:15:00,2338.214807524446,0.0
 03/16  22:30:00,2310.2952579918933,0.0
 03/16  22:45:00,2291.845655812312,0.0
 03/16  23:00:00,2307.1013793407205,0.0
 03/16  23:15:00,2071.5537493991355,0.0
 03/16  23:30:00,87.91333333333333,0.0
 03/16  23:45:00,97.44924395268536,0.0
 03/16  24:00:00,97.435627729447,0.0
 03/17  00:15:00,2003.6214622327575,0.0
 03/17  00:30:00,1886.1164379194029,0.0
 03/17  00:45:00,154.93929666666668,0.0
 03/17  01:00:00,195.13549825074185,0.0
 03/17  01:15:00,216.5930662640556,0.0
 03/17  01:30:00,241.11708321784775,0.0
 03/17  01:45:00,231.9075559852056,0.0
 03/17  02:00:00,142.67263,0.0
 03/17  02:15:00,123.4893433762352,0.0
 03/17  02:30:00,140.36227173979938,0.0
 03/17  02:45:00,143.4197615924952,0.0
 03/17  03:00:00,112.74377550652412,0.0
 03/17  03:15:00,44.97999999999999,0.0
 03/17  03:30:00,115.8342539178206,0.0
 03/17  03:45:00,143.42532187248685,0.0
 03/17  04:00:00,137.2829510458231,0.0
 03/17  04:15:00,97.40781566070832,0.0
 03/17  04:30:00,44.97999999999999,0.0
 03/17  04:45:00,137.2997568751843,0.0
 03/17  05:00:00,143.42494882352733,0.0
 03/17  05:15:00,115.81644651946284,0.0
 03/17  05:30:00,44.97999999999999,0.0
 03/17  05:45:00,112.774528402484,0.0
 03/17  06:00:00,143.43290028750909,0.0
 03/17  06:15:00,159.02505269169032,0.0
 03/17  06:30:00,377.4172051257833,0.0
 03/17  06:45:00,90.98,0.0
 03/17  07:00:00,143.44348957007048,0.0
 03/17  07:15:00,143.4346751481596,3.525130769563946
 03/17  07:30:00,143.4257096586731,4.514554803056299
 03/17  07:45:00,97.41658992600328,9.988566414567158
 03/17  08:00:00,44.97999999999999,15.468279533375446
 03/17  08:15:00,131.1731877671028,20.95207705060221
 03/17  08:30:00,1917.9788682692213,26.43793087004325
 03/17  08:45:00,2220.769621671212,33.44513806001019
 03/17  09:00:00,3637.7115723648585,40.45282829804748
 03/17  09:15:00,1734.9760336548468,47.459683795870205
 03/17  09:30:00,1786.2231229623656,54.53108933028125
 03/17  09:45:00,3704.1901769471233,61.24411221574915
 03/17  10:00:00,3595.1930832037624,68.00175302136235
 03/17  10:15:00,2178.962006720042,74.82907486557276
 03/17  10:30:00,2201.9884408890034,81.70666366040547
 03/17  10:45:00,2213.617499275227,86.52375520497716
 03/17  11:00:00,2195.386670127275,91.38117015948961
 03/17  11:15:00,2165.951575687513,96.20126141233033
 03/17  11:30:00,2170.029449994657,101.05153706125925
 03/17  11:45:00,2208.7244340868046,103.16869167825074
 03/17  12:00:00,2207.595054256257,105.31704101281237
 03/17  12:15:00,1702.8247666889,107.51822402249141
 03/17  12:30:00,1683.9574620134388,109.74181480358223
 03/17  12:45:00,1705.2797452718955,109.22475632813321
 03/17  13:00:00,1723.0640446459015,108.73784452802336
 03/17  13:15:00,2257.922787532803,108.26497355592156
 03/17  13:30:00,2184.7346804877843,107.8129887921151
 03/17  13:45:00,2164.0558336768013,104.63589908623783
 03/17  14:00:00,2205.436527803867,101.49647283064218
 03/17  14:15:00,2196.913359916009,98.38716297141777
 03/17  14:30:00,2151.9361618447056,95.307181621049
 03/17  14:45:00,2140.4980613844623,89.54532868300532
 03/17  15:00:00,2164.489868612281,83.8380587505365
 03/17  15:15:00,2185.099354947888,78.23445940113157
 03/17  15:30:00,2171.7244097497924,72.6701532310849
 03/17  15:45:00,2137.096443368447,65.71567225427214
 03/17  16:00:00,2136.4956929163905,58.816897821308885
 03/17  16:15:00,2596.3663688013376,52.24124062881234
 03/17  16:30:00,2595.7646721523647,45.69239640196296
 03/17  16:45:00,2256.7577259623563,38.76373575720095
 03/17  17:00:00,2132.449514178803,31.832518782875493
 03/17  17:15:00,2154.640900667573,24.872250475740408
 03/17  17:30:00,7983.830777430443,17.925449940017955
 03/17  17:45:00,5918.659866927375,13.988830004918288
 03/17  18:00:00,3056.4918792627564,10.05844614461676
 03/17  18:15:00,2261.6350249915918,6.136791828501027
 03/17  18:30:00,2196.121642247933,2.226101836785176
 03/17  18:45:00,5074.935091159404,0.0
 03/17  19:00:00,5606.268692522513,0.0
 03/17  19:15:00,4291.983186362199,0.0
 03/17  19:30:00,3708.789052980169,0.0
 03/17  19:45:00,2261.611004698852,0.0
 03/17  20:00:00,2291.535551004088,0.0
 03/17  20:15:00,8122.489198874811,0.0
 03/17  20:30:00,5970.273107851128,0.0
 03/17  20:45:00,2796.094799058311,0.0
 03/17  21:00:00,2376.3484349613727,0.0
 03/17  21:15:00,2334.744314965737,0.0
 03/17  21:30:00,2294.5253151515485,0.0
 03/17  21:45:00,2297.885229470672,0.0
 03/17  22:00:00,2338.2437350389364,0.0
 03/17  22:15:00,2343.6815926491317,0.0
 03/17  22:30:00,2315.887896132381,0.0
 03/17  22:45:00,2297.4517883777035,0.0
 03/17  23:00:00,2312.660230545324,0.0
 03/17  23:15:00,2064.820694992495,0.0
 03/17  23:30:00,87.91333333333333,0.0
 03/17  23:45:00,97.42341317408828,0.0
 03/17  24:00:00,97.41759655517156,0.0
 03/18  00:15:00,136.32598000000002,0.0
 03/18  00:30:00,982.627280951682,0.0
 03/18  00:45:00,155.02594886951695,0.0
 03/18  01:00:00,142.76474144896147,0.0
 03/18  01:15:00,111.79264666666668,0.0
 03/18  01:30:00,188.76900672511448,0.0
 03/18  01:45:00,179.55819251228962,0.0
 03/18  02:00:00,142.7472063595914,0.0
 03/18  02:15:00,1016.493656,0.0
 03/18  02:30:00,1376.487045708382,0.0
 03/18  02:45:00,188.7659045380045,0.0
 03/18  03:00:00,158.09837724464745,0.0
 03/18  03:15:00,78.23371866666666,0.0
 03/18  03:30:00,115.81923648207056,0.0
 03/18  03:45:00,143.40891060814084,0.0
 03/18  04:00:00,137.2651535737895,0.0
 03/18  04:15:00,44.97999999999999,0.0
 03/18  04:30:00,97.41841671615282,0.0
 03/18  04:45:00,137.27427509530432,0.0
 03/18  05:00:00,143.396643696049,0.0
 03/18  05:15:00,63.38,0.0
 03/18  05:30:00,97.4168045210771,0.0
 03/18  05:45:00,112.73944282121336,0.0
 03/18  06:00:00,143.39527650324334,0.0
 03/18  06:15:00,106.58,0.0
 03/18  06:30:00,377.4158302578477,0.0
 03/18  06:45:00,143.40532651791236,0.0
 03/18  07:00:00,143.39470586361278,2.3292406680711175
 03/18  07:15:00,90.98,3.4953885452920077
 03/18  07:30:00,143.41580666259475,4.477762233784865
 03/18  07:45:00,97.40557675619728,10.09904488449664
 03/18  08:00:00,97.39525349761908,15.730911106045092
 03/18  08:15:00,78.71333333333334,21.363242643115555
 03/18  08:30:00,143.41561770191615,26.998578400741224
 03/18  08:45:00,2237.401423920183,33.95700082988098
 03/18  09:00:00,3623.0941607010272,40.91793152439562
 03/18  09:15:00,1729.5372932234836,47.87524061078946
 03/18  09:30:00,1778.344990108406,54.90749411861205
 03/18  09:45:00,1769.444811277313,61.57147767750869
 03/18  10:00:00,3643.3150923353696,68.28091507269039
 03/18  10:15:00,2200.9712717635493,75.03707002947782
 03/18  10:30:00,2218.2527158495195,81.84147371781972
 03/18  10:45:00,2220.025221972845,86.60454148704619
 03/18  11:00:00,2199.9388614933823,91.40700701950047
 03/18  11:15:00,7939.196147346478,96.21667271613701
 03/18  11:30:00,5817.0478213748265,101.05457381148062
 03/18  11:45:00,2893.232224097604,103.39233168050637
 03/18  12:00:00,2258.591139659456,105.75813614509553
 03/18  12:15:00,51.11333333333332,108.18654017224486
 03/18  12:30:00,97.41240068644944,110.63907529885738
 03/18  12:45:00,125.00786066669896,110.16061901779509
 03/18  13:00:00,90.98,109.712904254434
 03/18  13:15:00,128.07728019712104,109.31105837621863
 03/18  13:30:00,97.39900390648324,108.92876424615929
 03/18  13:45:00,100.45389163050037,105.62228737013147
 03/18  14:00:00,90.98,102.35041244874255
 03/18  14:15:00,143.40553381045498,99.09452306835306
 03/18  14:30:00,106.59385012353933,95.86560412261036
 03/18  14:45:00,44.97999999999999,90.16979926669029
 03/18  15:00:00,121.9453310301424,84.52316437052497
 03/18  15:15:00,143.40074593534945,78.93556119172355
 03/18  15:30:00,131.1226982682106,73.38371143394372
 03/18  15:45:00,44.97999999999999,66.44178433787413
 03/18  16:00:00,97.4085098000273,59.5526673909233
 03/18  16:15:00,2727.8322861564293,52.9704151818558
 03/18  16:30:00,2684.177232833182,46.43450190987746
 03/18  16:45:00,2317.5025307993,39.5146358228636
 03/18  17:00:00,2191.678602672834,32.58851733588505
 03/18  17:15:00,7960.678807403858,25.617844759352074
 03/18  17:30:00,5867.704310566482,18.665539372127892
 03/18  17:45:00,2952.778875551277,14.53887998974183
 03/18  18:00:00,2457.075039807685,10.421343693347277
 03/18  18:15:00,2222.469933132396,6.320491007383553
 03/18  18:30:00,3626.6145609485993,2.2265669200123477
 03/18  18:45:00,5360.071637491032,0.0
 03/18  19:00:00,5576.635034221862,0.0
 03/18  19:15:00,4306.386929066782,0.0
 03/18  19:30:00,3727.0290716236095,0.0
 03/18  19:45:00,2279.641524351861,0.0
 03/18  20:00:00,2311.422323687863,0.0
 03/18  20:15:00,2333.362630035883,0.0
 03/18  20:30:00,2314.793923231598,0.0
 03/18  20:45:00,2332.8224652551503,0.0
 03/18  21:00:00,2361.0387516176806,0.0
 03/18  21:15:00,2355.4230148993493,0.0
 03/18  21:30:00,2315.1006930791405,0.0
 03/18  21:45:00,2314.019512504436,0.0
 03/18  22:00:00,2353.1756099506188,0.0
 03/18  22:15:00,2359.1150873798224,0.0
 03/18  22:30:00,2331.3660240191552,0.0
 03/18  22:45:00,2312.5267115815964,0.0
 03/18  23:00:00,2327.381556624058,0.0
 03/18  23:15:00,292.31333333333333,0.0
 03/18  23:30:00,140.35073432389174,0.0
 03/18  23:45:00,97.41574150847934,0.0
 03/18  24:00:00,44.97999999999999,0.0
 03/19  00:15:00,143.4191175259935,0.0
 03/19  00:30:00,143.40719695164185,0.0
 03/19  00:45:00,109.66167836385942,0.0
 03/19  01:00:00,44.97999999999999,0.0
 03/19  01:15:00,118.87961891029678,0.0
 03/19  01:30:00,143.4016506555419,0.0
 03/19  01:45:00,134.19019072205265,0.0
 03/19  02:00:00,44.97999999999999,0.0
 03/19  02:15:00,97.409290819228,0.0
 03/19  02:30:00,140.33145742818303,0.0
 03/19  02:45:00,90.98,0.0
 03/19  03:00:00,112.75063502356436,0.0
 03/19  03:15:00,97.40663601009328,0.0
 03/19  03:30:00,115.79587475362776,0.0
 03/19  03:45:00,90.98,0.0
 03/19  04:00:00,137.28283681818937,0.0
 03/19  04:15:00,97.40569540657906,0.0
 03/19  04:30:00,97.39513268513322,0.0
 03/19  04:45:00,84.84666666666666,0.0
 03/19  05:00:00,143.41596881873414,0.0
 03/19  05:15:00,115.80603752882894,0.0
 03/19  05:30:00,97.39606565666774,0.0
 03/19  05:45:00,60.313333333333325,0.0
 03/19  06:00:00,143.41829062543616,0.0
 03/19  06:15:00,159.00772575226165,0.0
 03/19  06:30:00,377.3970124137104,0.0
 03/19  06:45:00,90.98,0.0
 03/19  07:00:00,143.41741766897988,2.715305866109266
 03/19  07:15:00,143.4072783061215,4.073528843605067
 03/19  07:30:00,143.39704805129088,5.220697025210766
 03/19  07:45:00,44.97999999999999,10.839165543624985
 03/19  08:00:00,97.4186121863074,16.46956681190605
 03/19  08:15:00,131.1417927745415,22.108835677753103
 03/19  08:30:00,143.3982004540517,27.755522957411074
 03/19  08:45:00,2206.365246465516,34.91909769064975
 03/19  09:00:00,3623.212439739685,42.089871672198804
 03/19  09:15:00,1731.9795218551149,49.253375538553684
 03/19  09:30:00,1781.7663537152196,56.56367786519518
 03/19  09:45:00,1772.9200297395737,63.24961296234164
 03/19  10:00:00,3652.680069141252,69.98253061846161
 03/19  10:15:00,2207.246453145749,76.75111776682671
 03/19  10:30:00,2229.026577061797,83.56723480427843
 03/19  10:45:00,2231.3363265249995,88.33803653915282
 03/19  11:00:00,2211.138305397394,93.14640161978545
 03/19  11:15:00,7939.208075637827,97.994224235951
 03/19  11:30:00,5827.493959436805,102.87609109577221
 03/19  11:45:00,2905.888652620334,105.25723737461922
 03/19  12:00:00,2270.7326040967573,107.66788894360464
 03/19  12:15:00,51.11333333333332,110.09225361339145
 03/19  12:30:00,97.41667141127084,112.53890970350886
 03/19  12:45:00,125.01249022779116,111.83328401401846
 03/19  13:00:00,90.98,111.15605535964622
 03/19  13:15:00,128.0828355133185,110.54521174913678
 03/19  13:30:00,97.40553893320568,109.95172249497041
 03/19  13:45:00,100.46148197243336,106.84984121410695
 03/19  14:00:00,90.98,103.77956782930079
 03/19  14:15:00,143.41408553886697,100.69050393372403
 03/19  14:30:00,106.60233143200004,97.62928681448005
 03/19  14:45:00,97.3903468783655,91.89178733576962
 03/19  15:00:00,69.51333333333332,86.2085791511466
 03/19  15:15:00,143.40936990998267,80.62509873486238
 03/19  15:30:00,131.132096251847,75.0779594083412
 03/19  15:45:00,44.97999999999999,67.93487298546043
 03/19  16:00:00,97.41925629887984,60.84722541394317
 03/19  16:15:00,2750.869560950514,53.96547230652447
 03/19  16:30:00,2692.374581700271,47.191190307553995
 03/19  16:45:00,2326.6679084453026,40.232519274157
 03/19  17:00:00,2200.4497373869344,33.27984117575203
 03/19  17:15:00,7960.688030380842,26.353078078172725
 03/19  17:30:00,5875.381789582838,19.428566209653873
 03/19  17:45:00,2962.6291007914697,15.50600130532887
 03/19  18:00:00,2467.2085775157225,11.581502950937661
 03/19  18:15:00,2232.8710085182097,7.653864229285091
 03/19  18:30:00,3639.010872347235,3.7289221609092267
 03/19  18:45:00,5371.289852059769,2.9139336276374315
 03/19  19:00:00,5314.246173569358,0.0
 03/19  19:15:00,4320.842507264653,0.0
 03/19  19:30:00,3736.528203561348,0.0
 03/19  19:45:00,2289.8157145883515,0.0
 03/19  20:00:00,2322.69220079036,0.0
 03/19  20:15:00,2344.893493216955,0.0
 03/19  20:30:00,2326.60457244773,0.0
 03/19  20:45:00,2344.9783522642447,0.0
 03/19  21:00:00,2373.459999539699,0.0
 03/19  21:15:00,2368.081457443016,0.0
 03/19  21:30:00,2327.9220164864164,0.0
 03/19  21:45:00,2326.916617761252,0.0
 03/19  22:00:00,2366.115196757008,0.0
 03/19  22:15:00,2372.0663096238613,0.0
 03/19  22:30:00,2344.355817230978,0.0
 03/19  22:45:00,2325.5760338101622,0.0
 03/19  23:00:00,2340.499815813788,0.0
 03/19  23:15:00,292.31333333333333,0.0
 03/19  23:30:00,140.3663721737692,0.0
 03/19  23:45:00,97.43470589632264,0.0
 03/19  24:00:00,97.4269039491235,0.0
 03/20  00:15:00,1052.6955840000005,0.0
 03/20  00:30:00,203.123314280132,0.0
 03/20  00:45:00,169.39227422111216,0.0
 03/20  01:00:00,157.10622503548024,0.0
 03/20  01:15:00,122.85470143692538,0.0
 03/20  01:30:00,90.98,0.0
 03/20  01:45:00,134.23284442046793,0.0
 03/20  02:00:00,97.4240317231583,0.0
 03/20  02:15:00,97.41411852114052,0.0
 03/20  02:30:00,87.91333333333333,0.0
 03/20  02:45:00,143.43559514523483,0.0
 03/20  03:00:00,112.7588087345588,0.0
 03/20  03:15:00,97.41632553494142,0.0
 03/20  03:30:00,115.80709727470251,0.0
 03/20  03:45:00,90.98,0.0
 03/20  04:00:00,137.29724075954357,0.0
 03/20  04:15:00,97.42188728942536,0.0
 03/20  04:30:00,97.41316404851872,0.0
 03/20  04:45:00,84.84666666666666,0.0
 03/20  05:00:00,143.43753531677785,0.0
 03/20  05:15:00,115.8293024517654,0.0
 03/20  05:30:00,97.42105853556512,0.0
 03/20  05:45:00,112.74613906054532,0.0
 03/20  06:00:00,90.98,0.0
 03/20  06:15:00,159.03749181034385,0.0
 03/20  06:30:00,377.4286807523247,0.0
 03/20  06:45:00,143.4197667680656,0.0
 03/20  07:00:00,143.4107484505272,5.0906485294606885
 03/20  07:15:00,90.98,7.363757598597751
 03/20  07:30:00,143.4345512840335,9.810720883919203
 03/20  07:45:00,97.42562214520572,14.7255782080248
 03/20  08:00:00,97.4165875919899,19.64037351440784
 03/20  08:15:00,131.14061057793043,24.560340983651983
 03/20  08:30:00,90.98,29.480826819256198
 03/20  08:45:00,2267.071928997449,36.6822413429985
 03/20  09:00:00,3629.125975085751,43.879945901165144
 03/20  09:15:00,1737.8718161681418,51.054120868649065
 03/20  09:30:00,1788.2967060138255,58.43070670126047
 03/20  09:45:00,1779.2943898079852,65.09924462372106
 03/20  10:00:00,3669.027936943196,71.80156971728225
 03/20  10:15:00,2221.086696711204,78.59989058371413
 03/20  10:30:00,2243.723888021741,85.45553613393827
 03/20  10:45:00,2246.3435037975128,90.26990313957924
 03/20  11:00:00,2226.4440340624533,95.13703176307907
 03/20  11:15:00,7939.224213860874,100.03927212378906
 03/20  11:30:00,5841.73349857399,104.98072957899959
 03/20  11:45:00,2923.0701584910344,107.41623033567997
 03/20  12:00:00,2287.4673678178283,109.88412838986793
 03/20  12:15:00,51.11333333333332,112.281996942443
 03/20  12:30:00,97.42948717887109,114.69774395238304
 03/20  12:45:00,125.02637725429244,113.94623202140833
 03/20  13:00:00,143.41523849168408,113.22465073467143
 03/20  13:15:00,75.64666666666666,112.60291777113872
 03/20  13:30:00,97.42085632803996,111.99992317043082
 03/20  13:45:00,100.47744003626585,108.67082522658369
 03/20  14:00:00,143.4005712018932,105.37605810597066
 03/20  14:15:00,90.98,102.08239414136492
 03/20  14:30:00,106.62059674500992,98.81309124862096
 03/20  14:45:00,97.40969418943348,93.27281267047147
 03/20  15:00:00,121.93192140090946,87.77741915913447
 03/20  15:15:00,90.98,82.35538014571704
 03/20  15:30:00,131.15308727408387,76.96771086234662
 03/20  15:45:00,97.40958003575128,69.56623483609228
 03/20  16:00:00,97.39929891651197,62.22420793673912
 03/20  16:15:00,2724.468599116856,55.05640454428516
 03/20  16:30:00,2710.823985803566,48.056069103768294
 03/20  16:45:00,2342.11224859693,41.06701596491526
 03/20  17:00:00,2215.3276387088317,34.08988557660623
 03/20  17:15:00,7960.70380652381,27.146497425652246
 03/20  17:30:00,5888.823759163062,20.206414856040713
 03/20  17:45:00,2978.589069128201,15.898896072315441
 03/20  18:00:00,2482.248408731273,11.59146061216341
 03/20  18:15:00,2247.836600426609,7.283751232472729
 03/20  18:30:00,3659.2859096921,2.9829701318903172
 03/20  18:45:00,5390.950382290622,2.331904329812239
 03/20  19:00:00,5334.124943162881,0.0
 03/20  19:15:00,4340.669181296652,0.0
 03/20  19:30:00,3756.028364597568,0.0
 03/20  19:45:00,2303.4833421741205,0.0
 03/20  20:00:00,2336.6060961381163,0.0
 03/20  20:15:00,2358.5861233249943,0.0
 03/20  20:30:00,2340.0833079895365,0.0
 03/20  20:45:00,2358.188448757942,0.0
 03/20  21:00:00,2386.485393551934,0.0
 03/20  21:15:00,2380.928074941651,0.0
 03/20  21:30:00,2340.6922956821386,0.0
 03/20  21:45:00,2339.725151948689,0.0
 03/20  22:00:00,2379.0088540511906,0.0
 03/20  22:15:00,2385.0527842971,0.0
 03/20  22:30:00,2357.3827809417603,0.0
 03/20  22:45:00,2338.578234476392,0.0
 03/20  23:00:00,2353.442847641897,0.0
 03/20  23:15:00,292.31333333333333,0.0
 03/20  23:30:00,140.36377566376734,0.0
 03/20  23:45:00,97.43086131544416,0.0
 03/20  24:00:00,97.42178763183176,0.0
 03/21  00:15:00,90.98,0.0
 03/21  00:30:00,143.42797901364628,0.0
 03/21  00:45:00,109.68500622495652,0.0
 03/21  01:00:00,97.40857723998482,0.0
 03/21  01:15:00,66.44666666666666,0.0
 03/21  01:30:00,143.4328278457417,0.0
 03/21  01:45:00,134.22439619362677,0.0
 03/21  02:00:00,97.41596464737006,0.0
 03/21  02:15:00,97.40770527123983,0.0
 03/21  02:30:00,87.91333333333333,0.0
 03/21  02:45:00,143.43348160420032,0.0
 03/21  03:00:00,112.75905827827184,0.0
 03/21  03:15:00,97.41715687094973,0.0
 03/21  03:30:00,115.80852525099009,0.0
 03/21  03:45:00,90.98,0.0
 03/21  04:00:00,137.30004017230692,0.0
 03/21  04:15:00,97.4261339901067,0.0
 03/21  04:30:00,97.41897233747436,0.0
 03/21  04:45:00,84.84666666666666,0.0
 03/21  05:00:00,143.4468118562676,0.0
 03/21  05:15:00,115.84043983680095,0.0
 03/21  05:30:00,97.43417711547178,0.0
 03/21  05:45:00,112.76136199837802,0.0
 03/21  06:00:00,143.42199934858166,0.0
 03/21  06:15:00,106.58,0.0
 03/21  06:30:00,377.4491887966508,0.0
 03/21  06:45:00,143.4419669072448,0.0
 03/21  07:00:00,143.43469057421328,5.516648002561508
 03/21  07:15:00,143.42735947215598,7.981268146798289
 03/21  07:30:00,143.4199732592666,10.635450827353958
 03/21  07:45:00,44.97999999999999,20.56171634936997
 03/21  08:00:00,97.44722599444938,30.53554221135965
 03/21  08:15:00,131.17264632486945,40.858401172119294
 03/21  08:30:00,143.43126640350576,51.26405743192356
 03/21  08:45:00,2244.4314650044457,53.41433858022617
 03/21  09:00:00,3649.5172701371566,55.671011887458405
 03/21  09:15:00,1748.2502421418567,58.01217915784779
 03/21  09:30:00,1799.622577492108,60.40628076230234
 03/21  09:45:00,1790.9584870704102,67.18071912568062
 03/21  10:00:00,3698.20136259475,73.9922704176449
 03/21  10:15:00,2243.8358990193456,80.80379094215755
 03/21  10:30:00,2264.3485999977347,87.66029675781165
 03/21  10:45:00,2266.125670315048,92.4507260528684
 03/21  11:00:00,2245.8935057889903,97.2778476862336
 03/21  11:15:00,7939.243986898612,102.17052220466809
 03/21  11:30:00,5857.93639651262,107.09802391181707
 03/21  11:45:00,2941.865954025919,129.9922035456237
 03/21  12:00:00,2304.397709216698,153.41538802379333
 03/21  12:15:00,51.11333333333332,177.3130619684074
 03/21  12:30:00,97.43681549648352,201.70910933114536
 03/21  12:45:00,125.03480694800894,201.61238534188317
 03/21  13:00:00,143.4246274888602,201.6421023270342
 03/21  13:15:00,75.64666666666666,201.8067642687705
 03/21  13:30:00,97.43104016456532,201.9566317630185
 03/21  13:45:00,100.4882423886909,195.53553617020458
 03/21  14:00:00,143.41199270529103,189.1871797563845
 03/21  14:15:00,90.98,182.86890177260065
 03/21  14:30:00,106.63256477196153,176.64050109767692
 03/21  14:45:00,97.42202493496195,165.93289319420182
 03/21  15:00:00,121.94459481925396,155.37823565334403
 03/21  15:15:00,143.40060610542756,145.004476569965
 03/21  15:30:00,78.71333333333334,134.7960629759945
 03/21  15:45:00,97.42098156642724,121.59166327814603
 03/21  16:00:00,97.41022451533414,108.60571862397313
 03/21  16:15:00,2751.355940711729,95.92538464497682
 03/21  16:30:00,2721.111473948994,83.46365442744161
 03/21  16:45:00,2351.914780185537,70.98589562812266
 03/21  17:00:00,2225.6494568323023,58.63833860661082
 03/21  17:15:00,7960.715131459528,46.40222447184547
 03/21  17:30:00,5899.363977900144,34.620175236366975
 03/21  17:45:00,2991.046809418809,26.686578881114727
 03/21  18:00:00,2493.985700801384,18.764267845276546
 03/21  18:15:00,2259.860720402263,10.86718387679749
 03/21  18:30:00,3677.189924643885,2.9890471269557253
 03/21  18:45:00,5409.094139323571,2.337605308786534
 03/21  19:00:00,5353.12020913175,0.0
 03/21  19:15:00,4360.807485303776,0.0
 03/21  19:30:00,3777.049463527531,0.0
 03/21  19:45:00,2318.7879655170304,0.0
 03/21  20:00:00,2352.5529376684885,0.0
 03/21  20:15:00,2375.0059704444625,0.0
 03/21  20:30:00,2357.262784629398,0.0
 03/21  20:45:00,2376.337890457203,0.0
 03/21  21:00:00,2405.4691041067176,0.0
 03/21  21:15:00,2400.231964752421,0.0
 03/21  21:30:00,2359.950057497461,0.0
 03/21  21:45:00,2358.50340440347,0.0
 03/21  22:00:00,2397.1397062753203,0.0
 03/21  22:15:00,2403.3562560919954,0.0
 03/21  22:30:00,2376.357471465004,0.0
 03/21  22:45:00,2358.752990533273,0.0
 03/21  23:00:00,2375.0290310934665,0.0
 03/21  23:15:00,292.31333333333333,0.0
 03/21  23:30:00,140.39461742415347,0.0
 03/21  23:45:00,97.45752885545694,0.0
 03/21  24:00:00,97.45395533330188,0.0
 03/22  00:15:00,2014.9653726124743,0.0
 03/22  00:30:00,1305.9879006041883,0.0
 03/22  00:45:00,1555.8183205672708,0.0
 03/22  01:00:00,65.64239999999998,0.0
 03/22  01:15:00,118.93367279500066,0.0
 03/22  01:30:00,143.4609274286413,0.0
 03/22  01:45:00,134.25473181148442,0.0
 03/22  02:00:00,97.44842832404215,0.0
 03/22  02:15:00,97.4437065729876,0.0
 03/22  02:30:00,140.37240735519015,0.0
 03/22  02:45:00,143.43453262146096,0.0
 03/22  03:00:00,60.313333333333325,0.0
 03/22  03:15:00,97.46666195308504,0.0
 03/22  03:30:00,115.86128370228757,0.0
 03/22  03:45:00,143.4558603831043,0.0
 03/22  04:00:00,137.3170582264852,0.0
 03/22  04:15:00,97.44470764305552,0.0
 03/22  04:30:00,97.438957300968,0.0
 03/22  04:45:00,137.29980638340075,0.0
 03/22  05:00:00,90.98,0.0
 03/22  05:15:00,115.86362554021808,0.0
 03/22  05:30:00,97.45800762677808,0.0
 03/22  05:45:00,112.78567518247438,0.0
 03/22  06:00:00,143.44662773226233,0.0
 03/22  06:15:00,159.04035741111147,0.0
 03/22  06:30:00,377.43397760059855,0.0
 03/22  06:45:00,90.98,0.0
 03/22  07:00:00,143.46292161229914,6.7219872022207
 03/22  07:15:00,143.45694618742095,9.344961092440952
 03/22  07:30:00,143.45091832875366,12.199367045948515
 03/22  07:45:00,97.44483749448568,38.619472450273605
 03/22  08:00:00,97.43870313670234,69.84464679150202
 03/22  08:15:00,131.16550985262774,107.1559872709727
 03/22  08:30:00,90.98,156.58903671349938
 03/22  08:45:00,2307.157285999861,180.78586744194425
 03/22  09:00:00,3671.340027939629,211.27587168355913
 03/22  09:15:00,1759.692148071713,241.4099480695907
 03/22  09:30:00,1809.9719171743384,271.22743801979175
 03/22  09:45:00,1800.7721385798254,301.0704957931218
 03/22  10:00:00,3716.5256429405385,329.595456034838
 03/22  10:15:00,2255.711842655561,356.89962339024186
 03/22  10:30:00,2274.1389333643874,370.3221004557993
 03/22  10:45:00,2274.488139364133,408.009960474893
 03/22  11:00:00,2253.268536405534,434.1287620247042
 03/22  11:15:00,7939.246130152373,461.3007758997056
 03/22  11:30:00,5860.857874075653,489.09646069669634
 03/22  11:45:00,2943.4825945069438,519.7573113680136
 03/22  12:00:00,2303.066968700081,568.5712015891772
 03/22  12:15:00,51.11333333333332,598.3174373638452
 03/22  12:30:00,97.43831427518248,627.1779249650926
 03/22  12:45:00,125.02839163739527,582.1368555371887
 03/22  13:00:00,143.41816848038985,517.2048292512831
 03/22  13:15:00,128.07600496213564,471.05238524247517
 03/22  13:30:00,44.97999999999999,406.1582020472074
 03/22  13:45:00,100.50033544443376,455.33584780701796
 03/22  14:00:00,143.42492914443423,483.7614864229413
 03/22  14:15:00,143.4157507941085,509.6740998320545
 03/22  14:30:00,54.17999999999999,549.6430767398134
 03/22  14:45:00,97.43891281006736,433.66575760797537
 03/22  15:00:00,121.9630394448541,305.1589908047217
 03/22  15:15:00,143.42204531873944,198.05792414397467
 03/22  15:30:00,131.14777070853555,79.90337441473443
 03/22  15:45:00,44.97999999999999,110.7835279087526
 03/22  16:00:00,97.44143519663868,134.01476564971117
 03/22  16:15:00,2774.311492849563,155.7078591556767
 03/22  16:30:00,2714.1465289415955,175.88175534342156
 03/22  16:45:00,2344.827893826289,136.94718168156857
 03/22  17:00:00,2218.357396902101,100.68834399331928
 03/22  17:15:00,7960.70739181919,67.28220446693602
 03/22  17:30:00,5894.5060602644335,35.57281420001744
 03/22  17:45:00,2985.400471098584,27.96869926199385
 03/22  18:00:00,2489.056567137495,20.374051531988457
 03/22  18:15:00,2254.7814298420462,12.805084368389712
 03/22  18:30:00,3673.175394025266,5.2573383084284036
 03/22  18:45:00,5405.642143259308,3.942963744839732
 03/22  19:00:00,5349.26545898821,0.0
 03/22  19:15:00,4356.307113067964,0.0
 03/22  19:30:00,3771.939351144317,0.0
 03/22  19:45:00,2312.2962373853597,0.0
 03/22  20:00:00,2344.5472504237723,0.0
 03/22  20:15:00,2366.467510466366,0.0
 03/22  20:30:00,2348.032250017668,0.0
 03/22  20:45:00,2366.27346929275,0.0
 03/22  21:00:00,2394.6894955024086,0.0
 03/22  21:15:00,2389.3195882708114,0.0
 03/22  21:30:00,2349.302944478797,0.0
 03/22  21:45:00,2348.5769675090955,0.0
 03/22  22:00:00,2388.115943946149,0.0
 03/22  22:15:00,2394.714841028654,0.0
 03/22  22:30:00,2367.753358913038,0.0
 03/22  22:45:00,2349.820938697856,0.0
 03/22  23:00:00,2365.626218117648,0.0
 03/22  23:15:00,292.31333333333333,0.0
 03/22  23:30:00,140.38559602649022,0.0
 03/22  23:45:00,97.44722243532703,0.0
 03/22  24:00:00,97.45993626190638,0.0
 03/23  00:15:00,1918.834515918264,0.0
 03/23  00:30:00,1017.1472744930676,0.0
 03/23  00:45:00,141.98302666666663,0.0
 03/23  01:00:00,182.1944717534557,0.0
 03/23  01:15:00,152.8128850391667,0.0
 03/23  01:30:00,143.44516736318087,0.0
 03/23  01:45:00,134.23860073536497,0.0
 03/23  02:00:00,97.43197384222344,0.0
 03/23  02:15:00,89.7904789514438,0.0
 03/23  02:30:00,95.54627666861433,0.0
 03/23  02:45:00,143.44883257963176,0.0
 03/23  03:00:00,112.77350711135244,0.0
 03/23  03:15:00,97.43363430967206,0.0
 03/23  03:30:00,115.82712125590304,0.0
 03/23  03:45:00,90.98,0.0
 03/23  04:00:00,137.32278183793838,0.0
 03/23  04:15:00,97.45049276582128,0.0
 03/23  04:30:00,97.44495998358384,0.0
 03/23  04:45:00,137.30618659469144,0.0
 03/23  05:00:00,143.4341759723859,0.0
 03/23  05:15:00,115.82859278477832,0.0
 03/23  05:30:00,44.97999999999999,0.0
 03/23  05:45:00,112.79306000011304,0.0
 03/23  06:00:00,143.4545808795409,0.0
 03/23  06:15:00,159.0488217028627,0.0
 03/23  06:30:00,377.4430483244444,0.0
 03/23  06:45:00,143.43726101494332,0.0
 03/23  07:00:00,143.43146004761456,7.126177686863861
 03/23  07:15:00,90.98,9.928424050158917
 03/23  07:30:00,143.46012922265484,12.974346106546864
 03/23  07:45:00,97.45348183223248,23.32683743703697
 03/23  08:00:00,97.44672087865632,33.82110477014783
 03/23  08:15:00,131.1725013810226,44.59366552801612
 03/23  08:30:00,1910.277789086888,55.4526794547015
 03/23  08:45:00,2244.623352572313,57.189744405513764
 03/23  09:00:00,3673.824196650698,59.030979599822324
 03/23  09:15:00,1758.4404128045587,60.95478246940826
 03/23  09:30:00,1812.232536930465,62.93183696834127
 03/23  09:45:00,3778.924124077534,69.90990862073478
 03/23  10:00:00,3672.411540573282,76.92308703009606
 03/23  10:15:00,2235.5233034309986,83.94004906065587
 03/23  10:30:00,2261.04220912583,91.00060779878481
 03/23  10:45:00,2271.988914166908,95.78116049003641
 03/23  11:00:00,2253.13815568109,100.5953856336199
 03/23  11:15:00,2223.7305802694186,105.59338716679434
 03/23  11:30:00,2228.205989724677,110.63330434440145
 03/23  11:45:00,2267.743450635811,112.93831550346533
 03/23  12:00:00,2267.615613866838,115.27480229272642
 03/23  12:15:00,1738.460806336611,117.57224400811688
 03/23  12:30:00,1712.3942091868266,119.89106073619294
 03/23  12:45:00,1734.295030814986,119.23033280876832
 03/23  13:00:00,1752.5239565081467,118.59218611816442
 03/23  13:15:00,2312.9543404913165,117.89410335214347
 03/23  13:30:00,2245.184377193424,117.21311324949748
 03/23  13:45:00,2226.1243082530737,113.78028575498838
 03/23  14:00:00,2267.9041894010725,110.38016297954428
 03/23  14:15:00,2259.091326293128,106.98732537937643
 03/23  14:30:00,2213.670113652921,103.62416931201638
 03/23  14:45:00,2201.9554095647864,97.56100482564663
 03/23  15:00:00,2225.7236545512674,91.55400324519499
 03/23  15:15:00,2245.780307583027,85.58926754311187
 03/23  15:30:00,2231.67036928447,79.67663005087127
 03/23  15:45:00,2196.137861265865,72.38159308568434
 03/23  16:00:00,2194.571496974425,65.1578064175344
 03/23  16:15:00,2653.289221845253,58.04356114196186
 03/23  16:30:00,2651.574440392997,51.19019936318418
 03/23  16:45:00,2311.424561633325,43.9734719110621
 03/23  17:00:00,2186.7860207550702,36.7740863037785
 03/23  17:15:00,2208.96233947402,29.621069974411853
 03/23  17:30:00,7983.918696783741,22.47621680059516
 03/23  17:45:00,5969.423405310592,17.59536214093188
 03/23  18:00:00,3115.068929902277,12.718334594381787
 03/23  18:15:00,2316.235740841932,7.842747553347483
 03/23  18:30:00,2250.2851072124054,2.980641939090541
 03/23  18:45:00,5285.422359201764,2.2341759592597756
 03/23  19:00:00,5384.981089099015,0.0
 03/23  19:15:00,4370.995147895372,0.0
 03/23  19:30:00,3782.206615937713,0.0
 03/23  19:45:00,2314.8275383310024,0.0
 03/23  20:00:00,2347.295377715807,0.0
 03/23  20:15:00,8122.547224748961,0.0
 03/23  20:30:00,6018.309313415541,0.0
 03/23  20:45:00,2853.140753982885,0.0
 03/23  21:00:00,2430.843697740682,0.0
 03/23  21:15:00,2389.004896794413,0.0
 03/23  21:30:00,2348.6387680847315,0.0
 03/23  21:45:00,2351.5371305687004,0.0
 03/23  22:00:00,2391.328719034749,0.0
 03/23  22:15:00,2396.6134453026198,0.0
 03/23  22:30:00,2368.9572449252164,0.0
 03/23  22:45:00,2350.872801943864,0.0
 03/23  23:00:00,2366.5003919183614,0.0
 03/23  23:15:00,2095.452442253837,0.0
 03/23  23:30:00,87.91333333333333,0.0
 03/23  23:45:00,97.43207373443606,0.0
 03/23  24:00:00,97.4339095938643,0.0
 03/24  00:15:00,2003.609314665605,0.0
 03/24  00:30:00,1833.6552420000005,0.0
 03/24  00:45:00,207.3960693175587,0.0
 03/24  01:00:00,195.12476450717915,0.0
 03/24  01:15:00,216.57441262856463,0.0
 03/24  01:30:00,241.09872502942244,0.0
 03/24  01:45:00,179.47263000000004,0.0
 03/24  02:00:00,195.1227594608024,0.0
 03/24  02:15:00,123.47386574936247,0.0
 03/24  02:30:00,140.34826825558315,0.0
 03/24  02:45:00,90.98,0.0
 03/24  03:00:00,112.77534460018757,0.0
 03/24  03:15:00,97.43287095686756,0.0
 03/24  03:30:00,115.8235565359766,0.0
 03/24  03:45:00,143.4140640330104,0.0
 03/24  04:00:00,84.84666666666666,0.0
 03/24  04:15:00,97.4374052312777,0.0
 03/24  04:30:00,97.42870861524008,0.0
 03/24  04:45:00,137.28659444414689,0.0
 03/24  05:00:00,143.41106147746052,0.0
 03/24  05:15:00,63.38,0.0
 03/24  05:30:00,97.43592813322256,0.0
 03/24  05:45:00,112.7609603986829,0.0
 03/24  06:00:00,143.4192825359394,0.0
 03/24  06:15:00,159.01038872294643,0.0
 03/24  06:30:00,324.97999999999985,0.0
 03/24  06:45:00,143.43451133510266,4.300320720696644
 03/24  07:00:00,143.42570757162744,7.81704487650262
 03/24  07:15:00,143.41663244601227,10.937481793737339
 03/24  07:30:00,142.46712381207172,14.326251754061705
 03/24  07:45:00,45.92015584165191,19.235544001998818
 03/24  08:00:00,97.43097468959483,24.147028031093487
 03/24  08:15:00,131.15581481482593,29.072291863369397
 03/24  08:30:00,1903.582169050563,34.003880053453564
 03/24  08:45:00,2236.5454143768457,51.63270879031441
 03/24  09:00:00,3668.599885615392,70.21361532182978
 03/24  09:15:00,1754.8705294322122,89.2996197009304
 03/24  09:30:00,1809.9781054407947,108.75150983625338
 03/24  09:45:00,3773.019855405936,120.76992468111995
 03/24  10:00:00,3667.966814776384,132.97726207229928
 03/24  10:15:00,2233.396772724412,145.23425456293472
 03/24  10:30:00,2258.9949457188045,157.65791915374146
 03/24  10:45:00,2270.095727155032,166.47384376547785
 03/24  11:00:00,2251.372709667331,175.56840036791837
 03/24  11:15:00,2221.378777545683,184.74398197695777
 03/24  11:30:00,2224.8811532048794,194.06817741336084
 03/24  11:45:00,2263.02953517828,198.1591322223835
 03/24  12:00:00,2261.360328366384,202.281597115045
 03/24  12:15:00,1734.2940258386982,206.68541266195263
 03/24  12:30:00,1708.6203282676142,211.0961958253496
 03/24  12:45:00,1730.2281172462272,198.42980742932718
 03/24  13:00:00,1748.2634254897914,185.90120986250895
 03/24  13:15:00,2299.176935443317,173.46279971864794
 03/24  13:30:00,2229.86886676554,161.1114258807087
 03/24  13:45:00,2217.811842822809,146.9612733035486
 03/24  14:00:00,2261.5762391134945,132.99162643714584
 03/24  14:15:00,2253.617282386949,119.19142615630811
 03/24  14:30:00,2208.890941740128,105.56321672479828
 03/24  14:45:00,2198.443623315419,99.64219615666472
 03/24  15:00:00,2223.6722216618723,93.73119938777317
 03/24  15:15:00,2244.8161085401484,87.81399866315098
 03/24  15:30:00,2231.589104139769,81.93333436306901
 03/24  15:45:00,2196.8822464649184,74.43720536355174
 03/24  16:00:00,2196.1438347692165,66.99968396972967
 03/24  16:15:00,2655.7219512340293,59.62408554605902
 03/24  16:30:00,2654.7177038540967,52.55019262245173
 03/24  16:45:00,2315.0903919861184,45.29024149546261
 03/24  17:00:00,2191.0368932465626,38.03643399185536
 03/24  17:15:00,2213.880219846817,30.813274894934796
 03/24  17:30:00,7983.926089577837,23.583231523207033
 03/24  17:45:00,5976.00553417777,18.640454837205695
 03/24  18:00:00,3123.211017282745,13.693308702067535
 03/24  18:15:00,2324.8775552159623,8.738831347344542
 03/24  18:30:00,2259.2481260308605,3.7931796456861764
 03/24  18:45:00,5288.423342784502,2.845160299733133
 03/24  19:00:00,5395.106089714125,0.0
 03/24  19:15:00,4380.27315270374,0.0
 03/24  19:30:00,3791.554930072745,0.0
 03/24  19:45:00,2323.583470879293,0.0
 03/24  20:00:00,2356.423061513184,0.0
 03/24  20:15:00,8122.5558180376465,0.0
 03/24  20:30:00,6026.816551044338,0.0
 03/24  20:45:00,2863.2783956835574,0.0
 03/24  21:00:00,2440.6836571845315,0.0
 03/24  21:15:00,2398.924702876692,0.0
 03/24  21:30:00,2358.8770445785926,0.0
 03/24  21:45:00,2362.379247122834,0.0
 03/24  22:00:00,2402.858939549184,0.0
 03/24  22:15:00,2408.371672256695,0.0
 03/24  22:30:00,2380.664534803377,0.0
 03/24  22:45:00,2362.242192755385,0.0
 03/24  23:00:00,2377.410853124574,0.0
 03/24  23:15:00,2103.961548662804,0.0
 03/24  23:30:00,87.91333333333333,0.0
 03/24  23:45:00,97.46853551371288,0.0
 03/24  24:00:00,97.49358555232932,0.0
 03/25  00:15:00,188.87147901839984,0.0
 03/25  00:30:00,982.7648283788236,0.0
 03/25  00:45:00,155.20424611440166,0.0
 03/25  01:00:00,142.960532069626,0.0
 03/25  01:15:00,164.4367704643932,0.0
 03/25  01:30:00,189.00280636362805,0.0
 03/25  01:45:00,179.83897691940882,0.0
 03/25  02:00:00,143.0771426970231,0.0
 03/25  02:15:00,1069.281882009005,0.0
 03/25  02:30:00,1376.8643438117142,0.0
 03/25  02:45:00,189.1541743548049,0.0
 03/25  03:00:00,211.09875216290283,0.0
 03/25  03:15:00,131.08564515440295,0.0
 03/25  03:30:00,116.2687814316902,0.0
 03/25  03:45:00,143.90918954243878,0.0
 03/25  04:00:00,190.4499023465308,0.0
 03/25  04:15:00,97.9589734990287,0.0
 03/25  04:30:00,98.0162728469398,0.0
 03/25  04:45:00,190.62484862507648,0.0
 03/25  05:00:00,144.09610445732253,0.0
 03/25  05:15:00,169.2666179581237,0.0
 03/25  05:30:00,98.1606526217496,0.0
 03/25  05:45:00,166.30789832075308,0.0
 03/25  06:00:00,196.9965004190163,0.0
 03/25  06:15:00,159.8661788722399,0.0
 03/25  06:30:00,497.21384367959377,0.0
 03/25  06:45:00,228.11458094625075,7.995978780463516
 03/25  07:00:00,231.2965027122472,14.388962488467147
 03/25  07:15:00,232.29470358610104,20.24287258055207
 03/25  07:30:00,232.8450279401988,26.56311314997187
 03/25  07:45:00,186.03142404470304,51.39220805919737
 03/25  08:00:00,184.52663320630708,84.74618619768376
 03/25  08:15:00,215.79871260500167,120.30639276528157
 03/25  08:30:00,224.8824810476567,160.79794154661408
 03/25  08:45:00,3025.7827580046524,203.05661701175666
 03/25  09:00:00,3802.6582431223424,257.97155569193677
 03/25  09:15:00,1818.1770225561768,308.88284198098904
 03/25  09:30:00,1870.174887123219,362.9284590117437
 03/25  09:45:00,1856.7705335785963,379.8460155727912
 03/25  10:00:00,3771.678166287703,380.55341216364275
 03/25  10:15:00,2289.6546732819934,388.46896474841344
 03/25  10:30:00,2302.660565214256,379.86164013335235
 03/25  10:45:00,2294.320072468681,432.8586282266292
 03/25  11:00:00,2263.3559570248854,475.14823220827924
 03/25  11:15:00,7939.253811948144,535.4584921059761
 03/25  11:30:00,5866.006133560051,581.372844126174
 03/25  11:45:00,2948.9531466171984,576.631514339615
 03/25  12:00:00,2308.250917384614,570.4028955300931
 03/25  12:15:00,51.11333333333332,544.3234243077857
 03/25  12:30:00,97.44530722666022,534.9539157104258
 03/25  12:45:00,125.03765659177148,554.1442722692652
 03/25  13:00:00,143.42989829040403,590.8199739486403
 03/25  13:15:00,128.088878806252,608.079132333652
 03/25  13:30:00,44.97999999999999,623.9645827822337
 03/25  13:45:00,100.51530373757733,590.6656095949613
 03/25  14:00:00,143.44104143981824,556.9714596005647
 03/25  14:15:00,143.43184638165863,504.34441965104327
 03/25  14:30:00,106.62239366503232,469.99115371237923
 03/25  14:45:00,97.41267671273424,425.7153358274716
 03/25  15:00:00,69.51333333333332,382.4137250905361
 03/25  15:15:00,143.436567913699,340.745577453474
 03/25  15:30:00,131.1618159694232,286.8862190482445
 03/25  15:45:00,97.42034318074208,247.26648705654094
 03/25  16:00:00,97.4121496572213,209.1284913295725
 03/25  16:15:00,2723.581276683035,172.82561073059034
 03/25  16:30:00,2714.686693309617,130.4770455190488
 03/25  16:45:00,2347.675405791546,106.30199705424164
 03/25  17:00:00,2222.305973511285,82.95958729835787
 03/25  17:15:00,7960.712741680576,60.63363733670278
 03/25  17:30:00,5899.927872357115,39.52126075424587
 03/25  17:45:00,2992.6490971441253,30.587843150303414
 03/25  18:00:00,2497.083798999919,21.64563870787758
 03/25  18:15:00,2263.7435807592865,12.708178775673035
 03/25  18:30:00,3691.6468959006456,3.78445283108808
 03/25  18:45:00,5426.340020095608,2.8403793234546177
 03/25  19:00:00,5371.295474018063,0.0
 03/25  19:15:00,4379.604256867367,0.0
 03/25  19:30:00,3796.284178506265,0.0
 03/25  19:45:00,2328.2870807892123,0.0
 03/25  20:00:00,2360.4758133646683,0.0
 03/25  20:15:00,2382.6617698600667,0.0
 03/25  20:30:00,2364.462313928672,0.0
 03/25  20:45:00,2383.0183792388607,0.0
 03/25  21:00:00,2411.6145802659817,0.0
 03/25  21:15:00,2406.5700523201945,0.0
 03/25  21:30:00,2366.9041019865663,0.0
 03/25  21:45:00,2366.5719861152024,0.0
 03/25  22:00:00,2406.530204429937,0.0
 03/25  22:15:00,2413.147719540232,0.0
 03/25  22:30:00,2385.947654933906,0.0
 03/25  22:45:00,2367.489742215295,0.0
 03/25  23:00:00,2382.6443671210504,0.0
 03/25  23:15:00,292.31333333333333,0.0
 03/25  23:30:00,140.40415122073702,0.0
 03/25  23:45:00,97.47110992359752,0.0
 03/25  24:00:00,97.4773307797707,0.0
 03/26  00:15:00,143.50557383103643,0.0
 03/26  00:30:00,143.53213341128236,0.0
 03/26  00:45:00,109.82643679136758,0.0
 03/26  01:00:00,97.58528630489266,0.0
 03/26  01:15:00,119.0721441151634,0.0
 03/26  01:30:00,143.63007649105964,0.0
 03/26  01:45:00,134.4559488185914,0.0
 03/26  02:00:00,97.6848978759819,0.0
 03/26  02:15:00,97.68047102470187,0.0
 03/26  02:30:00,140.6071959961116,0.0
 03/26  02:45:00,143.66846209033264,0.0
 03/26  03:00:00,112.99593438625364,0.0
 03/26  03:15:00,97.69040079092812,0.0
 03/26  03:30:00,116.12328430069186,0.0
 03/26  03:45:00,143.75795393846963,0.0
 03/26  04:00:00,137.6611515101468,0.0
 03/26  04:15:00,97.81193902132895,0.0
 03/26  04:30:00,150.41500753695766,0.0
 03/26  04:45:00,137.6679388784669,0.0
 03/26  05:00:00,143.81728363629043,0.0
 03/26  05:15:00,116.25460415511688,0.0
 03/26  05:30:00,97.89557161445612,0.0
 03/26  05:45:00,165.90109084247322,0.0
 03/26  06:00:00,143.98291930525565,0.0
 03/26  06:15:00,212.42130905487383,0.0
 03/26  06:30:00,378.255292404108,0.0
 03/26  06:45:00,254.010420226378,6.348265117910153
 03/26  07:00:00,240.1583997045801,11.918881214844339
 03/26  07:15:00,243.10675886241236,16.905849641567055
 03/26  07:30:00,244.73812768551332,22.251651991140097
 03/26  07:45:00,198.00649573883769,37.36166636425842
 03/26  08:00:00,196.02794149194617,52.912353035813254
 03/26  08:15:00,227.35287204387325,68.8040774645686
 03/26  08:30:00,236.5358710408263,84.9559414068919
 03/26  08:45:00,2964.2042281013,113.76018913624348
 03/26  09:00:00,3804.553614671955,153.06357105342047
 03/26  09:15:00,1820.364686841952,188.44645044951793
 03/26  09:30:00,1874.158161932168,226.01393216379185
 03/26  09:45:00,1862.0285118584848,264.7782431059208
 03/26  10:00:00,3777.87926549198,317.8155033803937
 03/26  10:15:00,2288.4134405025643,361.2832924039322
 03/26  10:30:00,2296.7618984224937,406.2249595776223
 03/26  10:45:00,2286.853256061893,430.52001707849604
 03/26  11:00:00,2259.197128170508,455.6179086477183
 03/26  11:15:00,7939.2516866128735,497.98125350167305
 03/26  11:30:00,5864.865434012674,524.1171176981328
 03/26  11:45:00,2948.424225723956,472.30250986392
 03/26  12:00:00,2309.1340037810587,435.9657387454482
 03/26  12:15:00,51.11333333333332,397.8103208557045
 03/26  12:30:00,97.44248937755174,338.5675268198737
 03/26  12:45:00,125.0360818530864,362.3817364664831
 03/26  13:00:00,143.4297483404866,404.8107977876666
 03/26  13:15:00,128.08964772285222,427.438646990511
 03/26  13:30:00,44.97999999999999,449.43545372430185
 03/26  13:45:00,100.51823783451182,411.8756501869074
 03/26  14:00:00,143.4451895383555,356.294485901265
 03/26  14:15:00,143.4384967988486,319.73267484246117
 03/26  14:30:00,106.6317931447594,263.46779579841103
 03/26  14:45:00,97.42507935329498,232.83424735742312
 03/26  15:00:00,69.51333333333332,202.76643683417737
 03/26  15:15:00,143.45284347402233,173.41285047512957
 03/26  15:30:00,131.17878529045373,144.7981150358582
 03/26  15:45:00,97.43795267424514,165.60864760920438
 03/26  16:00:00,97.43034380319912,174.00156569493663
 03/26  16:15:00,2756.877308474312,180.6628329665456
 03/26  16:30:00,2733.237727995888,185.42163138146412
 03/26  16:45:00,2362.8795557172025,163.9562624516552
 03/26  17:00:00,2235.947597985909,143.14687446640676
 03/26  17:15:00,7960.721694464277,123.05883220007723
 03/26  17:30:00,5908.208745716707,103.63849990159332
 03/26  17:45:00,3002.167545127334,76.11194352630051
 03/26  18:00:00,2505.754339968893,50.90062487006338
 03/26  18:15:00,2272.881627536885,28.295808931526967
 03/26  18:30:00,3708.3739178366914,8.378942254271767
 03/26  18:45:00,5444.841592517265,6.297893336589532
 03/26  19:00:00,5393.677156340756,0.0
 03/26  19:15:00,4405.028488324525,0.0
 03/26  19:30:00,3822.471747958,0.0
 03/26  19:45:00,2349.051599761068,0.0
 03/26  20:00:00,2382.824190193865,0.0
 03/26  20:15:00,2404.816487894219,0.0
 03/26  20:30:00,2385.6327231858404,0.0
 03/26  20:45:00,2402.854132238041,0.0
 03/26  21:00:00,2430.319316066403,0.0
 03/26  21:15:00,2425.279858767556,0.0
 03/26  21:30:00,2387.490820932502,0.0
 03/26  21:45:00,2388.7720730634514,0.0
 03/26  22:00:00,2430.559699917451,0.0
 03/26  22:15:00,2440.987265825472,0.0
 03/26  22:30:00,2418.2228401614093,0.0
 03/26  22:45:00,2404.8205438622285,0.0
 03/26  23:00:00,2425.210967173404,0.0
 03/26  23:15:00,345.0191429496099,0.0
 03/26  23:30:00,140.6701165032662,0.0
 03/26  23:45:00,97.76888301397376,0.0
 03/26  24:00:00,97.81993941672631,0.0
 03/27  00:15:00,1105.5615280697834,0.0
 03/27  00:30:00,203.53337040764848,0.0
 03/27  00:45:00,169.82758164694593,0.0
 03/27  01:00:00,210.2307317932532,0.0
 03/27  01:15:00,123.366578781135,0.0
 03/27  01:30:00,143.95669799706752,0.0
 03/27  01:45:00,134.79768280715712,0.0
 03/27  02:00:00,150.77160521085307,0.0
 03/27  02:15:00,98.13358128914162,0.0
 03/27  02:30:00,193.8950356986764,0.0
 03/27  02:45:00,197.00508099949667,0.0
 03/27  03:00:00,113.63629427834708,0.0
 03/27  03:15:00,216.7239705975536,0.0
 03/27  03:30:00,207.60114818259908,0.0
 03/27  03:45:00,243.9368245837676,0.0
 03/27  04:00:00,246.66454581750543,0.0
 03/27  04:15:00,215.8968104265504,0.0
 03/27  04:30:00,224.7419286409977,0.0
 03/27  04:45:00,273.7595154964249,0.0
 03/27  05:00:00,288.96594987112485,0.0
 03/27  05:15:00,270.4908778864094,0.0
 03/27  05:30:00,260.9896842025979,0.0
 03/27  05:45:00,284.95152814011607,0.0
 03/27  06:00:00,324.43349806520297,0.0
 03/27  06:15:00,348.42091223496567,0.0
 03/27  06:30:00,575.6072299419911,0.0
 03/27  06:45:00,348.23670571245043,9.572443479247179
 03/27  07:00:00,353.4304715580272,15.83314093521315
 03/27  07:15:00,355.5926446545209,23.351262260663475
 03/27  07:30:00,356.1015988197344,30.451367673260666
 03/27  07:45:00,310.8620662849536,38.7583341152676
 03/27  08:00:00,310.6465583151345,47.07886584613084
 03/27  08:15:00,344.5199738279477,55.43466897604506
 03/27  08:30:00,356.5727917518542,63.826215625475925
 03/27  08:45:00,3126.054668341642,77.21842403360644
 03/27  09:00:00,3866.347003421488,90.7715760509706
 03/27  09:15:00,1876.0757236709424,104.43152786051026
 03/27  09:30:00,1943.28737248456,118.23398458550567
 03/27  09:45:00,1936.953833825984,130.1964976550368
 03/27  10:00:00,3870.886816002099,142.46110160508277
 03/27  10:15:00,2370.399009642177,155.02143899343457
 03/27  10:30:00,2389.3811737576834,167.83481735632154
 03/27  10:45:00,2384.516953900433,175.76101610465003
 03/27  11:00:00,2359.0579921680887,183.6420341548108
 03/27  11:15:00,7940.091274776754,191.60024938210168
 03/27  11:30:00,5959.118481826606,199.5314904733909
 03/27  11:45:00,3046.525239791016,180.4775954827145
 03/27  12:00:00,2414.930659534615,161.91137038145462
 03/27  12:15:00,104.22371335259076,143.59060991121217
 03/27  12:30:00,98.15622484951112,125.57235207799033
 03/27  12:45:00,125.7870264848688,124.89486051025399
 03/27  13:00:00,196.9041864285804,124.17914987569486
 03/27  13:15:00,128.87589356561045,123.46988857537804
 03/27  13:30:00,151.03141143902303,122.77476983677107
 03/27  13:45:00,101.38895821635384,119.12600607813634
 03/27  14:00:00,197.15208041851037,115.51225125734621
 03/27  14:15:00,197.1981691536567,111.98798838673648
 03/27  14:30:00,184.751584188144,108.48771873284416
 03/27  14:45:00,186.84161603890385,102.49937465016819
 03/27  15:00:00,217.79688025956037,96.55936463353402
 03/27  15:15:00,245.53154489177848,90.65574281509359
 03/27  15:30:00,239.25113338969464,84.7925557454351
 03/27  15:45:00,213.06339127125256,77.32764951377521
 03/27  16:00:00,220.28750645524116,69.92393304778173
 03/27  16:15:00,3509.9779375742173,62.58271326014625
 03/27  16:30:00,2895.283031940537,55.42621901093097
 03/27  16:45:00,2498.0810077083856,48.00025713644379
 03/27  17:00:00,2371.726942270762,40.57848091901174
 03/27  17:15:00,7961.910447070375,33.18518751883432
 03/27  17:30:00,6043.704432742567,25.790203178766582
 03/27  17:45:00,3143.877162753057,21.0580802974885
 03/27  18:00:00,2660.849530657561,16.31898169135285
 03/27  18:15:00,2429.2875884626574,11.569005735342245
 03/27  18:30:00,3874.229590578781,6.821219258246664
 03/27  18:45:00,5600.7735523903375,5.11691132190191
 03/27  19:00:00,5547.771478278848,0.0
 03/27  19:15:00,4557.340311688942,0.0
 03/27  19:30:00,3974.140624207013,0.0
 03/27  19:45:00,2493.372473203971,0.0
 03/27  20:00:00,2542.464436927909,0.0
 03/27  20:15:00,2566.883506109933,0.0
 03/27  20:30:00,2548.789368243586,0.0
 03/27  20:45:00,2566.53406262325,0.0
 03/27  21:00:00,2594.798041942859,0.0
 03/27  21:15:00,2590.9084917344267,0.0
 03/27  21:30:00,2551.983519003996,0.0
 03/27  21:45:00,2552.7619238582524,0.0
 03/27  22:00:00,2593.3804914106545,0.0
 03/27  22:15:00,2602.87998367555,0.0
 03/27  22:30:00,2579.601305152579,0.0
 03/27  22:45:00,2565.894524863821,0.0
 03/27  23:00:00,2585.888154178566,0.0
 03/27  23:15:00,345.79516781396325,0.0
 03/27  23:30:00,222.8728741237733,0.0
 03/27  23:45:00,218.6678775324234,0.0
 03/27  24:00:00,236.5017562447501,0.0
 03/28  00:15:00,307.7296363020445,0.0
 03/28  00:30:00,329.511486124893,0.0
 03/28  00:45:00,314.2169225866941,0.0
 03/28  01:00:00,317.756659552928,0.0
 03/28  01:15:00,356.8624186471526,0.0
 03/28  01:30:00,399.6854272896493,0.0
 03/28  01:45:00,409.4883684668191,0.0
 03/28  02:00:00,391.94893613568775,0.0
 03/28  02:15:00,405.2261699352754,0.0
 03/28  02:30:00,460.7853698844706,0.0
 03/28  02:45:00,475.409815547904,0.0
 03/28  03:00:00,456.4734710747247,0.0
 03/28  03:15:00,446.7706027862425,0.0
 03/28  03:30:00,469.8341137793046,0.0
 03/28  03:45:00,502.5771500782519,0.0
 03/28  04:00:00,500.2041628407905,0.0
 03/28  04:15:00,472.5228427755482,0.0
 03/28  04:30:00,483.86235980572985,0.0
 03/28  04:45:00,535.8591415455805,0.0
 03/28  05:00:00,554.6939512526055,0.0
 03/28  05:15:00,536.9281546358666,0.0
 03/28  05:30:00,529.7001462826047,0.0
 03/28  05:45:00,554.103920728624,0.0
 03/28  06:00:00,594.9511478747315,0.0
 03/28  06:15:00,615.1476009446154,0.0
 03/28  06:30:00,838.9716231383443,0.0
 03/28  06:45:00,606.1671231731663,12.800414017165142
 03/28  07:00:00,606.7271486398837,21.61040936199481
 03/28  07:15:00,604.2878918455696,34.661249009291744
 03/28  07:30:00,601.0720753280901,47.418622416484055
 03/28  07:45:00,549.9177645943737,73.71849930476289
 03/28  08:00:00,542.5593611582565,108.8001531376202
 03/28  08:15:00,561.7317850546651,145.1792594355547
 03/28  08:30:00,558.1419698858402,185.6314045087206
 03/28  08:45:00,3176.8890088779663,179.93381986668953
 03/28  09:00:00,4008.721038683822,161.6155880704342
 03/28  09:15:00,2014.9745912861524,146.19324687304123
 03/28  09:30:00,2100.941834496893,118.7957949587842
 03/28  09:45:00,2091.1862046519245,174.6133503275293
 03/28  10:00:00,4048.4560931670585,225.4474214024253
 03/28  10:15:00,2516.0883515881,279.1343721209773
 03/28  10:30:00,2528.11230020683,349.07929729645986
 03/28  10:45:00,2507.7904040816666,365.17449661351134
 03/28  11:00:00,2473.3883109807084,365.603048055164
 03/28  11:15:00,7941.118600309708,380.9173193696374
 03/28  11:30:00,6035.30783918187,395.54304389137445
 03/28  11:45:00,3105.447377978277,445.35973583609905
 03/28  12:00:00,2461.795860574897,478.927182567138
 03/28  12:15:00,104.41936680045973,512.3004212809562
 03/28  12:30:00,98.30478419491212,563.979831286219
 03/28  12:45:00,178.7598817345749,471.72932014364454
 03/28  13:00:00,197.29771615758364,398.7285642396828
 03/28  13:15:00,197.9978989052724,306.10271017435366
 03/28  13:30:00,207.5367525647766,214.21012185989275
 03/28  13:45:00,220.17260738944125,227.60678556472604
 03/28  14:00:00,268.50967871637965,240.50011680175044
 03/28  14:15:00,272.1418815228787,253.371530793317
 03/28  14:30:00,235.60952569421897,266.33218248809834
 03/28  14:45:00,224.39549282904224,291.64780670924773
 03/28  15:00:00,245.83861434847185,294.8981685888661
 03/28  15:15:00,268.5953455756086,297.290291415772
 03/28  15:30:00,253.2054235523741,311.54020859112603
 03/28  15:45:00,221.832081421784,293.2675206350282
 03/28  16:00:00,225.71931077456412,274.92511711334856
 03/28  16:15:00,3552.2493215021595,255.63219182544927
 03/28  16:30:00,2875.3603356324857,236.1139163488094
 03/28  16:45:00,2480.79263322059,184.8474669272241
 03/28  17:00:00,2355.562176125153,146.27628473360548
 03/28  17:15:00,7961.741543900037,110.91121133609522
 03/28  17:30:00,6033.082943821757,75.37107622016369
 03/28  17:45:00,3138.281247315019,57.71153032604905
 03/28  18:00:00,2657.19371032657,40.661319050875385
 03/28  18:15:00,2428.7897008346017,24.492085230875603
 03/28  18:30:00,3878.76514636018,9.097895640718027
 03/28  18:45:00,5607.166650431774,6.824470805456013
 03/28  19:00:00,5553.381038520114,4.7286788463661145
 03/28  19:15:00,4286.601489940325,0.0
 03/28  19:30:00,3995.3204035009167,0.0
 03/28  19:45:00,2511.4071156524933,0.0
 03/28  20:00:00,2563.629455139376,0.0
 03/28  20:15:00,2589.993981190953,0.0
 03/28  20:30:00,2573.552476979964,0.0
 03/28  20:45:00,2592.793427216336,0.0
 03/28  21:00:00,2623.392694421636,0.0
 03/28  21:15:00,2622.175422792265,0.0
 03/28  21:30:00,2587.399693122167,0.0
 03/28  21:45:00,2591.4016406976552,0.0
 03/28  22:00:00,2635.892570462286,0.0
 03/28  22:15:00,2644.199361755449,0.0
 03/28  22:30:00,2618.4683440386243,0.0
 03/28  22:45:00,2601.711377371887,0.0
 03/28  23:00:00,2618.513008359587,0.0
 03/28  23:15:00,345.9706040484052,0.0
 03/28  23:30:00,277.48924431185367,0.0
 03/28  23:45:00,239.74561431655823,0.0
 03/28  24:00:00,262.3231959144322,0.0
 03/29  00:15:00,2204.8900508091333,0.0
 03/29  00:30:00,1508.9431838203272,0.0
 03/29  00:45:00,1768.404821729979,0.0
 03/29  01:00:00,340.9755199853042,0.0
 03/29  01:15:00,354.61577863975293,0.0
 03/29  01:30:00,391.1398752160562,0.0
 03/29  01:45:00,392.7009895830845,0.0
 03/29  02:00:00,366.3108714893948,0.0
 03/29  02:15:00,378.20770488082496,0.0
 03/29  02:30:00,431.7722503608077,0.0
 03/29  02:45:00,445.6933354384908,0.0
 03/29  03:00:00,425.3276578067105,0.0
 03/29  03:15:00,416.7720812523045,0.0
 03/29  03:30:00,441.7399038505121,0.0
 03/29  03:45:00,475.5839213502364,0.0
 03/29  04:00:00,475.4141187887191,0.0
 03/29  04:15:00,441.65145386259246,0.0
 03/29  04:30:00,448.1300566915989,0.0
 03/29  04:45:00,493.7803126999212,0.0
 03/29  05:00:00,505.9936956916322,0.0
 03/29  05:15:00,485.06484288601325,0.0
 03/29  05:30:00,473.3240099734851,0.0
 03/29  05:45:00,494.8889919814193,0.0
 03/29  06:00:00,532.1444956217018,0.0
 03/29  06:15:00,553.5037862874627,0.0
 03/29  06:30:00,777.7508266759149,0.0
 03/29  06:45:00,546.5504327899481,9.545544508030964
 03/29  07:00:00,548.827870405395,15.267460490782902
 03/29  07:15:00,549.7751376695338,21.578924360488863
 03/29  07:30:00,549.6078159777524,27.759596065643247
 03/29  07:45:00,502.64330894768113,37.3960323313485
 03/29  08:00:00,501.5990844087893,47.1079940119061
 03/29  08:15:00,531.147005215571,56.884980280712334
 03/29  08:30:00,538.888269397259,66.71639700269013
 03/29  08:45:00,3195.519681565036,91.35292787210021
 03/29  09:00:00,3998.318294935337,117.20818686774686
 03/29  09:15:00,1997.4867023299628,144.18851910939236
 03/29  09:30:00,2076.797112559145,182.5537626098493
 03/29  09:45:00,2067.0409691616333,217.75116857032356
 03/29  10:00:00,4023.5254075749135,255.15505596873487
 03/29  10:15:00,2493.977613845435,294.3649308838447
 03/29  10:30:00,2504.289499446962,349.25323075308506
 03/29  10:45:00,2484.9503387330547,331.4495279917254
 03/29  11:00:00,2453.2979184483274,327.155612740527
 03/29  11:15:00,7940.9575890571905,321.2404220485781
 03/29  11:30:00,6028.764579727963,314.3091285040931
 03/29  11:45:00,3110.5570751255027,321.20656575509867
 03/29  12:00:00,2469.4990455382435,327.78457640298603
 03/29  12:15:00,104.5285285356678,334.3968474578218
 03/29  12:30:00,98.5164632897098,340.8018800248076
 03/29  12:45:00,259.1503047919945,312.8758375911372
 03/29  13:00:00,235.1962221846196,285.12095330710036
 03/29  13:15:00,231.0972189879712,238.94169964373316
 03/29  13:30:00,215.62338005705976,212.62392316908122
 03/29  13:45:00,221.01330199716065,273.25190874624303
 03/29  14:00:00,263.45650271437603,313.9524660174818
 03/29  14:15:00,252.81089114100587,369.7895526540266
 03/29  14:30:00,199.9586604554039,404.854456783857
 03/29  14:45:00,98.27723941515768,415.76956218540573
 03/29  15:00:00,175.21572424853915,439.7094359804288
 03/29  15:15:00,143.7544568349305,445.038025213665
 03/29  15:30:00,131.4910274117634,447.07300236459787
 03/29  15:45:00,97.7669992023968,369.8702841654258
 03/29  16:00:00,97.77849603155992,285.36231032370983
 03/29  16:15:00,3445.0193540685696,218.7322556595642
 03/29  16:30:00,2815.6248197852788,148.6743484096803
 03/29  16:45:00,2432.794648168075,120.63432804929197
 03/29  17:00:00,2312.5623332283963,93.99005175188987
 03/29  17:15:00,7961.418230153396,65.82231959890373
 03/29  17:30:00,5999.373507247779,43.89015782028616
 03/29  17:45:00,3100.8758643479105,35.92669381893591
 03/29  18:00:00,2614.6160404335856,27.981144462009055
 03/29  18:15:00,2385.2061745357155,20.02424562007517
 03/29  18:30:00,3830.047853675078,12.073183271068398
 03/29  18:45:00,5558.573993653902,9.057850798578862
 03/29  19:00:00,5503.957944970594,6.268869634031881
 03/29  19:15:00,4234.48150773652,0.0
 03/29  19:30:00,3939.123788899901,0.0
 03/29  19:45:00,2451.263041799846,0.0
 03/29  20:00:00,2491.9849130458074,0.0
 03/29  20:15:00,2513.381802521285,0.0
 03/29  20:30:00,2493.248666976666,0.0
 03/29  20:45:00,2509.3566424163173,0.0
 03/29  21:00:00,2536.208504611376,0.0
 03/29  21:15:00,2530.3942373800496,0.0
 03/29  21:30:00,2490.49680726757,0.0
 03/29  21:45:00,2489.8419817801137,0.0
 03/29  22:00:00,2529.596871529634,0.0
 03/29  22:15:00,2536.094101018503,0.0
 03/29  22:30:00,2509.1175194646094,0.0
 03/29  22:45:00,2491.228777466756,0.0
 03/29  23:00:00,2506.6983089189234,0.0
 03/29  23:15:00,345.2982221853572,0.0
 03/29  23:30:00,141.14937663074207,0.0
 03/29  23:45:00,98.34630894492014,0.0
 03/29  24:00:00,151.0375066228287,0.0
 03/30  00:15:00,1919.360485840608,0.0
 03/30  00:30:00,1017.6326640199752,0.0
 03/30  00:45:00,194.98790458628676,0.0
 03/30  01:00:00,235.41532605201877,0.0
 03/30  01:15:00,153.41414677806574,0.0
 03/30  01:30:00,196.77594446409967,0.0
 03/30  01:45:00,198.9305192223099,0.0
 03/30  02:00:00,183.7701941213724,0.0
 03/30  02:15:00,201.08291146194227,0.0
 03/30  02:30:00,256.57922464278704,0.0
 03/30  02:45:00,271.43361389624283,0.0
 03/30  03:00:00,253.18060950982564,0.0
 03/30  03:15:00,246.2089048901361,0.0
 03/30  03:30:00,272.3614341856254,0.0
 03/30  03:45:00,307.60923080687576,0.0
 03/30  04:00:00,308.492150681411,0.0
 03/30  04:15:00,275.7403711165035,0.0
 03/30  04:30:00,282.18576156852714,0.0
 03/30  04:45:00,328.011728110146,0.0
 03/30  05:00:00,340.319704969211,0.0
 03/30  05:15:00,318.19469478604606,0.0
 03/30  05:30:00,304.9247081128383,0.0
 03/30  05:45:00,325.14700387441445,0.0
 03/30  06:00:00,360.6316043726257,0.0
 03/30  06:15:00,379.7053331794608,0.0
 03/30  06:30:00,601.9849873665307,0.0
 03/30  06:45:00,370.2749480449416,4.121277533172106
 03/30  07:00:00,371.75284322003455,7.177345418268406
 03/30  07:15:00,372.2254157145354,10.386256473365968
 03/30  07:30:00,371.2410392213759,13.593824074659867
 03/30  07:45:00,324.0102359644226,20.40653084461892
 03/30  08:00:00,322.021440957507,27.218327820051215
 03/30  08:15:00,358.18807592529186,34.0715238535962
 03/30  08:30:00,2800.010822344785,40.93793936583169
 03/30  08:45:00,2428.8703474102736,48.579327823388404
 03/30  09:00:00,3839.7610557874686,56.305282156178464
 03/30  09:15:00,1896.1703801797285,64.19824439275759
 03/30  09:30:00,1981.656063079919,72.15629435917654
 03/30  09:45:00,3982.110070260889,78.944797927018
 03/30  10:00:00,3854.65006035876,85.78685567911572
 03/30  10:15:00,2395.081849447611,92.632418241755
 03/30  10:30:00,2425.8648843285346,99.51791896255997
 03/30  10:45:00,2431.2960114339794,124.7407283980092
 03/30  11:00:00,2405.198929418439,150.4961869182193
 03/30  11:15:00,2365.0862816096205,176.7676285180802
 03/30  11:30:00,2357.666263646466,203.5476731621211
 03/30  11:45:00,2380.023130884474,275.874982576206
 03/30  12:00:00,2364.527837136072,332.6179706380188
 03/30  12:15:00,1818.161338359977,408.96714455043207
 03/30  12:30:00,1787.6621743187457,466.653180919091
 03/30  12:45:00,1802.9867793339292,439.44031988140097
 03/30  13:00:00,1817.5219444584177,412.1037972864666
 03/30  13:15:00,2372.7482125715205,364.8715721345001
 03/30  13:30:00,2288.1222464327334,336.7886755342439
 03/30  13:45:00,2259.6515905957285,327.641175209806
 03/30  14:00:00,2294.776049539325,318.1686635246565
 03/30  14:15:00,2280.189790300036,308.45517764070183
 03/30  14:30:00,2229.342703066998,298.5768324903165
 03/30  14:45:00,2214.2063004446563,262.3835192610754
 03/30  15:00:00,2236.707812910043,227.23962946932235
 03/30  15:15:00,2257.2644432552256,180.76181595130257
 03/30  15:30:00,2248.938175326319,149.8876856967889
 03/30  15:45:00,2215.905043340635,136.49995862332068
 03/30  16:00:00,2217.3124057230275,123.28935754143066
 03/30  16:15:00,2679.090722458628,110.33399279104563
 03/30  16:30:00,2680.3915821220944,97.63211503846492
 03/30  16:45:00,2338.505100142234,111.33234208977868
 03/30  17:00:00,2210.760133715617,115.87024006491777
 03/30  17:15:00,2232.051077468522,123.31275225479008
 03/30  17:30:00,7984.059070357918,120.1850110589242
 03/30  17:45:00,5992.020251661949,87.65676172229406
 03/30  18:00:00,3139.403282524179,59.007243676370116
 03/30  18:15:00,2345.3186614974084,32.440495981859826
 03/30  18:30:00,2289.645533451608,12.794707294823208
 03/30  18:45:00,5475.735436525426,9.599735542369144
 03/30  19:00:00,5401.8641969281225,6.641811824145333
 03/30  19:15:00,4152.0221490049325,0.0
 03/30  19:30:00,3852.873614885094,0.0
 03/30  19:45:00,2403.7872261966763,0.0
 03/30  20:00:00,2425.616016403061,0.0
 03/30  20:15:00,8123.007141139031,0.0
 03/30  20:30:00,6073.658885011768,0.0
 03/30  20:45:00,2909.273992982494,0.0
 03/30  21:00:00,2490.9241049469047,0.0
 03/30  21:15:00,2449.2193393358766,0.0
 03/30  21:30:00,2408.0001130453006,0.0
 03/30  21:45:00,2411.5962091724355,0.0
 03/30  22:00:00,2452.796895971914,0.0
 03/30  22:15:00,2458.944514910087,0.0
 03/30  22:30:00,2431.8587856003114,0.0
 03/30  22:45:00,2413.9492012003566,0.0
 03/30  23:00:00,2430.1296725762622,0.0
 03/30  23:15:00,2139.535196711348,0.0
 03/30  23:30:00,88.02401790593971,0.0
 03/30  23:45:00,97.6288575064027,0.0
 03/30  24:00:00,97.64945047684664,0.0
 03/31  00:15:00,216.82041460602824,0.0
 03/31  00:30:00,241.36691079047927,0.0
 03/31  00:45:00,232.17748466154237,0.0
 03/31  01:00:00,195.38876574215087,0.0
 03/31  01:15:00,123.76194234925832,0.0
 03/31  01:30:00,140.66104043730638,0.0
 03/31  01:45:00,143.7476758065455,0.0
 03/31  02:00:00,113.1039595847638,0.0
 03/31  02:15:00,97.79258713547132,0.0
 03/31  02:30:00,116.21209242540192,0.0
 03/31  02:45:00,196.41302859058703,0.0
 03/31  03:00:00,137.68269952958155,0.0
 03/31  03:15:00,97.8431831526119,0.0
 03/31  03:30:00,97.88462344029992,0.0
 03/31  03:45:00,137.82172056034017,0.0
 03/31  04:00:00,196.66201743736764,0.0
 03/31  04:15:00,116.45130295659084,0.0
 03/31  04:30:00,150.8133499914549,0.0
 03/31  04:45:00,113.49831946611124,0.0
 03/31  05:00:00,196.98985626352885,0.0
 03/31  05:15:00,159.90891005453474,0.0
 03/31  05:30:00,502.5492261981596,0.0
 03/31  05:45:00,233.33372795083943,0.0
 03/31  06:00:00,240.63556226226257,0.0
 03/31  06:15:00,244.84944937856085,0.0
 03/31  06:30:00,248.237614904199,2.362517305067813
 03/31  06:45:00,204.9204640864465,7.673700841786759
 03/31  07:00:00,207.15474985291056,12.537580567190608
 03/31  07:15:00,243.6394316938258,17.666652282750004
 03/31  07:30:00,2649.3285378386,22.79619917401575
 03/31  07:45:00,2371.624658921945,34.30076018435101
 03/31  08:00:00,3774.4430201774494,46.07857173635722
 03/31  08:15:00,1829.8984463291863,57.98387357104591
 03/31  08:30:00,1895.4352530599856,70.00942985700583
 03/31  08:45:00,3876.494376490415,83.09498585495561
 03/31  09:00:00,3754.509114705935,96.32769698546626
 03/31  09:15:00,2300.318275094312,109.69806361594354
 03/31  09:30:00,2323.9137055683686,123.18847235520815
 03/31  09:45:00,2329.871496890633,134.83220679346263
 03/31  10:00:00,2305.7990530887805,146.62156655769232
 03/31  10:15:00,2271.6957128869226,158.5779422302615
 03/31  10:30:00,2271.2939338754863,170.6745681594044
 03/31  10:45:00,2305.7673586171045,179.67847040707395
 03/31  11:00:00,2300.4448241139858,188.93864049391777
 03/31  11:15:00,1772.5784841814486,198.559931544258
 03/31  11:30:00,1751.6033492306706,208.3505423034269
 03/31  11:45:00,1774.6703704308431,212.29913314719235
 03/31  12:00:00,1794.3635891351316,216.27626392836152
 03/31  12:15:00,2346.264888140408,219.96951623814522
 03/31  12:30:00,2261.038021087786,223.62751869539372
 03/31  12:45:00,2233.0000270413066,264.539873124065
 03/31  13:00:00,2267.278627417282,287.4537234775191
 03/31  13:15:00,2256.091992929016,309.7452148122731
 03/31  13:30:00,2209.4442896833984,331.6444984151492
 03/31  13:45:00,2195.791999556811,343.8735043099631
 03/31  14:00:00,2217.47156489585,354.9828169896575
 03/31  14:15:00,2235.733155510076,385.49387365138097
 03/31  14:30:00,2219.7773973642857,396.7016086547836
 03/31  14:45:00,2182.4052058133943,375.1350783011616
 03/31  15:00:00,2179.4475118517107,353.41122892088896
 03/31  15:15:00,2636.9508929741064,316.1770483878845
 03/31  15:30:00,2634.0357061163327,294.8501846926697
 03/31  15:45:00,2291.4969270335223,279.40206076247364
 03/31  16:00:00,2166.114958918146,263.2143033390548
 03/31  16:15:00,2187.3692949061565,256.30751211806796
 03/31  16:30:00,7983.882855969683,237.00825612362465
 03/31  16:45:00,5947.737662736406,209.41272285017337
 03/31  17:00:00,3089.351265195571,182.10629641495575
 03/31  17:15:00,2291.5041710934734,156.2614353544002
 03/31  17:30:00,2225.637682797636,130.4976819639423
 03/31  17:45:00,5288.473873826329,96.01313541396543
 03/31  18:00:00,5354.606854418718,61.993959277363444
 03/31  18:15:00,4073.60047525363,36.25287548794586
 03/31  18:30:00,3496.397219987868,14.2863702691531
 03/31  18:45:00,2194.7477593877625,10.735032210230681
 03/31  19:00:00,2222.773371047423,7.164702776455913
 03/31  19:15:00,7953.225091422668,0.0
 03/31  19:30:00,6037.484236720944,0.0
 03/31  19:45:00,2831.585966763721,0.0
 03/31  20:00:00,2439.9145526819543,0.0
 03/31  20:15:00,2385.000127408629,0.0
 03/31  20:30:00,2339.92015537904,0.0
 03/31  20:45:00,2340.520396992013,0.0
 03/31  21:00:00,2380.4253808723056,0.0
 03/31  21:15:00,2385.899544787492,0.0
 03/31  21:30:00,2357.793797241852,0.0
 03/31  21:45:00,2338.8829465935078,0.0
 03/31  22:00:00,2353.6875700693245,0.0
 03/31  22:15:00,2098.419738972061,0.0
 03/31  22:30:00,87.91333333333333,0.0
 03/31  22:45:00,97.4398235943933,0.0
 03/31  23:00:00,97.44197738624568,0.0
 03/31  23:15:00,188.76193105386164,0.0
 03/31  23:30:00,930.183988,0.0
 03/31  23:45:00,155.0507172617174,0.0
 03/31  24:00:00,142.7742475629937,0.0
 04/01  00:15:00,164.23073712914754,0.0
 04/01  00:30:00,188.7536552429471,0.0
 04/01  00:45:00,127.12598,0.0
 04/01  01:00:00,142.77425507312745,0.0
 04/01  01:15:00,1068.9391786736812,0.0
 04/01  01:30:00,1376.494134560409,0.0
 04/01  01:45:00,136.32598000000002,0.0
 04/01  02:00:00,158.1053674671853,0.0
 04/01  02:15:00,130.66891716610152,0.0
 04/01  02:30:00,115.80411496828208,0.0
 04/01  02:45:00,90.98,0.0
 04/01  03:00:00,137.28991768920395,0.0
 04/01  03:15:00,97.41234012611444,0.0
 04/01  03:30:00,97.40123979018831,0.0
 04/01  03:45:00,84.84666666666666,0.0
 04/01  04:00:00,143.42046986489188,0.0
 04/01  04:15:00,115.80948437661192,0.0
 04/01  04:30:00,97.39832191402468,0.0
 04/01  04:45:00,60.313333333333325,0.0
 04/01  05:00:00,143.41755008727216,0.0
 04/01  05:15:00,159.00655675809045,0.0
 04/01  05:30:00,377.3954009220281,0.0
 04/01  05:45:00,90.98,0.0
 04/01  06:00:00,143.4148006116459,0.0
 04/01  06:15:00,143.40285714040107,0.0
 04/01  06:30:00,143.39064837516153,1.5476051341272774
 04/01  06:45:00,44.97999999999999,8.31246148141231
 04/01  07:00:00,97.4077724529266,14.569026807478949
 04/01  07:15:00,131.1283115500882,21.10344644440616
 04/01  07:30:00,90.98,27.63124409432602
 04/01  07:45:00,2294.9042790893564,32.08489659602999
 04/01  08:00:00,3667.133053511069,36.53939431855618
 04/01  08:15:00,1753.1568032698517,40.99261149456069
 04/01  08:30:00,1800.4242761716305,45.44520869695209
 04/01  08:45:00,1791.3403895186648,52.954339196491134
 04/01  09:00:00,3690.9527208537,60.6119989390912
 04/01  09:15:00,2227.918144897993,68.32431712124935
 04/01  09:30:00,2245.8481167463965,76.08432567086673
 04/01  09:45:00,2247.449741813969,154.6950000436294
 04/01  10:00:00,2226.3889447814745,226.36114918722342
 04/01  10:15:00,7939.222959087965,315.58277669608384
 04/01  10:30:00,5835.420609203061,396.7939360804113
 04/01  10:45:00,2912.556530558795,368.0018979418541
 04/01  11:00:00,2273.3398577227204,319.66827265517344
 04/01  11:15:00,51.11333333333332,266.39624461134594
 04/01  11:30:00,97.38787043621974,208.69975306366024
 04/01  11:45:00,72.57999999999998,212.81846353758465
 04/01  12:00:00,143.38226536752524,216.6751081556139
 04/01  12:15:00,128.03131282709498,220.44334846775192
 04/01  12:30:00,44.97999999999999,224.1877257112181
 04/01  12:45:00,100.43640821874295,292.22555123101387
 04/01  13:00:00,143.35112644048144,360.64832690650417
 04/01  13:15:00,90.98,409.73745483365656
 04/01  13:30:00,106.55668748823008,457.48367586202414
 04/01  13:45:00,44.97999999999999,445.17710656751655
 04/01  14:00:00,121.89475675517453,432.6980978744876
 04/01  14:15:00,90.98,419.6153099434688
 04/01  14:30:00,131.09976370484486,406.0159621508382
 04/01  14:45:00,97.34828827650372,346.16722474333244
 04/01  15:00:00,44.97999999999999,288.1854190920414
 04/01  15:15:00,2731.84050800441,218.6398368944241
 04/01  15:30:00,2666.384092885805,156.18858867547144
 04/01  15:45:00,2295.377749292414,141.97375667966443
 04/01  16:00:00,2168.477391734112,128.0818597309804
 04/01  16:15:00,7960.657409930227,114.81268133970055
 04/01  16:30:00,5848.345898514173,102.06585196537102
 04/01  16:45:00,2931.011330567466,89.06733018926393
 04/01  17:00:00,2436.9797682030185,76.18823663468578
 04/01  17:15:00,2202.9025870526743,63.411538028735016
 04/01  17:30:00,3609.736863952908,50.78373494035562
 04/01  17:45:00,5344.700146822597,42.351592518543356
 04/01  18:00:00,5288.043409106756,33.98319191573811
 04/01  18:15:00,4016.625253725211,25.750452541518804
 04/01  18:30:00,3441.4138854202083,17.519019862603592
 04/01  18:45:00,2156.017776267878,13.146209977668674
 04/01  19:00:00,2182.2805659871365,8.768729517148527
 04/01  19:15:00,2150.5381082736067,0.0
 04/01  19:30:00,2304.45038660822,0.0
 04/01  19:45:00,2319.495938241914,0.0
 04/01  20:00:00,2343.203785909034,0.0
 04/01  20:15:00,2336.1864103055104,0.0
 04/01  20:30:00,2296.641786266674,0.0
 04/01  20:45:00,2296.6051614544244,0.0
 04/01  21:00:00,2336.3002352948647,0.0
 04/01  21:15:00,2342.314629611475,0.0
 04/01  21:30:00,2314.664638389069,0.0
 04/01  21:45:00,2295.932482376511,0.0
 04/01  22:00:00,2310.880148519613,0.0
 04/01  22:15:00,292.31333333333333,0.0
 04/01  22:30:00,140.3283806439907,0.0
 04/01  22:45:00,97.3856585587259,0.0
 04/01  23:00:00,44.97999999999999,0.0
 04/01  23:15:00,143.38793242155288,0.0
 04/01  23:30:00,143.37483064695147,0.0
 04/01  23:45:00,57.246666666666655,0.0
 04/01  24:00:00,97.3905089777644,0.0
 04/02  00:15:00,118.8443896463779,0.0
 04/02  00:30:00,90.98,0.0
 04/02  00:45:00,134.19399715405396,0.0
 04/02  01:00:00,97.38142384723704,0.0
 04/02  01:15:00,44.97999999999999,0.0
 04/02  01:30:00,140.3327659443421,0.0
 04/02  01:45:00,143.38791300892763,0.0
 04/02  02:00:00,60.313333333333325,0.0
 04/02  02:15:00,97.40667821263108,0.0
 04/02  02:30:00,115.79563019597184,0.0
 04/02  02:45:00,143.38452833313357,0.0
 04/02  03:00:00,84.84666666666666,0.0
 04/02  03:15:00,97.40440977615374,0.0
 04/02  03:30:00,97.39361868545345,0.0
 04/02  03:45:00,84.84666666666666,0.0
 04/02  04:00:00,143.41391594759818,0.0
 04/02  04:15:00,115.803065910077,0.0
 04/02  04:30:00,97.39211453497768,0.0
 04/02  04:45:00,60.313333333333325,0.0
 04/02  05:00:00,143.41215677952476,0.0
 04/02  05:15:00,159.00148884435487,0.0
 04/02  05:30:00,377.3907276956554,0.0
 04/02  05:45:00,90.98,0.0
 04/02  06:00:00,143.41132737061093,0.0
 04/02  06:15:00,143.40035079940435,0.0
 04/02  06:30:00,90.98,3.095794327764628
 04/02  06:45:00,97.41989421502464,13.51007266703136
 04/02  07:00:00,97.4090317412996,24.304336602085602
 04/02  07:15:00,131.13135794703342,36.00859415793441
 04/02  07:30:00,90.98,48.17556259888273
 04/02  07:45:00,2262.0682971276265,56.29390990214362
 04/02  08:00:00,3611.468100861264,64.05566084776262
 04/02  08:15:00,1725.8167167972204,71.47796355149184
 04/02  08:30:00,1777.2759464344565,78.60207154311308
 04/02  08:45:00,1768.4097399746945,91.82311025626137
 04/02  09:00:00,3630.330294045146,105.24307481770934
 04/02  09:15:00,2186.197442718818,118.86161095140272
 04/02  09:30:00,2210.5767965118466,132.65918369255573
 04/02  09:45:00,2213.2206687610437,162.77150180256308
 04/02  10:00:00,2192.7613483517675,206.33840306239424
 04/02  10:15:00,7939.188396596104,241.27274030825583
 04/02  10:30:00,5809.860900638311,277.56235916385634
 04/02  10:45:00,2882.9651262185494,347.8968846623158
 04/02  11:00:00,2246.1160398789875,406.3497178920377
 04/02  11:15:00,51.11333333333332,466.92736441278953
 04/02  11:30:00,97.40824690170945,545.9988895875007
 04/02  11:45:00,125.00227544898009,595.252357960643
 04/02  12:00:00,90.98,662.2599851073097
 04/02  12:15:00,128.06794607872956,712.1617247331628
 04/02  12:30:00,97.38675247944056,760.2015641098236
 04/02  12:45:00,48.04666666666666,763.3886572202928
 04/02  13:00:00,143.39837157212597,771.3012675366068
 04/02  13:15:00,143.38454326684203,772.8488079760493
 04/02  13:30:00,54.17999999999999,771.345419529006
 04/02  13:45:00,97.39787308828888,756.3700858683251
 04/02  14:00:00,121.91717149940098,738.9904829836036
 04/02  14:15:00,90.98,718.4509725975732
 04/02  14:30:00,131.1314349496672,695.6320280687795
 04/02  14:45:00,97.3846802432812,660.9125959419594
 04/02  15:00:00,50.64112442070356,625.0795320597549
 04/02  15:15:00,2694.139434199609,588.3152990011217
 04/02  15:30:00,2604.020775398526,544.5037720900881
 04/02  15:45:00,2235.76640959186,484.94692251738417
 04/02  16:00:00,2108.424889201831,428.0497677916604
 04/02  16:15:00,7960.592598516222,374.5855318346903
 04/02  16:30:00,5794.717480746494,314.8032842957881
 04/02  16:45:00,2865.5526964623336,265.42296958733664
 04/02  17:00:00,2374.6501533751903,219.98406530178784
 04/02  17:15:00,2140.987741188691,172.5710591210666
 04/02  17:30:00,3521.524066291798,137.6868128463356
 04/02  17:45:00,5180.62257205118,101.74807357339651
 04/02  18:00:00,5086.829928351532,69.98775578016374
 04/02  18:15:00,3983.950501852162,40.68495222855542
 04/02  18:30:00,3366.403767476084,18.541941297258923
 04/02  18:45:00,2106.343903714253,13.921254006700421
 04/02  19:00:00,2131.6901370298847,9.287241940837601
 04/02  19:15:00,2100.64119149721,0.0
 04/02  19:30:00,2255.1971336628226,0.0
 04/02  19:45:00,2270.703327835888,0.0
 04/02  20:00:00,2294.9111229667324,0.0
 04/02  20:15:00,2287.808315583674,0.0
 04/02  20:30:00,2247.923074196556,0.0
 04/02  20:45:00,2247.3047820928355,0.0
 04/02  21:00:00,2286.318375309271,0.0
 04/02  21:15:00,2291.838461481688,0.0
 04/02  21:30:00,2263.726018100529,0.0
 04/02  21:45:00,2244.5796759248024,0.0
 04/02  22:00:00,2259.139079692224,0.0
 04/02  22:15:00,292.31333333333333,0.0
 04/02  22:30:00,140.33880264921595,0.0
 04/02  22:45:00,97.4050162409014,0.0
 04/02  23:00:00,44.97999999999999,0.0
 04/02  23:15:00,1105.1288075360628,0.0
 04/02  23:30:00,203.0951046601146,0.0
 04/02  23:45:00,169.36010213642768,0.0
 04/02  24:00:00,104.66846,0.0
 04/03  00:15:00,122.84890123824806,0.0
 04/03  00:30:00,143.39084159188928,0.0
 04/03  00:45:00,81.78,0.0
 04/03  01:00:00,97.40800179115897,0.0
 04/03  01:15:00,97.39733020135506,0.0
 04/03  01:30:00,140.31995386729952,0.0
 04/03  01:45:00,90.98,0.0
 04/03  02:00:00,112.74086544477872,0.0
 04/03  02:15:00,97.39649221201552,0.0
 04/03  02:30:00,63.38,0.0
 04/03  02:45:00,143.4160678870161,0.0
 04/03  03:00:00,137.27191720571147,0.0
 04/03  03:15:00,97.3955007561198,0.0
 04/03  03:30:00,44.97999999999999,0.0
 04/03  03:45:00,137.28492094012557,0.0
 04/03  04:00:00,143.40915018604576,0.0
 04/03  04:15:00,115.79890747725788,0.0
 04/03  04:30:00,44.97999999999999,0.0
 04/03  04:45:00,112.75366827929244,0.0
 04/03  05:00:00,143.41033702970637,0.0
 04/03  05:15:00,158.9997454040338,0.0
 04/03  05:30:00,324.97999999999985,0.0
 04/03  05:45:00,143.420296772547,0.0
 04/03  06:00:00,143.40977422365566,0.0
 04/03  06:15:00,143.39994842678925,0.0
 04/03  06:30:00,90.98,7.0051927813148716
 04/03  06:45:00,97.42232542640168,17.499234845283496
 04/03  07:00:00,97.41286515005068,30.92532713683739
 04/03  07:15:00,131.13365678216326,48.66434658556875
 04/03  07:30:00,90.98,70.34339493785741
 04/03  07:45:00,2222.2117871124574,97.25308605277786
 04/03  08:00:00,3554.60195729959,124.50648374091577
 04/03  08:15:00,1693.6950275353518,151.59213991187488
 04/03  08:30:00,1743.2219753871111,172.71563563059024
 04/03  08:45:00,1733.3814242847768,193.07776874932185
 04/03  09:00:00,3558.7120822609686,213.10962086259806
 04/03  09:15:00,2138.4852595541097,232.8797891018023
 04/03  09:30:00,2153.386690966967,252.35215240934704
 04/03  09:45:00,2152.627337393842,275.36540864088784
 04/03  10:00:00,2130.208330616859,311.40914716489647
 04/03  10:15:00,7939.12219624683,337.5319283731413
 04/03  10:30:00,5751.196634772583,364.5326859991897
 04/03  10:45:00,2812.1028761429443,360.08574108736394
 04/03  11:00:00,2178.317163442943,353.95515891126547
 04/03  11:15:00,51.11333333333333,330.39328594740147
 04/03  11:30:00,97.36994142456894,320.8369953349405
 04/03  11:45:00,72.57999999999998,380.2613421096662
 04/03  12:00:00,143.36421300091422,422.82577595879525
 04/03  12:15:00,116.64386696997232,465.3850177588929
 04/03  12:30:00,56.347506443846434,507.5472365522268
 04/03  12:45:00,100.41949700947754,556.6697757639134
 04/03  13:00:00,90.98,586.3251061411792
 04/03  13:15:00,143.3583381033788,614.4159084172461
 04/03  13:30:00,54.17999999999999,656.9872102930399
 04/03  13:45:00,97.36313827305456,660.7249648643015
 04/03  14:00:00,121.8781497837448,662.1634270257113
 04/03  14:15:00,90.98,660.9696392889941
 04/03  14:30:00,131.08308202082316,656.3916225703165
 04/03  14:45:00,44.97999999999999,592.2884821955201
 04/03  15:00:00,97.35429918351272,530.1646576631025
 04/03  15:15:00,2595.349308195693,456.248864839429
 04/03  15:30:00,2552.439864848796,401.0639420866522
 04/03  15:45:00,2182.0376541639466,382.34429965613526
 04/03  16:00:00,2054.618126728365,361.15394296559236
 04/03  16:15:00,7960.551362043313,337.60031145239486
 04/03  16:30:00,5748.438926209634,311.69431654951563
 04/03  16:45:00,2807.4387695676824,243.2474263697204
 04/03  17:00:00,2317.9003255850384,175.30585266856835
 04/03  17:15:00,2084.8576101764847,123.76672157569995
 04/03  17:30:00,3443.037724418432,73.26592490341669
 04/03  17:45:00,4748.884659419494,57.2232343201444
 04/03  18:00:00,4402.791022480742,41.5429623211461
 04/03  18:15:00,3936.643780599663,26.41343830664446
 04/03  18:30:00,3288.355142439799,11.64364493537002
 04/03  18:45:00,2049.846093977179,8.742291203118976
 04/03  19:00:00,2075.139101145539,5.831344924208658
 04/03  19:15:00,2043.7826856938775,0.0
 04/03  19:30:00,2198.046155175725,0.0
 04/03  19:45:00,2213.377151075525,0.0
 04/03  20:00:00,2237.463625582658,0.0
 04/03  20:15:00,2230.243206898137,0.0
 04/03  20:30:00,2190.216336614078,0.0
 04/03  20:45:00,2189.3907343830306,0.0
 04/03  21:00:00,2228.181014748201,0.0
 04/03  21:15:00,2233.5695268379027,0.0
 04/03  21:30:00,2205.355160280448,0.0
 04/03  21:45:00,2186.1605541799727,0.0
 04/03  22:00:00,2200.7037451051724,0.0
 04/03  22:15:00,292.31333333333333,0.0
 04/03  22:30:00,140.3032940704008,0.0
 04/03  22:45:00,44.97999999999999,0.0
 04/03  23:00:00,97.37927238019792,0.0
 04/03  23:15:00,143.36590778821397,0.0
 04/03  23:30:00,90.98,0.0
 04/03  23:45:00,109.64785134504224,0.0
 04/03  24:00:00,97.36839198781428,0.0
 04/04  00:15:00,66.44666666666666,0.0
 04/04  00:30:00,143.38216462647276,0.0
 04/04  00:45:00,134.1683211970405,0.0
 04/04  01:00:00,44.97999999999999,0.0
 04/04  01:15:00,97.38281550914604,0.0
 04/04  01:30:00,140.30283759322964,0.0
 04/04  01:45:00,90.98,0.0
 04/04  02:00:00,112.71824008530167,0.0
 04/04  02:15:00,97.37070484273988,0.0
 04/04  02:30:00,63.38,0.0
 04/04  02:45:00,143.38392619309647,0.0
 04/04  03:00:00,137.2362721643125,0.0
 04/04  03:15:00,44.97999999999999,0.0
 04/04  03:30:00,97.38723372101808,0.0
 04/04  03:45:00,137.2421693999188,0.0
 04/04  04:00:00,90.98,0.0
 04/04  04:15:00,115.79408626345877,0.0
 04/04  04:30:00,97.38266211574302,0.0
 04/04  04:45:00,60.313333333333325,0.0
 04/04  05:00:00,143.40195905415766,0.0
 04/04  05:15:00,158.99078521616883,0.0
 04/04  05:30:00,324.97999999999985,0.0
 04/04  05:45:00,143.41025735555348,0.0
 04/04  06:00:00,143.39956884728372,0.0
 04/04  06:15:00,143.3883335835863,0.0
 04/04  06:30:00,90.98,9.288148534896592
 04/04  06:45:00,97.40787114283548,19.299193711461143
 04/04  07:00:00,97.39696575973488,31.998789226581607
 04/04  07:15:00,78.71333333333334,49.181195919911254
 04/04  07:30:00,143.4139531962686,68.80860647367207
 04/04  07:45:00,2090.422087140121,93.79585632821212
 04/04  08:00:00,3514.5744478262613,120.8946910580887
 04/04  08:15:00,1655.7761028540367,149.7800555556459
 04/04  08:30:00,1705.5749693313694,180.21376951219986
 04/04  08:45:00,1695.8603341739436,217.6703607667516
 04/04  09:00:00,3473.2261987758334,267.14849188813986
 04/04  09:15:00,2077.346155006567,313.9348243100475
 04/04  09:30:00,2096.4893932181544,364.6631743353397
 04/04  09:45:00,2096.6694557141186,386.4000691792346
 04/04  10:00:00,2074.6163339677623,406.94517202460565
 04/04  10:15:00,7939.07861776137,423.59478643772064
 04/04  10:30:00,5706.108116885375,438.160619453999
 04/04  10:45:00,2755.513407677673,474.11970015945417
 04/04  11:00:00,2122.9301432055445,509.6031169489573
 04/04  11:15:00,51.11333333333333,547.5371197129058
 04/04  11:30:00,97.37175307393652,599.7636673090024
 04/04  11:45:00,72.57999999999998,558.4975952795725
 04/04  12:00:00,143.3619822031386,531.4847787987663
 04/04  12:15:00,75.64666666666666,483.65124728893255
 04/04  12:30:00,97.36571837160665,450.57701254799605
 04/04  12:45:00,100.41349042703996,472.777757403501
 04/04  13:00:00,90.98,492.69492647187326
 04/04  13:15:00,143.34681638568458,529.0232395840566
 04/04  13:30:00,54.17999999999999,545.6798156536582
 04/04  13:45:00,97.34233487247226,535.7705788630964
 04/04  14:00:00,69.51333333333332,525.2001627918319
 04/04  14:15:00,143.33850058687034,514.4261066013621
 04/04  14:30:00,78.71333333333334,501.7055824596964
 04/04  14:45:00,97.33627365240208,441.43815802823684
 04/04  15:00:00,44.97999999999999,367.8363765807296
 04/04  15:15:00,2577.3825861280834,311.2435243686428
 04/04  15:30:00,2492.947459614727,257.19748700944405
 04/04  15:45:00,2127.7443242188165,208.5138943828352
 04/04  16:00:00,2002.476686963778,174.15775034576552
 04/04  16:15:00,7960.500880255411,141.65675762627973
 04/04  16:30:00,5706.193273262334,105.40470551170877
 04/04  16:45:00,2758.273343115961,92.26363706956238
 04/04  17:00:00,2272.0308512248125,79.24018793415233
 04/04  17:15:00,2038.8280120682157,66.45168651776487
 04/04  17:30:00,3346.090938286032,53.853944155097224
 04/04  17:45:00,4362.232700782819,42.147275216949225
 04/04  18:00:00,4155.0873648673005,30.68645714560121
 04/04  18:15:00,3730.50534479837,19.298311955293638
 04/04  18:30:00,3153.137575659758,7.920882904514414
 04/04  18:45:00,2007.8238620872296,5.944769626594386
 04/04  19:00:00,1983.1159175510677,3.964581804601563
 04/04  19:15:00,1981.9659660043485,0.0
 04/04  19:30:00,1972.8374452782432,0.0
 04/04  19:45:00,2028.3793301997785,0.0
 04/04  20:00:00,2065.0348025011463,0.0
 04/04  20:15:00,2043.142971255928,0.0
 04/04  20:30:00,1997.4741621425,0.0
 04/04  20:45:00,1995.6413811296195,0.0
 04/04  21:00:00,2032.2326778289455,0.0
 04/04  21:15:00,2034.816148960387,0.0
 04/04  21:30:00,1987.955829597252,0.0
 04/04  21:45:00,1969.949329891511,0.0
 04/04  22:00:00,1981.825137054374,0.0
 04/04  22:15:00,292.31333333333333,0.0
 04/04  22:30:00,140.29675824701312,0.0
 04/04  22:45:00,44.97999999999999,0.0
 04/04  23:00:00,97.36032374752078,0.0
 04/04  23:15:00,1962.476266666667,0.0
 04/04  23:30:00,1305.8997412012022,0.0
 04/04  23:45:00,1555.7402644798085,0.0
 04/04  24:00:00,65.64239999999998,0.0
 04/05  00:15:00,118.84710089427408,0.0
 04/05  00:30:00,143.35744817053387,0.0
 04/05  00:45:00,81.78,0.0
 04/05  01:00:00,97.3703853865736,0.0
 04/05  01:15:00,44.97999999999999,0.0
 04/05  01:30:00,140.31810027552007,0.0
 04/05  01:45:00,143.37167142978214,0.0
 04/05  02:00:00,60.313333333333325,0.0
 04/05  02:15:00,97.38644613487672,0.0
 04/05  02:30:00,115.77294406928353,0.0
 04/05  02:45:00,90.98,0.0
 04/05  03:00:00,137.2542655106381,0.0
 04/05  03:15:00,97.37453296038132,0.0
 04/05  03:30:00,44.97999999999999,0.0
 04/05  03:45:00,137.2568596642747,0.0
 04/05  04:00:00,143.3774730608066,0.0
 04/05  04:15:00,63.38,0.0
 04/05  04:30:00,97.39276890905693,0.0
 04/05  04:45:00,112.7131225765672,0.0
 04/05  05:00:00,90.98,0.0
 04/05  05:15:00,158.99525204174134,0.0
 04/05  05:30:00,377.3822812338036,0.0
 04/05  05:45:00,90.98,0.0
 04/05  06:00:00,143.3978017654905,0.0
 04/05  06:15:00,143.3859882428979,0.0
 04/05  06:30:00,90.98,2.309331570736875
 04/05  06:45:00,97.40408419329832,6.676926259455211
 04/05  07:00:00,97.39277753607784,11.143952702701469
 04/05  07:15:00,131.11458341579743,15.621374309348116
 04/05  07:30:00,90.98,20.107366648323207
 04/05  07:45:00,1887.4151509375351,27.599686792473797
 04/05  08:00:00,3532.624641507099,35.10015608223325
 04/05  08:15:00,1620.395312242444,42.57738167411574
 04/05  08:30:00,1672.050357632102,50.05599332822525
 04/05  08:45:00,1663.7823990186089,57.68460767179343
 04/05  09:00:00,3411.503112060566,65.3807605516202
 04/05  09:15:00,2044.0241596789435,73.12261000017332
 04/05  09:30:00,2064.930278856983,80.90924155082882
 04/05  09:45:00,2067.369687917576,87.5325540077821
 04/05  10:00:00,2046.9559562973827,94.19031487369661
 04/05  10:15:00,7937.648627069078,100.88876330519892
 04/05  10:30:00,5715.0449397153225,107.62642870516873
 04/05  10:45:00,2731.583485270675,112.162323890746
 04/05  11:00:00,2129.804198644598,116.73766467532944
 04/05  11:15:00,51.11333333333333,121.3550329981742
 04/05  11:30:00,97.4054455219403,125.99580696723564
 04/05  11:45:00,125.00002403835047,127.98793705039371
 04/05  12:00:00,90.98,130.0141705305724
 04/05  12:15:00,128.06755360330885,132.05694280339293
 04/05  12:30:00,97.38758577577264,134.10154270792225
 04/05  12:45:00,48.04666666666666,133.26246698629322
 04/05  13:00:00,143.40211460794995,132.4335337967771
 04/05  13:15:00,143.39043739562538,131.68451975470578
 04/05  13:30:00,54.17999999999999,130.940338622006
 04/05  13:45:00,97.40866009845442,127.73368062673246
 04/05  14:00:00,121.93072426102044,124.54530875440774
 04/05  14:15:00,143.38385033277996,121.23377203717628
 04/05  14:30:00,78.71333333333334,117.94133579356809
 04/05  14:45:00,97.39805099283925,112.02449772929401
 04/05  15:00:00,97.38416276415336,106.15512372442993
 04/05  15:15:00,2553.62859631,100.35967023564413
 04/05  15:30:00,2533.285108467157,94.6006957750279
 04/05  15:45:00,2160.580684258026,87.28092582680425
 04/05  16:00:00,2033.3448736666091,80.01749334556801
 04/05  16:15:00,7960.528795829196,72.77726512209505
 04/05  16:30:00,5732.418170847797,65.59478037671265
 04/05  16:45:00,2787.989535821165,57.69395743987866
 04/05  17:00:00,2299.231623550097,50.00638612180281
 04/05  17:15:00,2065.560685449768,42.40063561293387
 04/05  17:30:00,3389.1089949927477,34.796035680337845
 04/05  17:45:00,4241.91414364862,29.61026948051736
 04/05  18:00:00,3871.203373963172,24.423086858104867
 04/05  18:15:00,3612.050874326306,19.22720106641675
 04/05  18:30:00,3284.0798120581085,14.03672011674961
 04/05  18:45:00,2022.5885803861763,10.706878522209948
 04/05  19:00:00,2049.3563657002824,7.379823339350532
 04/05  19:15:00,2018.2941287934384,0.0
 04/05  19:30:00,2172.7330624720757,0.0
 04/05  19:45:00,2188.2483726359005,0.0
 04/05  20:00:00,2212.7405006032145,0.0
 04/05  20:15:00,2206.5316086552184,0.0
 04/05  20:30:00,2167.704323459812,0.0
 04/05  20:45:00,2168.2623835368463,0.0
 04/05  21:00:00,2208.518412983158,0.0
 04/05  21:15:00,2215.0041497182583,0.0
 04/05  21:30:00,2187.727640843032,0.0
 04/05  21:45:00,2169.3201867000384,0.0
 04/05  22:00:00,2184.6152027399567,0.0
 04/05  22:15:00,292.31333333333333,0.0
 04/05  22:30:00,140.3494836020447,0.0
 04/05  22:45:00,97.4152323770662,0.0
 04/05  23:00:00,44.97999999999999,0.0
 04/05  23:15:00,1918.793879704266,0.0
 04/05  23:30:00,1017.110679741993,0.0
 04/05  23:45:00,194.42368830439108,0.0
 04/05  24:00:00,129.71635999999995,0.0
 04/06  00:15:00,152.78253566281552,0.0
 04/06  00:30:00,143.4115103628645,0.0
 04/06  00:45:00,134.20163488253868,0.0
 04/06  01:00:00,44.97999999999999,0.0
 04/06  01:15:00,97.4234545560463,0.0
 04/06  01:30:00,140.34689825556472,0.0
 04/06  01:45:00,143.40359053468444,0.0
 04/06  02:00:00,60.313333333333325,0.0
 04/06  02:15:00,97.42626216635956,0.0
 04/06  02:30:00,115.81747831864988,0.0
 04/06  02:45:00,143.40871611678335,0.0
 04/06  03:00:00,84.84666666666666,0.0
 04/06  03:15:00,97.43235148748371,0.0
 04/06  03:30:00,97.42319604815692,0.0
 04/06  03:45:00,137.28064223228048,0.0
 04/06  04:00:00,143.40469061719085,0.0
 04/06  04:15:00,63.38,0.0
 04/06  04:30:00,97.42922545411184,0.0
 04/06  04:45:00,112.75416008923392,0.0
 04/06  05:00:00,143.41243041745423,0.0
 04/06  05:15:00,106.58,0.0
 04/06  05:30:00,377.4379834481175,0.0
 04/06  05:45:00,143.43023531503206,0.0
 04/06  06:00:00,143.4225191494803,0.0
 04/06  06:15:00,143.4136559340263,5.879456765004222
 04/06  06:30:00,90.98,7.842809616994828
 04/06  06:45:00,97.437682663592,17.283785263858892
 04/06  07:00:00,97.42890935182984,27.266798896028543
 04/06  07:15:00,131.15184647060096,37.579285187133216
 04/06  07:30:00,1758.7808887179183,47.96361284776637
 04/06  07:45:00,2098.5458644571577,57.58973948635292
 04/06  08:00:00,3421.1953300100035,67.222429786027
 04/06  08:15:00,1621.495114761438,76.8738465567056
 04/06  08:30:00,1682.091971927956,86.56001711427602
 04/06  08:45:00,3502.480638485579,99.62167102909125
 04/06  09:00:00,3391.540035204247,112.87943830699709
 04/06  09:15:00,2057.447641438892,126.30517515673515
 04/06  09:30:00,2082.004564107221,139.89126409389706
 04/06  09:45:00,2093.8582458521496,132.14809273351943
 04/06  10:00:00,2075.382320441112,124.58896209891668
 04/06  10:15:00,2045.9011092354376,117.06701612379493
 04/06  10:30:00,2050.097367140583,109.60203918576231
 04/06  10:45:00,2089.105972226882,113.92593097963594
 04/06  11:00:00,2088.23841577178,118.21220663649902
 04/06  11:15:00,1602.8964201612994,122.47651244116287
 04/06  11:30:00,1579.358034954577,126.74886718124795
 04/06  11:45:00,1600.757813420709,128.5606957359015
 04/06  12:00:00,1618.3393263264725,130.38203424307144
 04/06  12:15:00,2125.3040774803603,132.18946843953185
 04/06  12:30:00,2051.984820410208,133.98746061340884
 04/06  12:45:00,2040.093251181116,156.0655128412427
 04/06  13:00:00,2082.539909368399,178.08790991657997
 04/06  13:15:00,2072.882110391972,200.77363342855682
 04/06  13:30:00,2026.0949960168543,223.77960357266818
 04/06  13:45:00,2013.3250817654143,218.6260838082615
 04/06  14:00:00,2036.516653237118,213.77010625467858
 04/06  14:15:00,2056.524752932645,208.78729681319612
 04/06  14:30:00,2042.61000676276,203.66911085886974
 04/06  14:45:00,2007.4788830267687,175.49599140455973
 04/06  15:00:00,2006.701403669736,148.06462113824043
 04/06  15:15:00,2467.6594311961853,121.58534108211722
 04/06  15:30:00,2468.8706561309737,95.49813943825319
 04/06  15:45:00,2131.724011385565,88.55204001821318
 04/06  16:00:00,2010.482943458844,81.51361538449534
 04/06  16:15:00,2035.167981023196,74.28935938789496
 04/06  16:30:00,7983.650212101443,67.11425942758778
 04/06  16:45:00,5809.748512417012,59.205268218821985
 04/06  17:00:00,2929.4828622805603,51.4841513434405
 04/06  17:15:00,2141.9888950942773,43.775712686211094
 04/06  17:30:00,2077.8745740822583,36.0679433992297
 04/06  17:45:00,4260.998521559454,29.30422114574766
 04/06  18:00:00,4214.942142330156,22.539008231400956
 04/06  18:15:00,3774.113457173181,15.763884409975624
 04/06  18:30:00,3279.752283482348,8.996236837988084
 04/06  18:45:00,2040.9281986188096,6.745674330323729
 04/06  19:00:00,2069.0789392486668,4.494010567507766
 04/06  19:15:00,7952.988935271639,2.3390006007116955
 04/06  19:30:00,5732.2953069937375,0.0
 04/06  19:45:00,2681.8053765077048,0.0
 04/06  20:00:00,2268.46756009519,0.0
 04/06  20:15:00,2228.490944425541,0.0
 04/06  20:30:00,2186.6534578870865,0.0
 04/06  20:45:00,2188.253006657596,0.0
 04/06  21:00:00,2228.507057760717,0.0
 04/06  21:15:00,2234.372732633356,0.0
 04/06  21:30:00,2206.819320045292,0.0
 04/06  21:45:00,2188.550606438062,0.0
 04/06  22:00:00,2204.019842124268,0.0
 04/06  22:15:00,1953.5405353113083,0.0
 04/06  22:30:00,87.91333333333333,0.0
 04/06  22:45:00,97.43543146197416,0.0
 04/06  23:00:00,97.43681211512344,0.0
 04/06  23:15:00,2003.6065254175007,0.0
 04/06  23:30:00,1833.6552420000005,0.0
 04/06  23:45:00,207.3932948885497,0.0
 04/06  24:00:00,195.1252963369893,0.0
 04/07  00:15:00,216.57474099288703,0.0
 04/07  00:30:00,241.0987959985403,0.0
 04/07  00:45:00,179.47263000000004,0.0
 04/07  01:00:00,195.122206081642,0.0
 04/07  01:15:00,123.4726562593332,0.0
 04/07  01:30:00,140.34633910741718,0.0
 04/07  01:45:00,90.98,0.0
 04/07  02:00:00,112.77178182455212,0.0
 04/07  02:15:00,97.43060713190133,0.0
 04/07  02:30:00,115.8227799657284,0.0
 04/07  02:45:00,143.41496977539478,0.0
 04/07  03:00:00,84.84666666666666,0.0
 04/07  03:15:00,97.44095015720512,0.0
 04/07  03:30:00,97.43301926551256,0.0
 04/07  03:45:00,137.29171953495535,0.0
 04/07  04:00:00,143.41705182269814,0.0
 04/07  04:15:00,63.38,0.0
 04/07  04:30:00,97.4451252226293,0.0
 04/07  04:45:00,112.77197523856002,0.0
 04/07  05:00:00,143.43225008519778,0.0
 04/07  05:15:00,159.0246021362228,0.0
 04/07  05:30:00,377.4168932339139,0.0
 04/07  05:45:00,90.98,0.0
 04/07  06:00:00,143.44352911443167,0.0
 04/07  06:15:00,143.43597109080355,6.49387518754788
 04/07  06:30:00,143.42835262829772,8.661876658786364
 04/07  06:45:00,97.42067356632649,15.604655087677305
 04/07  07:00:00,44.97999999999999,22.78911789870378
 04/07  07:15:00,131.17934270431095,30.03013001221537
 04/07  07:30:00,1792.74050925801,37.296992670803284
 04/07  07:45:00,2101.5667104901886,50.08950478903885
 04/07  08:00:00,3442.128369794692,63.065691709616864
 04/07  08:15:00,1638.8432572788302,76.18396684466549
 04/07  08:30:00,1694.8304842786004,89.42587257671786
 04/07  08:45:00,3530.2118940496102,88.2449192654321
 04/07  09:00:00,3419.8735953577298,87.13410967419993
 04/07  09:15:00,2079.195459184028,86.2042754617611
 04/07  09:30:00,2106.1881934879507,85.31535903233969
 04/07  09:45:00,2119.879868642153,110.82634875849972
 04/07  10:00:00,2102.3735238040776,136.9766834624019
 04/07  10:15:00,2072.074077424987,162.98572545131543
 04/07  10:30:00,2074.104237653127,189.3382896601653
 04/07  10:45:00,2109.6176599104992,173.65043597415558
 04/07  11:00:00,2105.321621809144,158.4101319347863
 04/07  11:15:00,1612.3403133627226,143.97446743743862
 04/07  11:30:00,1587.1014152925172,129.67037414463826
 04/07  11:45:00,1609.0631637091867,131.52492597073044
 04/07  12:00:00,1627.189879206339,133.33764851683497
 04/07  12:15:00,2142.647138632456,135.34218786653443
 04/07  12:30:00,2072.12737815965,137.35278789387152
 04/07  12:45:00,2063.5068983904407,136.69167823289635
 04/07  13:00:00,2108.192076892588,136.0395338330657
 04/07  13:15:00,2100.3649920628386,135.1835357354231
 04/07  13:30:00,2055.2750949547217,134.3316207449771
 04/07  13:45:00,2044.030235167108,131.0020701809701
 04/07  14:00:00,2068.473681326269,127.69350975635092
 04/07  14:15:00,2089.3832364253985,124.5156028936556
 04/07  14:30:00,2076.2001764745896,121.34603011003347
 04/07  14:45:00,2041.7832893463567,115.51661297755034
 04/07  15:00:00,2041.435668062728,109.71556578880518
 04/07  15:15:00,2501.1945064037445,103.84752778228547
 04/07  15:30:00,2499.8488308192373,98.018079921473
 04/07  15:45:00,2159.054827993442,90.4129659097282
 04/07  16:00:00,2035.164051926689,82.8714591115961
 04/07  16:15:00,2058.50200853514,75.40881373739415
 04/07  16:30:00,7983.685750886909,67.98812785148787
 04/07  16:45:00,5830.503060592453,65.94119704087953
 04/07  17:00:00,2953.0699776985634,63.90421540320787
 04/07  17:15:00,2163.719490036027,61.87205219806889
 04/07  17:30:00,2098.9498071951616,59.848552344262345
 04/07  17:45:00,4360.995310861739,49.96063368040786
 04/07  18:00:00,4335.771381266235,40.190786612263565
 04/07  18:15:00,3895.207717435489,30.560440404277003
 04/07  18:30:00,3281.636752644522,20.968893428911432
 04/07  18:45:00,2058.228112477725,15.908131350903995
 04/07  19:00:00,2087.759937044595,10.848376668698407
 04/07  19:15:00,7953.018508730388,6.011506496840493
 04/07  19:30:00,5749.183199938949,0.0
 04/07  19:45:00,2701.2762553251227,0.0
 04/07  20:00:00,2286.966767636837,0.0
 04/07  20:15:00,2246.637691166761,0.0
 04/07  20:30:00,2204.3496220561706,0.0
 04/07  20:45:00,2205.281972232184,0.0
 04/07  21:00:00,2244.7759604507864,0.0
 04/07  21:15:00,2249.9410301430707,0.0
 04/07  21:30:00,2221.7706029545384,0.0
 04/07  21:45:00,2202.944963135837,0.0
 04/07  22:00:00,2217.864919923411,0.0
 04/07  22:15:00,1960.5198281781368,0.0
 04/07  22:30:00,87.91333333333333,0.0
 04/07  22:45:00,97.4199443399968,0.0
 04/07  23:00:00,97.413359949644,0.0
 04/07  23:15:00,136.32598000000002,0.0
 04/07  23:30:00,982.622108613959,0.0
 04/07  23:45:00,155.02016141471933,0.0
 04/07  24:00:00,142.75811179494244,0.0
 04/08  00:15:00,111.79264666666668,0.0
 04/08  00:30:00,188.76347977296496,0.0
 04/08  00:45:00,179.55319597336697,0.0
 04/08  01:00:00,142.74283049102678,0.0
 04/08  01:15:00,1016.493656,0.0
 04/08  01:30:00,1376.48511150251,0.0
 04/08  01:45:00,188.76546000575877,0.0
 04/08  02:00:00,158.09965002164725,0.0
 04/08  02:15:00,78.23371866666666,0.0
 04/08  02:30:00,115.81970445113804,0.0
 04/08  02:45:00,143.40898816688187,0.0
 04/08  03:00:00,137.26477039458135,0.0
 04/08  03:15:00,44.97999999999999,0.0
 04/08  03:30:00,97.4191075632443,0.0
 04/08  03:45:00,137.275522183597,0.0
 04/08  04:00:00,143.39849388296284,0.0
 04/08  04:15:00,63.38,0.0
 04/08  04:30:00,97.42109208607238,0.0
 04/08  04:45:00,112.74508406838048,0.0
 04/08  05:00:00,143.40238648977612,0.0
 04/08  05:15:00,106.58,0.0
 04/08  05:30:00,377.4236105751914,0.0
 04/08  05:45:00,143.41342654303295,0.0
 04/08  06:00:00,143.40310476882945,0.0
 04/08  06:15:00,90.98,2.3308712126680597
 04/08  06:30:00,143.4248493284248,3.1078887336064507
 04/08  06:45:00,97.41501772541736,11.808453291746545
 04/08  07:00:00,97.40508823990852,20.663139804574655
 04/08  07:15:00,78.71333333333334,29.495684690436374
 04/08  07:30:00,143.42552396562036,38.396730871547305
 04/08  07:45:00,2030.4811874143056,64.80721942368396
 04/08  08:00:00,3502.14165345979,94.28328262430844
 04/08  08:15:00,1643.7885591232132,127.7089648446032
 04/08  08:30:00,1696.3769732728626,170.8291297497346
 04/08  08:45:00,1687.760861826568,192.32543262590607
 04/08  09:00:00,3478.957830954402,220.10371901364803
 04/08  09:15:00,2099.388748439548,247.85891965664592
 04/08  09:30:00,2123.3315981576934,275.6665100296013
 04/08  09:45:00,2124.694217853066,281.37531083906623
 04/08  10:00:00,2103.3282269426027,286.118742397379
 04/08  10:15:00,7939.107902235806,289.6641964802122
 04/08  10:30:00,5734.3613352755365,292.3312857810693
 04/08  10:45:00,2790.208304268278,327.8800244670881
 04/08  11:00:00,2157.7870477581523,380.352206851141
 04/08  11:15:00,51.11333333333333,418.2798242932472
 04/08  11:30:00,97.41211147677544,456.62979544484574
 04/08  11:45:00,125.00662930927972,439.803628327465
 04/08  12:00:00,90.98,421.9104498572808
 04/08  12:15:00,128.0752441486768,385.3427577344804
 04/08  12:30:00,97.39710457159993,366.048406775151
 04/08  12:45:00,100.45216174307922,365.32803850950654
 04/08  13:00:00,90.98,364.18070487076403
 04/08  13:15:00,143.40463751568538,362.528745414541
 04/08  13:30:00,106.59361594444192,360.526478908812
 04/08  13:45:00,44.97999999999999,351.3794655232998
 04/08  14:00:00,121.9467048260842,341.98312982846073
 04/08  14:15:00,143.4003187133515,331.8914207318383
 04/08  14:30:00,131.12023943143618,321.5889126116582
 04/08  14:45:00,44.97999999999999,359.695244124653
 04/08  15:00:00,97.40130302106736,378.302983087676
 04/08  15:15:00,2601.774313523408,394.78107519759055
 04/08  15:30:00,2556.5524423072998,407.9548841148514
 04/08  15:45:00,2185.3962761912385,361.05004964245256
 04/08  16:00:00,2058.6666790945624,316.12342720754776
 04/08  16:15:00,7960.553680727588,272.43557578788506
 04/08  16:30:00,5754.400309561936,231.2398601969727
 04/08  16:45:00,2813.5201973086305,213.46850852769313
 04/08  17:00:00,2322.6736952774186,194.26376850145368
 04/08  17:15:00,2088.4372343061377,173.90561051537134
 04/08  17:30:00,3418.0381979242825,152.04083778678154
 04/08  17:45:00,4342.524203103865,115.357563129251
 04/08  18:00:00,4031.619285607936,83.62908727350109
 04/08  18:15:00,3771.432363121192,55.11945263702185
 04/08  18:30:00,3293.2713295504877,34.78095031056688
 04/08  18:45:00,2047.312640432892,25.68496648912775
 04/08  19:00:00,2075.915259453654,17.357750720801757
 04/08  19:15:00,2044.9233873287867,9.83658382443052
 04/08  19:30:00,2031.6112591934343,0.0
 04/08  19:45:00,2219.829204229898,0.0
 04/08  20:00:00,2244.4785409805686,0.0
 04/08  20:15:00,2235.0661451853293,0.0
 04/08  20:30:00,2194.6048040450214,0.0
 04/08  20:45:00,2195.005025715041,0.0
 04/08  21:00:00,2235.1224347620846,0.0
 04/08  21:15:00,2241.2462728663368,0.0
 04/08  21:30:00,2213.6243045020506,0.0
 04/08  21:45:00,2194.9910652055028,0.0
 04/08  22:00:00,2210.089447000665,0.0
 04/08  22:15:00,292.31333333333333,0.0
 04/08  22:30:00,140.36061972266128,0.0
 04/08  22:45:00,97.42801653593168,0.0
 04/08  23:00:00,97.41941486977854,0.0
 04/08  23:15:00,90.98,0.0
 04/08  23:30:00,143.427167703759,0.0
 04/08  23:45:00,109.68506639654402,0.0
 04/08  24:00:00,97.4096093420819,0.0
 04/09  00:15:00,66.44666666666666,0.0
 04/09  00:30:00,143.43292716667435,0.0
 04/09  00:45:00,134.2238915339787,0.0
 04/09  01:00:00,97.41477896338871,0.0
 04/09  01:15:00,97.40575825934752,0.0
 04/09  01:30:00,87.91333333333333,0.0
 04/09  01:45:00,143.4298068905651,0.0
 04/09  02:00:00,112.75438373333904,0.0
 04/09  02:15:00,97.4120715326784,0.0
 04/09  02:30:00,63.38,0.0
 04/09  02:45:00,143.43589055940328,0.0
 04/09  03:00:00,137.29378299134515,0.0
 04/09  03:15:00,97.41877831957586,0.0
 04/09  03:30:00,97.41042951345888,0.0
 04/09  03:45:00,84.84666666666666,0.0
 04/09  04:00:00,143.43585337078332,0.0
 04/09  04:15:00,115.82822750005866,0.0
 04/09  04:30:00,97.4206376096181,0.0
 04/09  04:45:00,112.74642052917451,0.0
 04/09  05:00:00,90.98,0.0
 04/09  05:15:00,159.03894529951558,0.0
 04/09  05:30:00,377.4303923817083,0.0
 04/09  05:45:00,143.42172648047804,0.0
 04/09  06:00:00,143.41294542793352,0.0
 04/09  06:15:00,90.98,9.401620515096466
 04/09  06:30:00,143.43864079522643,12.036731563132236
 04/09  06:45:00,97.4307250829028,24.265458104805475
 04/09  07:00:00,97.4227746405277,40.14854472577503
 04/09  07:15:00,131.1467719073745,61.495331726590706
 04/09  07:30:00,90.98,88.47061581783115
 04/09  07:45:00,2052.1812076774136,122.65753645944733
 04/09  08:00:00,3501.5235965724023,160.86966921063583
 04/09  08:15:00,1643.710156407555,205.16476108644775
 04/09  08:30:00,1696.0554555354447,254.8528336557505
 04/09  08:45:00,1687.1189991595795,285.06247529184947
 04/09  09:00:00,3473.3459024926988,311.25825588500635
 04/09  09:15:00,2095.294650545002,333.3591477979225
 04/09  09:30:00,2117.1274578977764,341.4750937581381
 04/09  09:45:00,2118.2488085146383,371.54571428597706
 04/09  10:00:00,2096.79246477935,414.333928268969
 04/09  10:15:00,7939.1002571497265,445.40025263071334
 04/09  10:30:00,5727.050568635976,476.65123619567316
 04/09  10:45:00,2780.101368214385,515.1083583695938
 04/09  11:00:00,2146.8582977376,553.870201700813
 04/09  11:15:00,51.11333333333333,607.6302413209038
 04/09  11:30:00,97.4184505178277,646.7636678620671
 04/09  11:45:00,124.99720517764938,601.0721013324412
 04/09  12:00:00,90.98,569.3910910697133
 04/09  12:15:00,128.07826624910456,534.7029230562754
 04/09  12:30:00,97.3983997832532,479.5783900155152
 04/09  12:45:00,100.45151511533864,427.84872791376677
 04/09  13:00:00,90.98,356.43277034675236
 04/09  13:15:00,143.40136566684788,303.38129142632323
 04/09  13:30:00,106.5899984150081,232.72890120687944
 04/09  13:45:00,44.97999999999999,227.86329906822914
 04/09  14:00:00,121.94240886015793,222.32837917605752
 04/09  14:15:00,143.3975760800559,216.74719221039663
 04/09  14:30:00,131.11927197337317,211.1028958062355
 04/09  14:45:00,44.97999999999999,200.25485719662743
 04/09  15:00:00,97.40464589060704,189.56109677457937
 04/09  15:15:00,2595.220508002345,178.89119243721655
 04/09  15:30:00,2553.4327344295434,168.41872812373825
 04/09  15:45:00,2185.129903796809,194.59227675399922
 04/09  16:00:00,2057.961938964977,207.1142565429204
 04/09  16:15:00,7960.552575020532,226.95939352582937
 04/09  16:30:00,5751.658443533812,232.75975744362245
 04/09  16:45:00,2809.0825554619905,199.94309061759625
 04/09  17:00:00,2317.701119705269,162.58150293192867
 04/09  17:15:00,2083.937020331302,135.27351131189442
 04/09  17:30:00,3415.1639137536504,110.34085221272194
 04/09  17:45:00,4360.229495297243,87.25990996035793
 04/09  18:00:00,4037.5885366174216,65.91933616776096
 04/09  18:15:00,3794.6385731996224,45.390241340191125
 04/09  18:30:00,3286.216437304136,28.45516447937127
 04/09  18:45:00,2045.177287864128,21.740697493382704
 04/09  19:00:00,2073.6025678572537,14.997860951844803
 04/09  19:15:00,2042.7770026418104,8.25185030279808
 04/09  19:30:00,2029.608229786117,0.0
 04/09  19:45:00,2217.9537881177234,0.0
 04/09  20:00:00,2242.7587805121343,0.0
 04/09  20:15:00,2233.186239641835,0.0
 04/09  20:30:00,2192.567539343948,0.0
 04/09  20:45:00,2192.826360083799,0.0
 04/09  21:00:00,2232.8229483976224,0.0
 04/09  21:15:00,2239.372795773603,0.0
 04/09  21:30:00,2212.2267567840872,0.0
 04/09  21:45:00,2194.1198076231026,0.0
 04/09  22:00:00,2209.757986136362,0.0
 04/09  22:15:00,292.31333333333333,0.0
 04/09  22:30:00,140.3715117689353,0.0
 04/09  22:45:00,97.43924866320536,0.0
 04/09  23:00:00,97.41409921516222,0.0
 04/09  23:15:00,1052.6955840000005,0.0
 04/09  23:30:00,203.12625599595333,0.0
 04/09  23:45:00,169.37948471264212,0.0
 04/09  24:00:00,157.10837260901425,0.0
 04/10  00:15:00,122.8573769222487,0.0
 04/10  00:30:00,90.98,0.0
 04/10  00:45:00,134.23664768962146,0.0
 04/10  01:00:00,97.42854029909316,0.0
 04/10  01:15:00,97.42024092814964,0.0
 04/10  01:30:00,140.34523335357932,0.0
 04/10  01:45:00,90.98,0.0
 04/10  02:00:00,112.77060576120896,0.0
 04/10  02:15:00,97.42903070424858,0.0
 04/10  02:30:00,115.82073121370549,0.0
 04/10  02:45:00,143.4123739177649,0.0
 04/10  03:00:00,84.84666666666666,0.0
 04/10  03:15:00,97.43819135545392,0.0
 04/10  03:30:00,97.4306096660645,0.0
 04/10  03:45:00,137.2896995853478,0.0
 04/10  04:00:00,143.415463143513,0.0
 04/10  04:15:00,63.38,0.0
 04/10  04:30:00,97.44179204966402,0.0
 04/10  04:45:00,112.76752696549156,0.0
 04/10  05:00:00,143.42656701913992,0.0
 04/10  05:15:00,159.01806788094126,0.0
 04/10  05:30:00,324.97999999999985,0.0
 04/10  05:45:00,143.44274563022856,0.0
 04/10  06:00:00,143.43421976677877,0.0
 04/10  06:15:00,143.42590307501493,4.70481235363128
 04/10  06:30:00,143.4174950256801,6.037426477451144
 04/10  06:45:00,44.97999999999999,18.527327710786416
 04/10  07:00:00,97.44242403461443,30.688232051761787
 04/10  07:15:00,131.16727154260468,43.356529337204734
 04/10  07:30:00,143.42534052695578,56.31746393827953
 04/10  07:45:00,2042.1965864779772,65.90848028489603
 04/10  08:00:00,3501.380034800535,75.49946125242467
 04/10  08:15:00,1648.391319371355,85.07528451904297
 04/10  08:30:00,1700.6267960608295,94.66860242519544
 04/10  08:45:00,1691.830276315916,107.93090914566292
 04/10  09:00:00,3483.459245274497,121.39494085568981
 04/10  09:15:00,2103.043749327168,135.03246570223354
 04/10  09:30:00,2123.884683521473,148.85252442311358
 04/10  09:45:00,2125.113983817354,160.33758240614935
 04/10  10:00:00,2103.938554672571,172.1593544589345
 04/10  10:15:00,7939.108484385812,184.3307749293641
 04/10  10:30:00,5735.358635048372,196.76081786172946
 04/10  10:45:00,2791.692774496543,285.3071405428294
 04/10  11:00:00,2159.3857469772743,379.29667718261544
 04/10  11:15:00,51.11333333333333,460.0806130080122
 04/10  11:30:00,97.42370731480932,558.7110266700912
 04/10  11:45:00,125.01968886444018,545.9883895201394
 04/10  12:00:00,90.98,515.8640362604352
 04/10  12:15:00,128.09172678295036,502.496789476575
 04/10  12:30:00,97.41670553750716,487.4332507122218
 04/10  12:45:00,100.47512478650584,510.5713854978421
 04/10  13:00:00,143.40032743633952,532.1913229280128
 04/10  13:15:00,90.98,569.313276727432
 04/10  13:30:00,106.61855967081294,585.8987273432842
 04/10  13:45:00,97.40648549532216,592.8948234467912
 04/10  14:00:00,121.9274017004866,597.7387912267296
 04/10  14:15:00,90.98,617.835238924416
 04/10  14:30:00,131.15102112906035,619.2722239516869
 04/10  14:45:00,97.40891022288358,592.3050269477421
 04/10  15:00:00,97.40018767804634,564.4896556856737
 04/10  15:15:00,2561.0672543083538,533.7094788604767
 04/10  15:30:00,2540.9370367327138,501.9244529536754
 04/10  15:45:00,2168.7949463118243,419.6630341566148
 04/10  16:00:00,2041.183308733195,355.76402148218745
 04/10  16:15:00,7959.143542406169,287.3843042579762
 04/10  16:30:00,5770.437454604044,235.44252145758048
 04/10  16:45:00,2797.790199621293,195.98805784560486
 04/10  17:00:00,2337.726669598728,152.3321431069888
 04/10  17:15:00,2086.549804767421,119.52781151035684
 04/10  17:30:00,3415.757198615177,87.09261971601143
 04/10  17:45:00,4359.937583243898,70.6997808380259
 04/10  18:00:00,4029.981257450997,54.806457741351124
 04/10  18:15:00,3784.60184892344,39.554669865035464
 04/10  18:30:00,3286.5343002129366,24.806626353230765
 04/10  18:45:00,2043.8995913470728,18.800368196084936
 04/10  19:00:00,2071.581091918706,12.783373076060405
 04/10  19:15:00,2040.183490476224,6.759965900336373
 04/10  19:30:00,2026.307790223958,0.0
 04/10  19:45:00,2213.9576641251765,0.0
 04/10  20:00:00,2237.977095434663,0.0
 04/10  20:15:00,2228.1964124529945,0.0
 04/10  20:30:00,2187.5366254994447,0.0
 04/10  20:45:00,2187.921513259977,0.0
 04/10  21:00:00,2228.099193050331,0.0
 04/10  21:15:00,2234.442971002802,0.0
 04/10  21:30:00,2207.131333621727,0.0
 04/10  21:45:00,2188.9181508908864,0.0
 04/10  22:00:00,2204.490342498436,0.0
 04/10  22:15:00,292.31333333333333,0.0
 04/10  22:30:00,140.37828515458648,0.0
 04/10  22:45:00,97.43164038882482,0.0
 04/10  23:00:00,97.42505121063088,0.0
 04/10  23:15:00,143.41753381467043,0.0
 04/10  23:30:00,90.98,0.0
 04/10  23:45:00,109.71126541964423,0.0
 04/10  24:00:00,97.43735084610996,0.0
 04/11  00:15:00,118.8964101278855,0.0
 04/11  00:30:00,143.42207547046928,0.0
 04/11  00:45:00,81.78,0.0
 04/11  01:00:00,97.44855173597774,0.0
 04/11  01:15:00,97.44137188994654,0.0
 04/11  01:30:00,140.3675046356411,0.0
 04/11  01:45:00,143.42695091502034,0.0
 04/11  02:00:00,112.75304463830112,0.0
 04/11  02:15:00,44.97999999999999,0.0
 04/11  02:30:00,115.84733163035406,0.0
 04/11  02:45:00,143.44036070533278,0.0
 04/11  03:00:00,137.30004006142286,0.0
 04/11  03:15:00,97.42653949173376,0.0
 04/11  03:30:00,97.41971087346025,0.0
 04/11  03:45:00,84.84666666666666,0.0
 04/11  04:00:00,143.44831277612622,0.0
 04/11  04:15:00,115.84096621684988,0.0
 04/11  04:30:00,97.4335295841344,0.0
 04/11  04:45:00,112.75933484379216,0.0
 04/11  05:00:00,90.98,0.0
 04/11  05:15:00,159.0526167580947,0.0
 04/11  05:30:00,377.4451188987748,0.0
 04/11  05:45:00,143.43752817640467,0.0
 04/11  06:00:00,143.42984317812017,0.0
 04/11  06:15:00,143.42155541450455,5.309656472469296
 04/11  06:30:00,90.98,6.813863894835286
 04/11  06:45:00,97.44656953362356,19.685809661619626
 04/11  07:00:00,97.438135871249,32.224817695404326
 04/11  07:15:00,131.16372098333613,45.29648461140739
 04/11  07:30:00,143.4225759408352,58.68790199006622
 04/11  07:45:00,2060.3017993687768,76.42614969582796
 04/11  08:00:00,3493.7371429951327,94.76763419421093
 04/11  08:15:00,1649.790639283895,113.58154110103183
 04/11  08:30:00,1701.1558403155502,132.82454086376794
 04/11  08:45:00,1692.3004701442524,151.5713541626143
 04/11  09:00:00,3482.994480368879,170.81794600263498
 04/11  09:15:00,2103.6250641444326,190.57480145080046
 04/11  09:30:00,2122.545566990342,210.79016894426587
 04/11  09:45:00,2123.2185750534877,208.13097139358408
 04/11  10:00:00,2102.0748621633275,205.20073589096273
 04/11  10:15:00,7937.732524827563,201.9409335278379
 04/11  10:30:00,5764.827094917095,198.39018027348865
 04/11  10:45:00,2788.3216876764595,182.43852003654698
 04/11  11:00:00,2182.9458234999097,166.68128583657065
 04/11  11:15:00,51.11333333333332,151.0486071141208
 04/11  11:30:00,97.42911990220546,135.5678368834806
 04/11  11:45:00,125.02578255348462,137.36632984520693
 04/11  12:00:00,143.4144053882436,139.11198011891364
 04/11  12:15:00,75.64666666666666,140.9459616432228
 04/11  12:30:00,97.41954930495685,142.77372582588472
 04/11  12:45:00,100.4758426249743,141.93803229469026
 04/11  13:00:00,143.3986598344822,141.10781005462667
 04/11  13:15:00,90.98,140.52474026299492
 04/11  13:30:00,106.6269664501392,139.93896686312814
 04/11  13:45:00,97.420899623436,136.644257529894
 04/11  14:00:00,121.9484626375008,133.35132663377274
 04/11  14:15:00,90.98,129.8344649457796
 04/11  14:30:00,131.1733871358943,126.33145244180176
 04/11  14:45:00,97.43186366454994,120.36780675289543
 04/11  15:00:00,97.42363208589778,114.44173437489229
 04/11  15:15:00,2624.047281891311,108.58243052026549
 04/11  15:30:00,2594.2610483153458,102.74873032514029
 04/11  15:45:00,2225.147737763998,95.1159225631535
 04/11  16:00:00,2098.738567468314,87.53095619526712
 04/11  16:15:00,7960.594487778579,79.96720808754276
 04/11  16:30:00,5791.22075556084,72.45657583680894
 04/11  16:45:00,2858.507944100057,70.55746834244255
 04/11  17:00:00,2367.038312141892,68.66903420927795
 04/11  17:15:00,2133.18553692724,66.79886437538192
 04/11  17:30:00,3476.757224877181,64.92284912892296
 04/11  17:45:00,4639.5710420832565,53.202164143057
 04/11  18:00:00,4312.981329638093,41.647971842869055
 04/11  18:15:00,3962.601104381676,30.237404365254406
 04/11  18:30:00,3313.014915134185,18.858956321257374
 04/11  18:45:00,2084.1657887633,14.325201307529838
 04/11  19:00:00,2114.997551154417,9.79381212952311
 04/11  19:15:00,2083.76500448406,5.266756522693649
 04/11  19:30:00,2070.280207194491,0.0
 04/11  19:45:00,2258.349706825942,0.0
 04/11  20:00:00,2282.920422143101,0.0
 04/11  20:15:00,2273.717186477412,0.0
 04/11  20:30:00,2233.529468405576,0.0
 04/11  20:45:00,2234.231779443737,0.0
 04/11  21:00:00,2274.6638634240608,0.0
 04/11  21:15:00,2281.1178403607387,0.0
 04/11  21:30:00,2253.779262992977,0.0
 04/11  21:45:00,2235.3409166606625,0.0
 04/11  22:00:00,2250.5708434039907,0.0
 04/11  22:15:00,292.31333333333333,0.0
 04/11  22:30:00,140.38427391930014,0.0
 04/11  22:45:00,97.43625183927088,0.0
 04/11  23:00:00,97.4451909642484,0.0
 04/11  23:15:00,2014.945628042357,0.0
 04/11  23:30:00,1253.5069333333329,0.0
 04/11  23:45:00,1555.8255193648556,0.0
 04/11  24:00:00,118.10625127662684,0.0
 04/12  00:15:00,118.90574895651856,0.0
 04/12  00:30:00,143.42018996004546,0.0
 04/12  00:45:00,81.78,0.0
 04/12  01:00:00,97.4467303956822,0.0
 04/12  01:15:00,97.43948748200144,0.0
 04/12  01:30:00,140.36557255428144,0.0
 04/12  01:45:00,143.42498678584988,0.0
 04/12  02:00:00,112.75106492711114,0.0
 04/12  02:15:00,44.97999999999999,0.0
 04/12  02:30:00,115.84648836564958,0.0
 04/12  02:45:00,143.44018729992794,0.0
 04/12  03:00:00,137.3006156423905,0.0
 04/12  03:15:00,97.42777631703056,0.0
 04/12  03:30:00,87.69319141660674,0.0
 04/12  03:45:00,94.57547107717058,0.0
 04/12  04:00:00,143.45190554492967,0.0
 04/12  04:15:00,115.84495268101269,0.0
 04/12  04:30:00,97.43791614144811,0.0
 04/12  04:45:00,112.7641279189032,0.0
 04/12  05:00:00,143.4235871497767,0.0
 04/12  05:15:00,106.58,0.0
 04/12  05:30:00,377.45179626009946,0.0
 04/12  05:45:00,143.44503333536272,0.0
 04/12  06:00:00,143.4382236995931,0.0
 04/12  06:15:00,143.4311983987709,3.5424659767418625
 04/12  06:30:00,143.4241057604104,4.538103519428826
 04/12  06:45:00,44.97999999999999,10.234743645230296
 04/12  07:00:00,97.45185127373962,15.94169376104763
 04/12  07:15:00,131.17851753354066,21.658354495746394
 04/12  07:30:00,143.4384890555781,27.382600012250773
 04/12  07:45:00,2166.1949701223025,35.412983943910305
 04/12  08:00:00,3516.0140688206225,43.454704276758264
 04/12  08:15:00,1676.5842774584144,51.50796329953468
 04/12  08:30:00,1726.9185399225328,59.69208895002396
 04/12  08:45:00,1718.4964391205965,67.74582279054381
 04/12  09:00:00,3549.7532442354086,75.8638373237972
 04/12  09:15:00,2154.4464527644764,84.0441148090354
 04/12  09:30:00,2174.1496337626163,92.28554517186281
 04/12  09:45:00,2176.537393377825,98.94543694774514
 04/12  10:00:00,2156.8811030835814,105.64859240008967
 04/12  10:15:00,7939.150474390179,112.37877152278827
 04/12  10:30:00,5781.537498203131,119.1396047531059
 04/12  10:45:00,2849.571566839123,123.63374425961484
 04/12  11:00:00,2217.2466590707063,128.13785870287504
 04/12  11:15:00,51.11333333333332,132.70943919747828
 04/12  11:30:00,97.4517429142264,137.30027019445546
 04/12  11:45:00,125.04459584339956,139.60872377366556
 04/12  12:00:00,143.43733997214878,141.93342229014678
 04/12  12:15:00,128.09697522038036,144.25197207753706
 04/12  12:30:00,97.423209787451,146.57448674989425
 04/12  12:45:00,48.04666666666666,145.481567245661
 04/12  13:00:00,143.45098377872728,144.39094774152485
 04/12  13:15:00,143.4436341976823,143.2858372718958
 04/12  13:30:00,106.63617765224798,142.18317816089578
 04/12  13:45:00,97.42861216857531,138.58506283515078
 04/12  14:00:00,121.95426929772186,135.00224304883972
 04/12  14:15:00,90.98,131.3924402280705
 04/12  14:30:00,131.18041715260728,127.79922778527762
 04/12  14:45:00,97.43916971406335,121.73867649443157
 04/12  15:00:00,97.43112206560264,115.7217112761411
 04/12  15:15:00,2671.7021939650053,109.72110480924012
 04/12  15:30:00,2645.3416268488245,103.76318618143367
 04/12  15:45:00,2286.015752517241,108.51838557343663
 04/12  16:00:00,2147.6644175577608,113.20855536299032
 04/12  16:15:00,7960.630906475245,117.86832095088796
 04/12  16:30:00,5828.380774672272,122.47142332722115
 04/12  16:45:00,2902.8071834914936,138.02382380172523
 04/12  17:00:00,2407.752421694276,143.2232792436383
 04/12  17:15:00,2172.194835201165,149.99576213547888
 04/12  17:30:00,3531.14765718384,145.58162374968848
 04/12  17:45:00,4852.45878532371,108.64330757862997
 04/12  18:00:00,4488.573845884612,76.70994639758031
 04/12  18:15:00,4009.796017156276,48.3298411360184
 04/12  18:30:00,3364.8647973988377,27.142134970280438
 04/12  18:45:00,2120.8489664955746,20.745571631496023
 04/12  19:00:00,2152.4966517782027,14.335631639463495
 04/12  19:15:00,2121.689567318019,7.914157582443657
 04/12  19:30:00,2108.5587781256345,0.0
 04/12  19:45:00,2297.5199070433623,0.0
 04/12  20:00:00,2322.217431008862,0.0
 04/12  20:15:00,2312.902288645736,0.0
 04/12  20:30:00,2272.0747451368225,0.0
 04/12  20:45:00,2272.001031817222,0.0
 04/12  21:00:00,2311.9299962287123,0.0
 04/12  21:15:00,2318.1518004006057,0.0
 04/12  21:30:00,2290.563161861548,0.0
 04/12  21:45:00,2271.8036296290343,0.0
 04/12  22:00:00,2286.687497344441,0.0
 04/12  22:15:00,292.31333333333333,0.0
 04/12  22:30:00,140.3753993633718,0.0
 04/12  22:45:00,97.42390189495327,0.0
 04/12  23:00:00,97.4346199307939,0.0
 04/12  23:15:00,1866.353,0.0
 04/12  23:30:00,1017.1449158855462,0.0
 04/12  23:45:00,194.4462382279466,0.0
 04/12  24:00:00,182.1781484705768,0.0
 04/13  00:15:00,152.7843157428668,0.0
 04/13  00:30:00,143.41557210100868,0.0
 04/13  00:45:00,81.78,0.0
 04/13  01:00:00,97.44269924107354,0.0
 04/13  01:15:00,97.43465035385348,0.0
 04/13  01:30:00,140.3598321070818,0.0
 04/13  01:45:00,143.4182424586216,0.0
 04/13  02:00:00,60.313333333333325,0.0
 04/13  02:15:00,97.44316149568876,0.0
 04/13  02:30:00,115.83456053299346,0.0
 04/13  02:45:00,143.42581290351066,0.0
 04/13  03:00:00,137.28358232025403,0.0
 04/13  03:15:00,44.97999999999999,0.0
 04/13  03:30:00,97.43855431973934,0.0
 04/13  03:45:00,137.29498854560518,0.0
 04/13  04:00:00,143.41781124905918,0.0
 04/13  04:15:00,115.80785903273323,0.0
 04/13  04:30:00,44.97999999999999,0.0
 04/13  04:45:00,112.7628983773815,0.0
 04/13  05:00:00,143.41946248296392,0.0
 04/13  05:15:00,159.01135915065026,0.0
 04/13  05:30:00,324.97999999999985,0.0
 04/13  05:45:00,143.43730638819807,0.0
 04/13  06:00:00,143.42981839678913,6.251746026961492
 04/13  06:15:00,143.4208791798415,9.376911774614094
 04/13  06:30:00,143.41183488939706,12.078521023652748
 04/13  06:45:00,44.97999999999999,26.471193913299892
 04/13  07:00:00,97.43551789014674,42.5532271105269
 04/13  07:15:00,131.16040273352422,62.050255697596754
 04/13  07:30:00,1843.325979151953,87.19737170068885
 04/13  07:45:00,2162.3844916594358,114.26696867920668
 04/13  08:00:00,3535.301884063097,145.05119680755354
 04/13  08:15:00,1685.343389565703,179.01353659717935
 04/13  08:30:00,1739.2984599063357,215.91948071972098
 04/13  08:45:00,3630.363686003689,248.92747551331155
 04/13  09:00:00,3520.120103252692,283.4724855542461
 04/13  09:15:00,2141.700126814754,329.0932804945861
 04/13  09:30:00,2166.865691990561,367.36066745271546
 04/13  09:45:00,2177.1969513827075,333.20809953279127
 04/13  10:00:00,2158.1183184285187,303.79037302725794
 04/13  10:15:00,2128.149305293925,255.56332336789012
 04/13  10:30:00,2132.300960871161,201.66660242044833
 04/13  10:45:00,2171.862163641776,210.3347890434649
 04/13  11:00:00,2171.4950007840143,218.85604149159437
 04/13  11:15:00,1660.042252138727,227.33249735020354
 04/13  11:30:00,1633.5433107162144,235.7894138316745
 04/13  11:45:00,1655.328810621269,212.8180428606782
 04/13  12:00:00,1673.4539805299758,190.05964711634485
 04/13  12:15:00,2206.503605545585,168.10015209374302
 04/13  12:30:00,2140.937867334283,146.02030233130023
 04/13  12:45:00,2134.150561237248,211.51847635421993
 04/13  13:00:00,2179.29421691294,266.3671654734997
 04/13  13:15:00,2170.1424591179007,320.36626429908154
 04/13  13:30:00,2122.5848607895405,374.1881063154542
 04/13  13:45:00,2107.957277839393,429.5147018440778
 04/13  14:00:00,2128.447172109471,463.913936805965
 04/13  14:15:00,2145.0833570800514,495.0923486266892
 04/13  14:30:00,2127.4869171985365,539.2087003980852
 04/13  14:45:00,2088.160857192935,547.7064150906847
 04/13  15:00:00,2082.776000866308,565.9389269827428
 04/13  15:15:00,2537.7798212851485,567.97631320912
 04/13  15:30:00,2532.121691989545,563.9926112521808
 04/13  15:45:00,2186.7748909466263,520.4720869193595
 04/13  16:00:00,2060.254830758511,476.60854056915724
 04/13  16:15:00,2080.907847968486,432.382203361565
 04/13  16:30:00,7983.720054781012,388.05675570456106
 04/13  16:45:00,5849.639524605096,325.05697612340236
 04/13  17:00:00,2974.9069871578963,259.94359717836403
 04/13  17:15:00,2185.0039570076624,210.88813746386518
 04/13  17:30:00,2122.043942509979,164.23445611363275
 04/13  17:45:00,4492.96572025216,124.68927214688188
 04/13  18:00:00,4712.962552462102,90.75789440204062
 04/13  18:15:00,3985.328535049233,60.96152352654688
 04/13  18:30:00,3333.8719259317395,39.2834882058967
 04/13  18:45:00,2090.358992087316,29.657046492756475
 04/13  19:00:00,2119.923805854217,20.54851166195144
 04/13  19:15:00,7953.069413776792,11.47425309438406
 04/13  19:30:00,5779.0621360595405,0.0
 04/13  19:45:00,2735.871644382779,0.0
 04/13  20:00:00,2320.308186577888,0.0
 04/13  20:15:00,2280.1607525546915,0.0
 04/13  20:30:00,2238.2906407927417,0.0
 04/13  20:45:00,2239.9287331364226,0.0
 04/13  21:00:00,2280.2713412288235,0.0
 04/13  21:15:00,2286.0682907694354,0.0
 04/13  21:30:00,2258.3827068625487,0.0
 04/13  21:45:00,2239.8854688782258,0.0
 04/13  22:00:00,2255.0758442248507,0.0
 04/13  22:15:00,2000.218437008493,0.0
 04/13  22:30:00,87.91333333333333,0.0
 04/13  22:45:00,97.44156953162228,0.0
 04/13  23:00:00,97.42728921639184,0.0
 04/13  23:15:00,2003.6169689197675,0.0
 04/13  23:30:00,1870.00694682658,0.0
 04/13  23:45:00,171.03473912011373,0.0
 04/13  24:00:00,195.12255187193892,0.0
 04/14  00:15:00,216.5863376134547,0.0
 04/14  00:30:00,241.1112392347092,0.0
 04/14  00:45:00,179.47263000000004,0.0
 04/14  01:00:00,195.1360511482177,0.0
 04/14  01:15:00,123.48769010514806,0.0
 04/14  01:30:00,140.36261837881565,0.0
 04/14  01:45:00,143.42231407427377,0.0
 04/14  02:00:00,112.7487461410832,0.0
 04/14  02:15:00,44.97999999999999,0.0
 04/14  02:30:00,115.84263366046824,0.0
 04/14  02:45:00,143.43546595593648,0.0
 04/14  03:00:00,137.29496185233066,0.0
 04/14  03:15:00,97.4216296744834,0.0
 04/14  03:30:00,44.97999999999999,0.0
 04/14  03:45:00,137.31719967145764,0.0
 04/14  04:00:00,143.44437229748445,0.0
 04/14  04:15:00,115.83709248092296,0.0
 04/14  04:30:00,97.4297408202208,0.0
 04/14  04:45:00,112.7556497457609,0.0
 04/14  05:00:00,90.98,0.0
 04/14  05:15:00,159.04919155865016,0.0
 04/14  05:30:00,377.44166806355895,0.0
 04/14  05:45:00,143.43405136107637,0.0
 04/14  06:00:00,143.4263401228498,4.322981461686527
 04/14  06:15:00,143.41853263721518,6.482635239708144
 04/14  06:30:00,90.98,8.32345028071366
 04/14  06:45:00,97.44484739920664,18.21796651848555
 04/14  07:00:00,97.43707128411684,28.088823454981988
 04/14  07:15:00,131.1628688920717,37.919076102049125
 04/14  07:30:00,1809.746057880125,47.91841647132365
 04/14  07:45:00,2152.4171024339166,61.152680957104735
 04/14  08:00:00,3518.2274342279115,74.59326189020102
 04/14  08:15:00,1676.6638034258085,88.10170129788109
 04/14  08:30:00,1731.2509232866123,101.73198053415558
 04/14  08:45:00,3608.095588773574,99.4610064062621
 04/14  09:00:00,3500.1098512271637,97.20226329081058
 04/14  09:15:00,2125.7873345156254,95.00096920489712
 04/14  09:30:00,2151.155261817844,92.82750993187861
 04/14  09:45:00,2162.755611616648,119.35493355043737
 04/14  10:00:00,2143.919335650404,146.44248254404238
 04/14  10:15:00,2113.776844888074,174.223769763922
 04/14  10:30:00,2117.020630321488,202.58942932498962
 04/14  10:45:00,2154.93939319367,273.6823531948594
 04/14  11:00:00,2152.5950269853583,349.9208601879869
 04/14  11:15:00,1649.605197445591,413.14275796148405
 04/14  11:30:00,1626.864089303226,477.77926119601
 04/14  11:45:00,1647.922267383707,508.43904578212
 04/14  12:00:00,1665.5446268339615,557.1433205854091
 04/14  12:15:00,2186.735226730953,586.5957881153785
 04/14  12:30:00,2111.554100060834,615.1748282445917
 04/14  12:45:00,2090.4582114841783,589.7846268474556
 04/14  13:00:00,2131.4410218253524,544.9507864854312
 04/14  13:15:00,2122.516781287807,518.5268305978001
 04/14  13:30:00,2077.542729072584,491.2249258172461
 04/14  13:45:00,2065.4800084517688,429.91789510927777
 04/14  14:00:00,2088.990986164033,351.4005140854244
 04/14  14:15:00,2110.318361372156,292.4022141950801
 04/14  14:30:00,2098.6112030320373,219.6942048921294
 04/14  14:45:00,2066.491236794977,244.72416604257296
 04/14  15:00:00,2067.753284306272,253.73339853128192
 04/14  15:15:00,2526.948040371298,261.1787093577022
 04/14  15:30:00,2524.010816120587,267.5548282955662
 04/14  15:45:00,2181.0562809595376,260.7934495327144
 04/14  16:00:00,2055.4410988976515,252.95578948675967
 04/14  16:15:00,2076.854573195937,244.40579678643246
 04/14  16:30:00,7983.713986554507,243.37139775124058
 04/14  16:45:00,5847.260010633237,195.90095494204837
 04/14  17:00:00,2972.697404696281,160.18844231876193
 04/14  17:15:00,2183.4589160382698,127.33708835658682
 04/14  17:30:00,2120.330647101664,94.50772285276337
 04/14  17:45:00,4466.507991743101,77.31135255639244
 04/14  18:00:00,4690.519623843773,60.72111695332377
 04/14  18:15:00,3981.3956693385385,44.81744212066176
 04/14  18:30:00,3329.705309246033,29.557160107917095
 04/14  18:45:00,2086.748709721684,22.349152827777157
 04/14  19:00:00,2115.436317205097,15.138362138017563
 04/14  19:15:00,7953.061448098375,7.936626686613771
 04/14  19:30:00,5775.168362415597,0.0
 04/14  19:45:00,2731.429154045254,0.0
 04/14  20:00:00,2316.326068856955,0.0
 04/14  20:15:00,2275.901036450546,0.0
 04/14  20:30:00,2233.6264793170944,0.0
 04/14  20:45:00,2234.765312635596,0.0
 04/14  21:00:00,2274.566061461233,0.0
 04/14  21:15:00,2279.991831334806,0.0
 04/14  21:30:00,2252.0041039407256,0.0
 04/14  21:45:00,2233.299727268675,0.0
 04/14  22:00:00,2248.3155917341146,0.0
 04/14  22:15:00,1998.5000020455143,0.0
 04/14  22:30:00,87.91333333333333,0.0
 04/14  22:45:00,97.44832070174202,0.0
 04/14  23:00:00,97.43598824894931,0.0
 04/14  23:15:00,188.77493930398683,0.0
 04/14  23:30:00,982.6516620477656,0.0
 04/14  23:45:00,102.59264666666668,0.0
 04/14  24:00:00,142.7958876196584,0.0
 04/15  00:15:00,164.255345794562,0.0
 04/15  00:30:00,188.781408313725,0.0
 04/15  00:45:00,179.574082759009,0.0
 04/15  01:00:00,142.7667021298536,0.0
 04/15  01:15:00,1016.493656,0.0
 04/15  01:30:00,1376.513194951851,0.0
 04/15  01:45:00,188.79629410517896,0.0
 04/15  02:00:00,158.12173380779873,0.0
 04/15  02:15:00,130.67719077933316,0.0
 04/15  02:30:00,63.38,0.0
 04/15  02:45:00,143.45008271563188,0.0
 04/15  03:00:00,137.3093160452001,0.0
 04/15  03:15:00,97.43515751745755,0.0
 04/15  03:30:00,97.42760675332411,0.0
 04/15  03:45:00,137.28666337270846,0.0
 04/15  04:00:00,90.98,0.0
 04/15  04:15:00,115.84823661099485,0.0
 04/15  04:30:00,97.44247448508416,0.0
 04/15  04:45:00,112.77016774872985,0.0
 04/15  05:00:00,143.43132111971315,0.0
 04/15  05:15:00,159.02458636901844,0.0
 04/15  05:30:00,324.97999999999985,0.0
 04/15  05:45:00,143.45316614183722,0.0
 04/15  06:00:00,143.4466368663295,10.257360260940063
 04/15  06:15:00,143.43991270866076,15.381895304928689
 04/15  06:30:00,143.43314293364668,19.428662614126296
 04/15  06:45:00,97.42632736739418,31.196209629767345
 04/15  07:00:00,44.97999999999999,48.13124657874898
 04/15  07:15:00,131.1867769192324,73.21110677560668
 04/15  07:30:00,143.44545316738245,105.43420376394309
 04/15  07:45:00,2183.771434178944,134.80320642636957
 04/15  08:00:00,3526.556191722947,165.41589686399138
 04/15  08:15:00,1680.1760256225082,194.27183575712513
 04/15  08:30:00,1729.7569757101971,221.32403891516452
 04/15  08:45:00,1720.103789513043,216.2690931642218
 04/15  09:00:00,3541.593278531085,199.00939315759052
 04/15  09:15:00,2141.4014060648788,185.3722322244613
 04/15  09:30:00,2159.6589176688003,159.96523577489282
 04/15  09:45:00,2162.176753816909,171.8524916564538
 04/15  10:00:00,2142.4366730001893,183.58122877319536
 04/15  10:15:00,7939.135712687645,195.22596433567898
 04/15  10:30:00,5767.518769967149,206.85903438227862
 04/15  10:45:00,2832.680013719169,214.74705734678005
 04/15  11:00:00,2200.7163140177154,222.6539200791237
 04/15  11:15:00,51.11333333333332,230.41409534048026
 04/15  11:30:00,97.43343186715676,238.14363481109768
 04/15  11:45:00,125.0300921634923,334.0722325249298
 04/15  12:00:00,143.40260027079827,431.90621060898576
 04/15  12:15:00,75.64666666666666,512.0096522538732
 04/15  12:30:00,97.4234541359442,609.2437808192925
 04/15  12:45:00,100.47966761058404,618.1224198668979
 04/15  13:00:00,143.40237226436955,627.1294369046084
 04/15  13:15:00,90.98,634.5680150162543
 04/15  13:30:00,106.62199174253756,640.1622191090817
 04/15  13:45:00,97.41090197127662,652.1708405990939
 04/15  14:00:00,121.93292150719672,646.3607895195321
 04/15  14:15:00,90.98,638.5104168567984
 04/15  14:30:00,131.1517416120563,628.1838784259444
 04/15  14:45:00,97.40692437178464,501.1324814151074
 04/15  15:00:00,97.39520438130631,362.3714152760637
 04/15  15:15:00,2609.130200943415,232.2400070212109
 04/15  15:30:00,2591.748763184348,104.1378380364626
 04/15  15:45:00,2224.910789918338,170.63237108706932
 04/15  16:00:00,2098.5729887997595,227.24779051806246
 04/15  16:15:00,7960.59427781154,280.7532969323028
 04/15  16:30:00,5786.255842070292,330.87228117539394
 04/15  16:45:00,2849.326164849883,289.2052228105555
 04/15  17:00:00,2354.5405840220847,241.96275579995742
 04/15  17:15:00,2119.743823200254,195.3123076544881
 04/15  17:30:00,3474.1613213753863,149.28663500879927
 04/15  17:45:00,4758.474661421102,114.18448234590653
 04/15  18:00:00,4416.286509121554,83.89176585041801
 04/15  18:15:00,3965.934107338948,57.027217892200646
 04/15  18:30:00,3316.898877442753,37.33404927055284
 04/15  18:45:00,2080.4360189214026,28.400755283561853
 04/15  19:00:00,2109.5037480521123,19.554981655863187
 04/15  19:15:00,2078.8096623914016,10.522090087415588
 04/15  19:30:00,2065.7582315768263,0.0
 04/15  19:45:00,2254.177650160885,0.0
 04/15  20:00:00,2279.1114550804195,0.0
 04/15  20:15:00,2269.832596465715,0.0
 04/15  20:30:00,2229.40619024085,0.0
 04/15  20:45:00,2229.8464844332907,0.0
 04/15  21:00:00,2270.024968412455,0.0
 04/15  21:15:00,2276.2447385982086,0.0
 04/15  21:30:00,2248.689297839549,0.0
 04/15  21:45:00,2230.073100931218,0.0
 04/15  22:00:00,2245.151738848078,0.0
 04/15  22:15:00,292.31333333333333,0.0
 04/15  22:30:00,140.3738208777506,0.0
 04/15  22:45:00,97.4418600636621,0.0
 04/15  23:00:00,97.43342818979276,0.0
 04/15  23:15:00,90.98,0.0
 04/15  23:30:00,143.44063504058406,0.0
 04/15  23:45:00,109.69844092800872,0.0
 04/15  24:00:00,97.42279343118214,0.0
 04/16  00:15:00,118.88035706893083,0.0
 04/16  00:30:00,90.98,0.0
 04/16  00:45:00,134.2371380876853,0.0
 04/16  01:00:00,97.42806523998826,0.0
 04/16  01:15:00,97.4185296025316,0.0
 04/16  01:30:00,140.34216026387622,0.0
 04/16  01:45:00,90.98,0.0
 04/16  02:00:00,112.76441646726836,0.0
 04/16  02:15:00,97.42112124483654,0.0
 04/16  02:30:00,115.81096608070187,0.0
 04/16  02:45:00,90.98,0.0
 04/16  03:00:00,137.2986789756686,0.0
 04/16  03:15:00,97.4225504567203,0.0
 04/16  03:30:00,97.4129850098296,0.0
 04/16  03:45:00,137.26998166840556,0.0
 04/16  04:00:00,90.98,0.0
 04/16  04:15:00,115.82558659644806,0.0
 04/16  04:30:00,97.41568096336778,0.0
 04/16  04:45:00,112.73896340604652,0.0
 04/16  05:00:00,90.98,0.0
 04/16  05:15:00,159.02685871789774,0.0
 04/16  05:30:00,377.4164521508448,0.0
 04/16  05:45:00,143.40585607288892,0.0
 04/16  06:00:00,90.98,3.113921032011705
 04/16  06:15:00,143.42608822461864,4.49057165058751
 04/16  06:30:00,143.41539158573494,5.985580933051925
 04/16  06:45:00,97.40449704901866,12.180574144271326
 04/16  07:00:00,44.97999999999999,18.380195437962296
 04/16  07:15:00,131.15756981033087,24.581483044568444
 04/16  07:30:00,143.41342471261126,30.783240756008144
 04/16  07:45:00,2169.3872842028304,48.34283121151658
 04/16  08:00:00,3514.704176704229,66.13758197363164
 04/16  08:15:00,1671.1961722508606,84.20283713647422
 04/16  08:30:00,1721.8230656053988,102.54407766114815
 04/16  08:45:00,1712.6208781786115,115.58133270982326
 04/16  09:00:00,3522.8569211723893,128.8483359451749
 04/16  09:15:00,2121.5199544191414,142.32622939078283
 04/16  09:30:00,2144.2069852268637,155.9905310547257
 04/16  09:45:00,2145.783656537014,167.20768838870583
 04/16  10:00:00,2124.5184495394665,178.75722408405701
 04/16  10:15:00,7939.11760063882,190.53718444991821
 04/16  10:30:00,5750.378232503102,202.5437169342594
 04/16  10:45:00,2812.280147825192,210.12175095872246
 04/16  11:00:00,2180.842026147916,217.7098666595097
 04/16  11:15:00,51.11333333333333,225.509132632744
 04/16  11:30:00,97.4015045162036,233.29630355321876
 04/16  11:45:00,124.99630653175348,236.80171543389008
 04/16  12:00:00,90.98,240.280365937134
 04/16  12:15:00,128.06412794436187,243.56781856625457
 04/16  12:30:00,97.38390078905356,246.78044873590522
 04/16  12:45:00,48.04666666666666,219.83920272024835
 04/16  13:00:00,143.39799779967194,193.33219412193512
 04/16  13:15:00,143.385881316247,167.2371693458606
 04/16  13:30:00,54.17999999999999,141.363302901379
 04/16  13:45:00,97.40329226265156,159.5328194288203
 04/16  14:00:00,121.92484939338364,177.6803441314995
 04/16  14:15:00,143.37760570460114,195.7281571699671
 04/16  14:30:00,78.71333333333334,213.88206115119442
 04/16  14:45:00,97.39125788946542,204.41264803644552
 04/16  15:00:00,97.37698396539366,195.0599198895769
 04/16  15:15:00,2608.5210210233013,185.83481151420784
 04/16  15:30:00,2594.279815476425,176.46848573094871
 04/16  15:45:00,2226.809342202967,162.9262336511459
 04/16  16:00:00,2100.4859851998417,149.66073664105613
 04/16  16:15:00,7960.584191610434,136.61216634310227
 04/16  16:30:00,5787.655911108657,123.89067250504819
 04/16  16:45:00,2856.665873508354,109.93392384150161
 04/16  17:00:00,2366.167249141132,96.22483080558021
 04/16  17:15:00,2132.253697847589,82.78802899587204
 04/16  17:30:00,3488.6194516572077,69.62644121678902
 04/16  17:45:00,4786.348919803898,61.60664492523932
 04/16  18:00:00,4432.263570444438,53.61244556086777
 04/16  18:15:00,3975.6850740536256,45.69718733690536
 04/16  18:30:00,3324.637137087154,37.813203503057096
 04/16  18:45:00,2085.81299744657,29.106316789816464
 04/16  19:00:00,2115.4919211887013,20.547795274823343
 04/16  19:15:00,2084.525684766393,11.758959943150437
 04/16  19:30:00,2071.090973671701,3.098191751814174
 04/16  19:45:00,2091.134854337004,0.0
 04/16  20:00:00,2288.030257367572,0.0
 04/16  20:15:00,2278.6202246932594,0.0
 04/16  20:30:00,2235.1330288391778,0.0
 04/16  20:45:00,2234.1363851509827,0.0
 04/16  21:00:00,2274.394930870423,0.0
 04/16  21:15:00,2280.579277895328,0.0
 04/16  21:30:00,2252.666225751889,0.0
 04/16  21:45:00,2233.638346380694,0.0
 04/16  22:00:00,2248.384699536832,0.0
 04/16  22:15:00,292.31333333333333,0.0
 04/16  22:30:00,140.35559918966487,0.0
 04/16  22:45:00,97.42251682879277,0.0
 04/16  23:00:00,97.39769197971528,0.0
 04/16  23:15:00,1052.6955840000005,0.0
 04/16  23:30:00,203.1083922791065,0.0
 04/16  23:45:00,169.3759071471233,0.0
 04/16  24:00:00,157.0889575164713,0.0
 04/17  00:15:00,70.42589733333332,0.0
 04/17  00:30:00,143.42230587472804,0.0
 04/17  00:45:00,134.21238146436605,0.0
 04/17  01:00:00,97.40234219670393,0.0
 04/17  01:15:00,44.97999999999999,0.0
 04/17  01:30:00,140.3574335662727,0.0
 04/17  01:45:00,143.41419660073873,0.0
 04/17  02:00:00,112.73751166438927,0.0
 04/17  02:15:00,44.97999999999999,0.0
 04/17  02:30:00,115.82803145341528,0.0
 04/17  02:45:00,143.41939811349442,0.0
 04/17  03:00:00,137.27744241882192,0.0
 04/17  03:15:00,44.97999999999999,0.0
 04/17  03:30:00,97.43442506616567,0.0
 04/17  03:45:00,137.29233914207657,0.0
 04/17  04:00:00,143.41688053559773,0.0
 04/17  04:15:00,115.80805067859536,0.0
 04/17  04:30:00,44.97999999999999,0.0
 04/17  04:45:00,112.76576912190072,0.0
 04/17  05:00:00,143.42392877595526,0.0
 04/17  05:15:00,159.01454501585607,0.0
 04/17  05:30:00,370.6874115448139,0.0
 04/17  05:45:00,97.69706978252847,0.0
 04/17  06:00:00,143.42793046662868,9.39670349574692
 04/17  06:15:00,143.41861191201133,13.451553675626801
 04/17  06:30:00,143.40917905905383,18.148991318213906
 04/17  06:45:00,44.97999999999999,30.18726577631101
 04/17  07:00:00,97.43205760554588,42.9135295360599
 04/17  07:15:00,131.15435413071742,56.00847591589826
 04/17  07:30:00,143.4096704235105,69.33144562908149
 04/17  07:45:00,2152.140283272215,86.97126672435928
 04/17  08:00:00,3507.795026260793,105.05157903644563
 04/17  08:15:00,1667.9153215212968,123.56323471432411
 04/17  08:30:00,1720.4870780582464,142.44394161931723
 04/17  08:45:00,1711.1414719477416,146.30394044764628
 04/17  09:00:00,3525.5941009861795,150.23749440889515
 04/17  09:15:00,2127.1441982999445,154.02353276547746
 04/17  09:30:00,2149.475383267264,157.7729191139707
 04/17  09:45:00,2150.7035060275016,168.65020700760255
 04/17  10:00:00,2129.176808161254,179.61307700510793
 04/17  10:15:00,7939.122145736928,190.70500337926217
 04/17  10:30:00,5754.0199398761015,201.8268657464662
 04/17  10:45:00,2816.8690362250927,268.50626260129314
 04/17  11:00:00,2184.787202920143,337.48673515711613
 04/17  11:15:00,51.11333333333333,392.05904264031324
 04/17  11:30:00,97.39945811960132,446.6768909648458
 04/17  11:45:00,124.99146589359762,469.9430579203456
 04/17  12:00:00,90.98,510.55006938648506
 04/17  12:15:00,128.0540321185132,536.476518116922
 04/17  12:30:00,97.3709148480824,563.5646720316254
 04/17  12:45:00,48.04666666666666,565.5689213734762
 04/17  13:00:00,143.37870737723608,567.2965125328282
 04/17  13:15:00,143.36281175743343,565.2753556677911
 04/17  13:30:00,54.17999999999999,561.8364879209888
 04/17  13:45:00,97.37231132040868,549.3312203313724
 04/17  14:00:00,69.51333333333332,536.0259790115533
 04/17  14:15:00,143.38122060376602,522.7947717862834
 04/17  14:30:00,131.09833467598008,508.3148891163585
 04/17  14:45:00,44.97999999999999,447.62452181827825
 04/17  15:00:00,97.37342790349568,375.86730793798006
 04/17  15:15:00,2609.6475246813206,320.7538903038258
 04/17  15:30:00,2563.300848919671,255.52279797941657
 04/17  15:45:00,2192.839197777489,251.4334417958664
 04/17  16:00:00,2065.904910166601,245.0306517698706
 04/17  16:15:00,7960.562352263942,236.8954280039664
 04/17  16:30:00,5759.208072421377,235.67235315385074
 04/17  16:45:00,2820.186229596843,190.533443223296
 04/17  17:00:00,2329.8240845304163,156.83966665984616
 04/17  17:15:00,2095.949362742564,125.98112848977514
 04/17  17:30:00,3440.576129429843,94.8553353842648
 04/17  17:45:00,4444.1970093815,78.29733921358319
 04/17  18:00:00,4127.960439552798,62.17858762218081
 04/17  18:15:00,3912.474155605726,46.65265875345041
 04/17  18:30:00,3280.81567685596,31.74596591988333
 04/17  18:45:00,2052.5807779056054,24.938835313123903
 04/17  19:00:00,2080.8004980096684,18.106511781533662
 04/17  19:15:00,2049.595081702254,11.269101483755419
 04/17  19:30:00,2035.870017063252,4.601161514825167
 04/17  19:45:00,2055.66880325571,0.0
 04/17  20:00:00,2252.2817576961743,0.0
 04/17  20:15:00,2242.472529730556,0.0
 04/17  20:30:00,2198.566479657004,0.0
 04/17  20:45:00,2197.140313046333,0.0
 04/17  21:00:00,2236.982398921403,0.0
 04/17  21:15:00,2243.0862896629424,0.0
 04/17  21:30:00,2215.17253284288,0.0
 04/17  21:45:00,2196.2439917111674,0.0
 04/17  22:00:00,2211.1493114713403,0.0
 04/17  22:15:00,292.31333333333333,0.0
 04/17  22:30:00,140.34361079289354,0.0
 04/17  22:45:00,97.40312108289478,0.0
 04/17  23:00:00,44.97999999999999,0.0
 04/17  23:15:00,143.4095172323547,0.0
 04/17  23:30:00,143.39949694903052,0.0
 04/17  23:45:00,109.6561574010254,0.0
 04/17  24:00:00,44.97999999999999,0.0
 04/18  00:15:00,118.87710718165896,0.0
 04/18  00:30:00,143.39938208649025,0.0
 04/18  00:45:00,81.78,0.0
 04/18  01:00:00,97.41877677483882,0.0
 04/18  01:15:00,97.40968817458354,0.0
 04/18  01:30:00,140.33400372308088,0.0
 04/18  01:45:00,90.98,0.0
 04/18  02:00:00,112.75825315795171,0.0
 04/18  02:15:00,97.41650414627009,0.0
 04/18  02:30:00,115.80816587410348,0.0
 04/18  02:45:00,90.98,0.0
 04/18  03:00:00,137.30035699341863,0.0
 04/18  03:15:00,97.42557049876442,0.0
 04/18  03:30:00,97.41748922748104,0.0
 04/18  03:45:00,137.2761177107465,0.0
 04/18  04:00:00,90.98,0.0
 04/18  04:15:00,115.83617431815084,0.0
 04/18  04:30:00,97.42926348693784,0.0
 04/18  04:45:00,112.75580211935744,0.0
 04/18  05:00:00,143.41579638187048,0.0
 04/18  05:15:00,106.58,0.0
 04/18  05:30:00,377.4424729860818,0.0
 04/18  05:45:00,143.43508568592824,0.0
 04/18  06:00:00,143.42769059805306,14.954651279185056
 04/18  06:15:00,143.4204584073293,19.986421318888098
 04/18  06:30:00,90.98,26.93277153058439
 04/18  06:45:00,97.44806067814451,39.43942511376258
 04/18  07:00:00,97.44121505804956,58.32336816604773
 04/18  07:15:00,131.16467861408594,83.69123385002617
 04/18  07:30:00,143.42113828092957,118.47415882815591
 04/18  07:45:00,2053.913534966649,151.3932552756423
 04/18  08:00:00,3506.9830170344712,190.98596966432157
 04/18  08:15:00,1650.5025898203698,241.78035285220264
 04/18  08:30:00,1703.7120702719258,292.640589556545
 04/18  08:45:00,1693.9180947969462,335.53725109183983
 04/18  09:00:00,3479.123646605944,380.3447097074946
 04/18  09:15:00,2090.959178108472,427.74186324488204
 04/18  09:30:00,2110.483233829088,482.0092221515709
 04/18  09:45:00,2109.321567182362,522.8505689233352
 04/18  10:00:00,2085.966022278006,563.8645904778078
 04/18  10:15:00,7939.0887370268465,601.9254193629731
 04/18  10:30:00,5713.814625606306,638.7442395427037
 04/18  10:45:00,2763.8395049382348,664.524388409141
 04/18  11:00:00,2130.356027401417,688.7581098114897
 04/18  11:15:00,51.11333333333333,719.1996452461867
 04/18  11:30:00,97.38779388688904,741.651668484297
 04/18  11:45:00,72.57999999999998,761.8682446206311
 04/18  12:00:00,143.38361966608238,779.0445778650786
 04/18  12:15:00,128.0350153595076,789.8192765413332
 04/18  12:30:00,44.97999999999999,798.0097604609167
 04/18  12:45:00,100.44556759869344,797.8542622892991
 04/18  13:00:00,143.36343172461451,795.3622040013817
 04/18  13:15:00,90.98,787.7041980966667
 04/18  13:30:00,106.57131841592386,777.3653136039084
 04/18  13:45:00,44.97999999999999,751.6540210376569
 04/18  14:00:00,121.9116536106814,718.8821456622977
 04/18  14:15:00,143.3615673110671,690.4438042627033
 04/18  14:30:00,78.71333333333334,654.9566705992412
 04/18  14:45:00,97.36879572875988,630.5801730424208
 04/18  15:00:00,97.35153387515405,603.364763550904
 04/18  15:15:00,2514.343380041026,573.0393055015651
 04/18  15:30:00,2493.371850018133,541.0662865328645
 04/18  15:45:00,2123.177919269618,499.0019081826193
 04/18  16:00:00,1995.5627937729037,456.9923396665293
 04/18  16:15:00,7960.491383822913,415.03562270762643
 04/18  16:30:00,5696.840940231452,373.38741747464246
 04/18  16:45:00,2679.1277541118943,328.12924540515473
 04/18  17:00:00,2062.2087135844654,283.9642357085602
 04/18  17:15:00,1954.3376117787795,241.2769698706769
 04/18  17:30:00,3147.045844732865,200.2851209232815
 04/18  17:45:00,3819.618464668403,151.27990225070164
 04/18  18:00:00,3501.761381239948,106.35239573336247
 04/18  18:15:00,3368.712432110586,73.86532728686677
 04/18  18:30:00,3073.495590407504,49.15686128034898
 04/18  18:45:00,1895.2634474130425,34.26221155010341
 04/18  19:00:00,1809.963498803833,23.709150747647232
 04/18  19:15:00,1846.7125184658976,14.718495426289062
 04/18  19:30:00,1862.3594464786315,5.3530495836436165
 04/18  19:45:00,1885.2240543504213,0.0
 04/18  20:00:00,1924.86456457834,0.0
 04/18  20:15:00,1952.590870869319,0.0
 04/18  20:30:00,1912.3616551388104,0.0
 04/18  20:45:00,1917.599093508762,0.0
 04/18  21:00:00,1960.2553425520227,0.0
 04/18  21:15:00,1962.9740204737184,0.0
 04/18  21:30:00,1927.594306894072,0.0
 04/18  21:45:00,1908.707067957808,0.0
 04/18  22:00:00,1928.0623977188595,0.0
 04/18  22:15:00,292.31333333333333,0.0
 04/18  22:30:00,140.3444392142752,0.0
 04/18  22:45:00,97.4076696772334,0.0
 04/18  23:00:00,44.97999999999999,0.0
 04/18  23:15:00,2014.9129522887972,0.0
 04/18  23:30:00,1305.9436675070328,0.0
 04/18  23:45:00,1555.772305983937,0.0
 04/18  24:00:00,65.64239999999998,0.0
 04/19  00:15:00,118.87865445717564,0.0
 04/19  00:30:00,143.4021250109471,0.0
 04/19  00:45:00,134.19224343858485,0.0
 04/19  01:00:00,44.97999999999999,0.0
 04/19  01:15:00,97.4147202427148,0.0
 04/19  01:30:00,140.33852070204867,0.0
 04/19  01:45:00,94.65725402361868,0.0
 04/19  02:00:00,109.07904651359068,0.0
 04/19  02:15:00,97.41925080125792,0.0
 04/19  02:30:00,115.8105711329058,0.0
 04/19  02:45:00,143.40193446326126,0.0
 04/19  03:00:00,84.84666666666666,0.0
 04/19  03:15:00,97.42759768957684,0.0
 04/19  03:30:00,97.42014200179412,0.0
 04/19  03:45:00,137.27947363909027,0.0
 04/19  04:00:00,90.98,0.0
 04/19  04:15:00,115.84002625258786,0.0
 04/19  04:30:00,97.4329215456808,0.0
 04/19  04:45:00,112.75922887202134,0.0
 04/19  05:00:00,143.41895276352693,0.0
 04/19  05:15:00,106.58,0.0
 04/19  05:30:00,377.44338782227067,0.0
 04/19  05:45:00,143.43477748294225,0.0
 04/19  06:00:00,143.42603649847229,15.711390671257718
 04/19  06:15:00,143.41800727337835,20.859896284985123
 04/19  06:30:00,90.98,28.01805350826893
 04/19  06:45:00,97.44381736078468,40.870086617921785
 04/19  07:00:00,97.43605601566254,59.507883657048744
 04/19  07:15:00,131.157877653852,83.92793859652969
 04/19  07:30:00,143.4125634926769,114.2755931746028
 04/19  07:45:00,1902.463780349989,147.3998562728312
 04/19  08:00:00,3528.8665607962234,182.6234358065209
 04/19  08:15:00,1618.0564344089798,222.56466207846861
 04/19  08:30:00,1668.4478229745416,266.4978646143219
 04/19  08:45:00,1654.2219651245662,303.1988563396924
 04/19  09:00:00,3392.711363041364,338.9913544012659
 04/19  09:15:00,2033.6185186286225,373.7339045850668
 04/19  09:30:00,2048.3141936103248,407.3087937480586
 04/19  09:45:00,2046.8403936605496,439.6792323654828
 04/19  10:00:00,2023.7195834762765,472.47921755000345
 04/19  10:15:00,7939.02707423788,517.1541254645093
 04/19  10:30:00,5660.595686978693,550.2988289008
 04/19  10:45:00,2620.7004262428245,574.6235711796315
 04/19  11:00:00,1829.895314576185,598.2008185513645
 04/19  11:15:00,51.11333333333333,620.5018060884324
 04/19  11:30:00,97.37871664401275,641.4256295620928
 04/19  11:45:00,72.57999999999998,631.7956394431224
 04/19  12:00:00,143.3728487737804,620.1760784741826
 04/19  12:15:00,128.0227388478137,592.0517409024249
 04/19  12:30:00,44.97999999999999,577.4557010575309
 04/19  12:45:00,100.43028167641955,554.849833029245
 04/19  13:00:00,90.98,531.1047974511197
 04/19  13:15:00,143.36911354270458,488.4164102728195
 04/19  13:30:00,106.55020366255134,462.55626482284725
 04/19  13:45:00,44.97999999999999,428.75581575085334
 04/19  14:00:00,121.88616129090008,395.130859941325
 04/19  14:15:00,90.98,346.64181145617573
 04/19  14:30:00,131.09152444292548,314.9821960112463
 04/19  14:45:00,78.56033327121082,320.0952417938903
 04/19  15:00:00,63.75847412060143,335.9702657636744
 04/19  15:15:00,2200.244873581897,338.4495564314446
 04/19  15:30:00,2172.649148737227,339.3035824041222
 04/19  15:45:00,1867.8795788972395,312.78630706603207
 04/19  16:00:00,1489.6866468839803,287.0188754078098
 04/19  16:15:00,7964.968915769289,252.29270902412978
 04/19  16:30:00,5531.30454481368,228.5119087486236
 04/19  16:45:00,1926.3041564313348,200.80703384174086
 04/19  17:00:00,1857.7511671400423,174.04270179227274
 04/19  17:15:00,1596.3332475963798,148.3701902656028
 04/19  17:30:00,2737.5734396848657,123.94874093354677
 04/19  17:45:00,3367.1609439349527,102.36847391637464
 04/19  18:00:00,3117.858663069738,82.35165364257014
 04/19  18:15:00,2730.7749015666823,64.08528547832837
 04/19  18:30:00,2844.278057035186,47.1926031715349
 04/19  18:45:00,1451.6534114780732,36.37594906974043
 04/19  19:00:00,1449.6881846277442,26.214102434138027
 04/19  19:15:00,1492.8071049844864,16.33938025986074
 04/19  19:30:00,1513.9665805447578,5.863340424829464
 04/19  19:45:00,1555.75140578929,0.0
 04/19  20:00:00,1607.324182276888,0.0
 04/19  20:15:00,1630.588148451855,0.0
 04/19  20:30:00,1601.803724401084,0.0
 04/19  20:45:00,1612.4095420911012,0.0
 04/19  21:00:00,1667.2052449295495,0.0
 04/19  21:15:00,1674.4481256951449,0.0
 04/19  21:30:00,1649.9977006568138,0.0
 04/19  21:45:00,1641.134143494172,0.0
 04/19  22:00:00,1668.767639344124,0.0
 04/19  22:15:00,292.31333333333333,0.0
 04/19  22:30:00,140.3498503379941,0.0
 04/19  22:45:00,97.41376542850868,0.0
 04/19  23:00:00,44.97999999999999,0.0
 04/19  23:15:00,1918.7942175023468,0.0
 04/19  23:30:00,1017.113304202802,0.0
 04/19  23:45:00,194.42927130057564,0.0
 04/19  24:00:00,129.71635999999995,0.0
 04/20  00:15:00,152.7906969376006,0.0
 04/20  00:30:00,143.41979296447334,0.0
 04/20  00:45:00,134.20998213187727,0.0
 04/20  01:00:00,97.40006033628984,0.0
 04/20  01:15:00,44.97999999999999,0.0
 04/20  01:30:00,140.3523481884585,0.0
 04/20  01:45:00,143.40735468240993,0.0
 04/20  02:00:00,112.72872704818884,0.0
 04/20  02:15:00,44.97999999999999,0.0
 04/20  02:30:00,115.81468199114911,0.0
 04/20  02:45:00,143.40335420551042,0.0
 04/20  03:00:00,95.56969108409946,0.0
 04/20  03:15:00,86.6886035833072,0.0
 04/20  03:30:00,97.41761919964031,0.0
 04/20  03:45:00,137.27679605602327,0.0
 04/20  04:00:00,143.4028387967801,0.0
 04/20  04:15:00,63.38,0.0
 04/20  04:30:00,97.42939476657776,0.0
 04/20  04:45:00,112.75548812502456,0.0
 04/20  05:00:00,143.4150406334833,0.0
 04/20  05:15:00,106.58,0.0
 04/20  05:30:00,377.4410407873177,0.0
 04/20  05:45:00,143.433474305865,4.120812122182759
 04/20  06:00:00,143.42592806790393,7.468322431375201
 04/20  06:15:00,143.41603914032936,10.421307402086954
 04/20  06:30:00,90.98,13.62577893397278
 04/20  06:45:00,97.43748748871631,24.449394149749107
 04/20  07:00:00,97.4272172607481,35.04301414804275
 04/20  07:15:00,131.150861906405,45.71937323133382
 04/20  07:30:00,1938.4172296206675,56.570531209346626
 04/20  07:45:00,2085.917238133104,78.23034262484478
 04/20  08:00:00,3348.4169965765645,101.40705353372442
 04/20  08:15:00,1608.4348528824028,126.01961660189768
 04/20  08:30:00,1656.2779584298628,157.42871124673377
 04/20  08:45:00,3280.34414762265,162.64269263617484
 04/20  09:00:00,3365.5643745415146,160.15886515274963
 04/20  09:15:00,2011.601340582367,163.32656527916305
 04/20  09:30:00,2032.5775006664085,165.80560735722952
 04/20  09:45:00,2044.253472134185,177.39587063261172
 04/20  10:00:00,2026.0235211532556,189.17317356913927
 04/20  10:15:00,1996.683599743024,201.01312516394637
 04/20  10:30:00,2000.8516634279613,212.99389873524203
 04/20  10:45:00,2039.821369048672,220.58817554656417
 04/20  11:00:00,2038.9517890770185,228.16231562981002
 04/20  11:15:00,1497.020397093575,235.61633968628632
 04/20  11:30:00,1584.7959917484604,243.01742962991435
 04/20  11:45:00,1577.3265426035862,245.43720697559772
 04/20  12:00:00,1592.5202657861576,247.7276087897453
 04/20  12:15:00,1515.327979523951,250.53966217540133
 04/20  12:30:00,1983.675791222941,253.2326060802393
 04/20  12:45:00,2068.30507739411,253.26508687399019
 04/20  13:00:00,1684.9191115811138,253.25800871830126
 04/20  13:15:00,1831.358681066168,252.96873686317528
 04/20  13:30:00,1749.2843954726006,252.5556264549925
 04/20  13:45:00,1744.1316303103372,246.33838469608474
 04/20  14:00:00,1759.5612900703898,240.0983077421763
 04/20  14:15:00,1769.4016660560378,233.5609881187488
 04/20  14:30:00,1740.088568759169,226.98656116953035
 04/20  14:45:00,1696.5937377320352,216.3971421277553
 04/20  15:00:00,1697.7615910395134,205.87768235845385
 04/20  15:15:00,2124.977132020028,195.37070946520808
 04/20  15:30:00,2055.94836805926,184.93020479655
 04/20  15:45:00,1687.2875612166624,227.32829414457356
 04/20  16:00:00,1571.046194362991,264.0282258423428
 04/20  16:15:00,1754.264214271271,284.2430327490734
 04/20  16:30:00,7985.2153973949235,307.439705893892
 04/20  16:45:00,5759.626651883818,258.27545946945287
 04/20  17:00:00,2393.0527287100404,221.3503154866693
 04/20  17:15:00,1740.8262007242138,187.36084907552993
 04/20  17:30:00,1785.3292492388914,156.87992770342552
 04/20  17:45:00,3679.49108556303,124.00328363754022
 04/20  18:00:00,3384.529527564067,97.85478750691313
 04/20  18:15:00,3120.23000158422,74.2686036299376
 04/20  18:30:00,2923.044853218681,53.482203399575475
 04/20  18:45:00,1826.7340861614307,39.76977731682046
 04/20  19:00:00,1729.2636802328082,28.2720443658079
 04/20  19:15:00,7954.517361971204,17.583740444221974
 04/20  19:30:00,5695.353887835854,6.012814419955484
 04/20  19:45:00,2172.208361077167,0.0
 04/20  20:00:00,1759.8605929318244,0.0
 04/20  20:15:00,2048.9368695350463,0.0
 04/20  20:30:00,1885.8474255467856,0.0
 04/20  20:45:00,1906.5980449960043,0.0
 04/20  21:00:00,1962.2150837034703,0.0
 04/20  21:15:00,1975.6101568856905,0.0
 04/20  21:30:00,1950.6894964804317,0.0
 04/20  21:45:00,1947.7599639089449,0.0
 04/20  22:00:00,1975.490066910344,0.0
 04/20  22:15:00,1921.5130170812536,0.0
 04/20  22:30:00,87.91333333333334,0.0
 04/20  22:45:00,97.46052591847,0.0
 04/20  23:00:00,97.44992860479488,0.0
 04/20  23:15:00,2003.6371857697025,0.0
 04/20  23:30:00,1886.1402291311365,0.0
 04/20  23:45:00,207.42337102423,0.0
 04/20  24:00:00,175.50669335620955,0.0
 04/21  00:15:00,183.77928668204228,0.0
 04/21  00:30:00,241.157398218942,0.0
 04/21  00:45:00,231.9524621320625,0.0
 04/21  01:00:00,195.14753920263928,0.0
 04/21  01:15:00,123.50136820332943,0.0
 04/21  01:30:00,140.3784391361849,0.0
 04/21  01:45:00,143.4402263144139,0.0
 04/21  02:00:00,103.15806026675126,0.0
 04/21  02:15:00,54.59124870676396,0.0
 04/21  02:30:00,115.8689150163634,0.0
 04/21  02:45:00,143.4649190988093,0.0
 04/21  03:00:00,137.32766678442573,0.0
 04/21  03:15:00,97.45682115949404,0.0
 04/21  03:30:00,97.45268242736742,0.0
 04/21  03:45:00,137.31525114238207,0.0
 04/21  04:00:00,143.44452840172,0.0
 04/21  04:15:00,81.98029800181966,0.0
 04/21  04:30:00,78.85425889902136,0.0
 04/21  04:45:00,112.80637257982328,0.0
 04/21  05:00:00,143.46862914651615,0.0
 04/21  05:15:00,159.06386336599107,0.0
 04/21  05:30:00,377.4590408505105,0.0
 04/21  05:45:00,143.45416104452244,5.989062241542395
 04/21  06:00:00,143.44922315988936,11.196794550088283
 04/21  06:15:00,143.44338091267997,15.779604419551555
 04/21  06:30:00,143.43737857967906,20.842148051674226
 04/21  06:45:00,44.97999999999999,36.26227991496916
 04/21  07:00:00,97.4670210514198,54.06851383226331
 04/21  07:15:00,131.19371787877472,77.68145375887048
 04/21  07:30:00,1804.8527097079505,105.59734974363693
 04/21  07:45:00,2083.4800140151465,140.33929843630816
 04/21  08:00:00,3404.193419166078,186.77917717096042
 04/21  08:15:00,1619.179416825332,236.3898353648742
 04/21  08:30:00,1673.287655338859,291.9549860137962
 04/21  08:45:00,3480.3891575941243,344.57861019519675
 04/21  09:00:00,3370.7283461349903,395.63592474119764
 04/21  09:15:00,2041.2833131669304,450.21195762261397
 04/21  09:30:00,2062.698964698397,507.77202787048356
 04/21  09:45:00,2071.901594595492,554.5420559702361
 04/21  10:00:00,2051.815689564476,597.8411563702352
 04/21  10:15:00,2019.8580256790883,640.9184730076743
 04/21  10:30:00,2021.2898597614253,683.4463138327774
 04/21  10:45:00,2057.390554079861,714.7167975895294
 04/21  11:00:00,2053.540662765101,744.3041652575874
 04/21  11:15:00,1581.437166883516,772.1129854260442
 04/21  11:30:00,1562.2237559603186,792.342494367288
 04/21  11:45:00,1582.6255923442009,809.2907409010613
 04/21  12:00:00,1599.5604063887813,823.6019454131515
 04/21  12:15:00,1851.1425160783333,833.9643128627475
 04/21  12:30:00,1895.1271876087087,841.5383955685164
 04/21  12:45:00,1957.521298117257,832.644886951275
 04/21  13:00:00,1589.2839933782382,814.6235895330027
 04/21  13:15:00,1691.5298799781976,793.9079758074795
 04/21  13:30:00,1587.8528751743124,765.7565881994084
 04/21  13:45:00,1539.1384972241565,758.406107964407
 04/21  14:00:00,1529.8720055760652,743.6671525342572
 04/21  14:15:00,1507.3211557883749,725.7601457105957
 04/21  14:30:00,1453.4972808755035,705.036387582428
 04/21  14:45:00,1381.8051032338424,672.2112555555084
 04/21  15:00:00,1351.8339491239358,638.183144940861
 04/21  15:15:00,1760.256853669796,602.9640204951666
 04/21  15:30:00,1669.7150908746703,561.3050566850376
 04/21  15:45:00,1308.8500178645836,522.4148570724004
 04/21  16:00:00,1206.2491626129297,483.0426770219637
 04/21  16:15:00,1399.988429016832,443.459193510474
 04/21  16:30:00,7989.500274443504,403.8508628326832
 04/21  16:45:00,4674.630283364408,351.2958380424616
 04/21  17:00:00,2028.5761397904569,300.7048899819908
 04/21  17:15:00,1587.7746280055107,252.57253785897228
 04/21  17:30:00,1478.9379233186637,206.95961175424665
 04/21  17:45:00,3427.0680592807284,152.30024416727412
 04/21  18:00:00,3043.010733872881,111.51630504919841
 04/21  18:15:00,2786.385223357541,79.75119756334087
 04/21  18:30:00,2628.6793866248627,56.43947397613297
 04/21  18:45:00,1460.8925619182187,40.56633612142709
 04/21  19:00:00,1425.0420045939725,28.458567405477098
 04/21  19:15:00,7958.833671994644,18.237903249443704
 04/21  19:30:00,5269.275976075479,6.66869066578836
 04/21  19:45:00,1795.9689325316635,0.0
 04/21  20:00:00,1709.5234133309643,0.0
 04/21  20:15:00,1608.8476682086598,0.0
 04/21  20:30:00,1556.9929743021291,0.0
 04/21  20:45:00,1564.415818288458,0.0
 04/21  21:00:00,1614.6562958034174,0.0
 04/21  21:15:00,1626.6705535859044,0.0
 04/21  21:30:00,1597.2217694336514,0.0
 04/21  21:45:00,1589.2277279920338,0.0
 04/21  22:00:00,1613.3519968639648,0.0
 04/21  22:15:00,2032.03195513234,0.0
 04/21  22:30:00,87.91333333333334,0.0
 04/21  22:45:00,97.43088348432138,0.0
 04/21  23:00:00,97.41656980512576,0.0
 04/21  23:15:00,188.7536437343985,0.0
 04/21  23:30:00,930.183988,0.0
 04/21  23:45:00,155.04452282984383,0.0
 04/21  24:00:00,142.76927992250938,0.0
 04/22  00:15:00,164.22682973314227,0.0
 04/22  00:30:00,166.8860836003434,0.0
 04/22  00:45:00,148.99424520067726,0.0
 04/22  01:00:00,142.7745554576576,0.0
 04/22  01:15:00,1068.94985824368,0.0
 04/22  01:30:00,1376.4995312927526,0.0
 04/22  01:45:00,136.32598000000002,0.0
 04/22  02:00:00,158.1154863511164,0.0
 04/22  02:15:00,130.68230513776317,0.0
 04/22  02:30:00,115.821041661547,0.0
 04/22  02:45:00,143.4135529236171,0.0
 04/22  03:00:00,84.84666666666666,0.0
 04/22  03:15:00,97.44088608267695,0.0
 04/22  03:30:00,97.43396210507544,0.0
 04/22  03:45:00,137.29377181428933,0.0
 04/22  04:00:00,143.42031909565893,0.0
 04/22  04:15:00,63.38,0.0
 04/22  04:30:00,97.44935683540304,0.0
 04/22  04:45:00,112.77667646232234,0.0
 04/22  05:00:00,143.43742973792465,0.0
 04/22  05:15:00,159.03043728811255,0.0
 04/22  05:30:00,377.4234126202055,0.0
 04/22  05:45:00,90.98,10.057151455129627
 04/22  06:00:00,143.451360766815,18.536025325165756
 04/22  06:15:00,143.44285252041027,24.30260975910808
 04/22  06:30:00,143.4341166578389,32.180146674873406
 04/22  06:45:00,97.4251480596393,45.99440308137912
 04/22  07:00:00,97.415941347903,64.2605067444117
 04/22  07:15:00,78.71333333333334,88.07069048467775
 04/22  07:30:00,143.43795794302764,116.82843091623938
 04/22  07:45:00,1785.1597206471272,147.24093968824954
 04/22  08:00:00,3407.6409243544235,177.59946337967017
 04/22  08:15:00,1620.4332210553812,207.53278983850475
 04/22  08:30:00,1651.2724673756638,236.8455898498508
 04/22  08:45:00,1636.8008816935164,266.81558876736966
 04/22  09:00:00,3330.825676059453,299.69610675522176
 04/22  09:15:00,2041.3659207379903,335.0947530414657
 04/22  09:30:00,2040.2113361456788,382.8577550072421
 04/22  09:45:00,2039.2390449797651,385.0509721379344
 04/22  10:00:00,1837.4645493729688,394.6685521440056
 04/22  10:15:00,7939.102234897784,400.9344287255254
 04/22  10:30:00,5667.583871285351,404.4814075781426
 04/22  10:45:00,2436.9763668351065,421.03160026460966
 04/22  11:00:00,1764.494951169337,437.4272839107901
 04/22  11:15:00,51.11333333333333,454.25346833384356
 04/22  11:30:00,97.40291555705944,470.88689345808484
 04/22  11:45:00,124.99554366417452,427.51450363146125
 04/22  12:00:00,90.98,382.83908618060605
 04/22  12:15:00,128.06020335555178,318.92983319658833
 04/22  12:30:00,97.3790153591884,253.70277080031144
 04/22  12:45:00,48.04666666666666,252.76834350831484
 04/22  13:00:00,143.3910340279702,251.22797371545462
 04/22  13:15:00,143.3753925251758,249.38591650794558
 04/22  13:30:00,54.17999999999999,247.45735861685284
 04/22  13:45:00,97.38486410656726,241.0426446210653
 04/22  14:00:00,121.90184527648316,234.61267562463172
 04/22  14:15:00,90.98,228.3510398973158
 04/22  14:30:00,131.11206373142244,222.03865122402559
 04/22  14:45:00,97.36287319644362,211.99294027639064
 04/22  15:00:00,44.97999999999999,201.9835004973824
 04/22  15:15:00,2402.8292984972413,192.03994084446276
 04/22  15:30:00,2471.182412023884,182.1439802649429
 04/22  15:45:00,2126.118264147923,168.60215706836047
 04/22  16:00:00,1630.925188398923,155.33640596594188
 04/22  16:15:00,7960.6274913097795,142.4088427958429
 04/22  16:30:00,5705.76189978288,129.78826941849783
 04/22  16:45:00,2539.335761695395,122.87635967063284
 04/22  17:00:00,1902.4215197468625,115.95170190813366
 04/22  17:15:00,1844.695471332395,109.03376054903487
 04/22  17:30:00,2802.4376984083547,102.07936057554974
 04/22  17:45:00,3537.3192148649573,82.82821423130729
 04/22  18:00:00,3340.5617784639626,64.1183490213492
 04/22  18:15:00,2812.428329531951,45.97123076564322
 04/22  18:30:00,2950.987638921305,28.040173333129953
 04/22  18:45:00,1724.6692585140554,21.779907927662787
 04/22  19:00:00,1660.1824706277575,15.504915597137666
 04/22  19:15:00,1704.4644374643772,9.233281219081055
 04/22  19:30:00,1724.6833030669031,2.9515880195728426
 04/22  19:45:00,1756.2761400018126,0.0
 04/22  20:00:00,1808.1203941697013,0.0
 04/22  20:15:00,1833.7966564534604,0.0
 04/22  20:30:00,1804.97948979343,0.0
 04/22  20:45:00,1810.9101864209565,0.0
 04/22  21:00:00,1862.6180468475395,0.0
 04/22  21:15:00,1872.3995301732543,0.0
 04/22  21:30:00,1849.774950386291,0.0
 04/22  21:45:00,1842.8545315764816,0.0
 04/22  22:00:00,1874.267882849332,0.0
 04/22  22:15:00,292.31333333333333,0.0
 04/22  22:30:00,140.3662611042277,0.0
 04/22  22:45:00,97.43423871192522,0.0
 04/22  23:00:00,97.42786302236702,0.0
 04/22  23:15:00,90.98,0.0
 04/22  23:30:00,143.43963705660275,0.0
 04/22  23:45:00,109.70001520119068,0.0
 04/22  24:00:00,97.42722139016676,0.0
 04/23  00:15:00,118.88759135220064,0.0
 04/23  00:30:00,90.98,0.0
 04/23  00:45:00,134.25074835364117,0.0
 04/23  01:00:00,97.44519276110306,0.0
 04/23  01:15:00,97.43960976734591,0.0
 04/23  01:30:00,140.3674868837058,0.0
 04/23  01:45:00,143.4288285430922,0.0
 04/23  02:00:00,60.313333333333325,0.0
 04/23  02:15:00,97.45990551582034,0.0
 04/23  02:30:00,115.85450198751349,0.0
 04/23  02:45:00,143.4491575906376,0.0
 04/23  03:00:00,137.31054107405157,0.0
 04/23  03:15:00,97.4378086808797,0.0
 04/23  03:30:00,97.4317076775612,0.0
 04/23  03:45:00,84.84666666666666,0.0
 04/23  04:00:00,143.46144213188688,0.0
 04/23  04:15:00,115.85615580381408,0.0
 04/23  04:30:00,97.45091312771956,0.0
 04/23  04:45:00,112.77904897377078,0.0
 04/23  05:00:00,143.4405648020557,0.0
 04/23  05:15:00,159.03563121134007,0.0
 04/23  05:30:00,324.97999999999985,0.0
 04/23  05:45:00,143.4679665184151,7.148469394036337
 04/23  06:00:00,143.46346070055463,12.145379611600672
 04/23  06:15:00,143.45750294911682,17.572846941849573
 04/23  06:30:00,143.45144013820712,23.00592027309858
 04/23  06:45:00,97.44527087669876,32.41036571577586
 04/23  07:00:00,97.43899343512548,42.08590150266667
 04/23  07:15:00,131.16610879046868,51.92655465286961
 04/23  07:30:00,90.98,61.87354947103129
 04/23  07:45:00,1954.99057228054,64.40356172342753
 04/23  08:00:00,3526.797430079396,66.81796475886819
 04/23  08:15:00,1619.4930311109229,69.15091689374917
 04/23  08:30:00,1670.4786745824506,71.45259021636154
 04/23  08:45:00,1661.847306276241,79.26699475338997
 04/23  09:00:00,3423.369989855953,87.09373909673275
 04/23  09:15:00,2066.854842973227,94.899843167019
 04/23  09:30:00,2084.8300024804457,102.73368767819889
 04/23  09:45:00,2085.6897955031877,108.9865986661169
 04/23  10:00:00,2064.656183200688,115.26557755173408
 04/23  10:15:00,7939.068143580018,121.6421055614947
 04/23  10:30:00,5701.773937149776,128.05960556527748
 04/23  10:45:00,2751.450699533848,132.67327055733273
 04/23  11:00:00,2122.8752448383643,137.3217421159413
 04/23  11:15:00,51.11333333333333,142.24484433475442
 04/23  11:30:00,97.4394320391697,147.19655191171023
 04/23  11:45:00,125.0330451092129,175.15591688079598
 04/23  12:00:00,143.44379252831837,203.55484647292118
 04/23  12:15:00,128.08286251248467,231.79720398404265
 04/23  12:30:00,44.97999999999999,260.3065821778952
 04/23  12:45:00,100.5026833990747,271.24224339226265
 04/23  13:00:00,143.42459538586382,282.2192732382129
 04/23  13:15:00,143.41444608734542,293.360485807594
 04/23  13:30:00,83.189290582733,304.4325533877643
 04/23  13:45:00,68.39839183385584,309.95542425559523
 04/23  14:00:00,121.95826805178136,335.2541235417968
 04/23  14:15:00,143.41411542027487,339.0308186534144
 04/23  14:30:00,131.13636725324474,342.2615654094631
 04/23  14:45:00,44.97999999999999,304.2665578000789
 04/23  15:00:00,97.42226388893786,267.43913769462324
 04/23  15:15:00,2587.1983394193617,219.19224906937936
 04/23  15:30:00,2536.6323171404847,186.69513543609804
 04/23  15:45:00,2164.5801707780925,188.27639155339145
 04/23  16:00:00,2037.5649008088967,188.93386383018603
 04/23  16:15:00,7960.532694395573,197.37947869989839
 04/23  16:30:00,5736.759115501152,195.49239130288552
 04/23  16:45:00,2792.2533867339976,182.05355534003195
 04/23  17:00:00,2303.4660147747045,167.76390333302925
 04/23  17:15:00,2069.724503312016,152.46894033522864
 04/23  17:30:00,3356.350065566169,136.21202023883592
 04/23  17:45:00,4212.825512111792,116.63769132519218
 04/23  18:00:00,3858.0414476183832,97.3255341190662
 04/23  18:15:00,3388.602026939242,80.14040228056444
 04/23  18:30:00,3303.6029576952,61.384477261099704
 04/23  18:45:00,2030.2810470239249,44.58215793910532
 04/23  19:00:00,2059.107531108025,32.189344848399394
 04/23  19:15:00,2029.050010025121,20.698550004420234
 04/23  19:30:00,2016.2431517847629,8.297545245602336
 04/23  19:45:00,2036.764942457271,0.0
 04/23  20:00:00,2234.3446627467524,0.0
 04/23  20:15:00,2225.4430040891225,0.0
 04/23  20:30:00,2182.3624268023264,0.0
 04/23  20:45:00,2181.781552678482,0.0
 04/23  21:00:00,2222.4742530043663,0.0
 04/23  21:15:00,2229.407783547721,0.0
 04/23  21:30:00,2202.3250416300693,0.0
 04/23  21:45:00,2184.238819250976,0.0
 04/23  22:00:00,2199.9915082319644,0.0
 04/23  22:15:00,292.31333333333333,0.0
 04/23  22:30:00,140.38750340917397,0.0
 04/23  22:45:00,97.44915827279269,0.0
 04/23  23:00:00,97.44425936250266,0.0
 04/23  23:15:00,1105.178831769879,0.0
 04/23  23:30:00,203.14730265032236,0.0
 04/23  23:45:00,116.93512666666666,0.0
 04/23  24:00:00,157.15628262713562,0.0
 04/24  00:15:00,122.91034206511635,0.0
 04/24  00:30:00,143.46127409128832,0.0
 04/24  00:45:00,134.25831485506234,0.0
 04/24  01:00:00,97.45557094681548,0.0
 04/24  01:15:00,97.45304606531325,0.0
 04/24  01:30:00,140.3840770120208,0.0
 04/24  01:45:00,143.44866710623603,0.0
 04/24  02:00:00,112.7801525956159,0.0
 04/24  02:15:00,44.97999999999999,0.0
 04/24  02:30:00,115.88269475878764,0.0
 04/24  02:45:00,143.47977360829586,0.0
 04/24  03:00:00,137.34356841678192,0.0
 04/24  03:15:00,97.47306400340172,0.0
 04/24  03:30:00,97.4691582956344,0.0
 04/24  03:45:00,137.33185068143172,0.0
 04/24  04:00:00,143.4611405323345,0.0
 04/24  04:15:00,115.85973510985366,0.0
 04/24  04:30:00,97.45858018080044,0.0
 04/24  04:45:00,112.79101165802204,0.0
 04/24  05:00:00,143.4570317703701,0.0
 04/24  05:15:00,159.05562730767565,0.0
 04/24  05:30:00,324.97999999999985,0.0
 04/24  05:45:00,143.49529586611294,12.28165678080459
 04/24  06:00:00,143.494362761096,19.577001135647674
 04/24  06:15:00,143.4908533766934,28.52471542699578
 04/24  06:30:00,143.4871654565783,37.48491420242308
 04/24  06:45:00,97.48329799346828,48.43870960103202
 04/24  07:00:00,97.47924986856918,67.59781036054216
 04/24  07:15:00,131.20581355571358,95.52549999300419
 04/24  07:30:00,143.46523108146442,132.5418494146451
 04/24  07:45:00,2009.8214097490225,173.07563310688886
 04/24  08:00:00,3507.014345581617,218.0614283621518
 04/24  08:15:00,1646.9466607236911,266.672982993723
 04/24  08:30:00,1695.8204950663376,324.38884396200547
 04/24  08:45:00,1686.2002237374118,370.3145662045538
 04/24  09:00:00,3478.554659688342,418.0923048922273
 04/24  09:15:00,2104.704689805561,467.3234750185635
 04/24  09:30:00,2121.424282719766,517.4898007089529
 04/24  09:45:00,2120.256901418923,559.0691496047062
 04/24  10:00:00,2097.9691443748056,606.051698254699
 04/24  10:15:00,7939.100316060612,648.1375082271
 04/24  10:30:00,5727.291785788252,689.5099541652097
 04/24  10:45:00,2779.849355405286,720.3342367295356
 04/24  11:00:00,2146.9983339595938,749.6172184990456
 04/24  11:15:00,51.11333333333333,771.8495307451907
 04/24  11:30:00,97.43906922080646,797.5322200306044
 04/24  11:45:00,125.0292257047562,804.6165488522605
 04/24  12:00:00,143.41908353057892,803.0975333531752
 04/24  12:15:00,128.0758201176416,799.5867649114524
 04/24  12:30:00,44.97999999999999,791.4542656541383
 04/24  12:45:00,100.4975198388864,805.9694646071389
 04/24  13:00:00,143.42059702885103,816.8192810084097
 04/24  13:15:00,143.40975526639335,820.6823474867924
 04/24  13:30:00,54.17999999999999,821.2042651464694
 04/24  13:45:00,97.42922347691784,805.5978754194093
 04/24  14:00:00,121.95126898164531,787.3129837473581
 04/24  14:15:00,143.40718762640049,761.803245696849
 04/24  14:30:00,78.71333333333334,739.5996765436261
 04/24  14:45:00,97.42698226787212,703.7847891403309
 04/24  15:00:00,97.41607493624036,671.6379553629818
 04/24  15:15:00,2564.5991040460367,635.4981463590053
 04/24  15:30:00,2513.863335655161,598.5105616922158
 04/24  15:45:00,2144.6011058138506,548.3350796246289
 04/24  16:00:00,2016.9603829820687,495.23061240012976
 04/24  16:15:00,7960.511461401653,449.02706773634276
 04/24  16:30:00,5717.008163553259,404.7212443643912
 04/24  16:45:00,2767.832577552167,349.5900898290863
 04/24  17:00:00,2280.012216961093,290.8051309096781
 04/24  17:15:00,2046.66695735727,243.2876699897161
 04/24  17:30:00,3362.921676590115,199.34065341403834
 04/24  17:45:00,4099.870471341271,154.43276702285362
 04/24  18:00:00,3739.383625113954,113.51110014335885
 04/24  18:15:00,3840.8648615291313,83.06900263712402
 04/24  18:30:00,3224.368030251097,59.065981201844835
 04/24  18:45:00,2013.4431044018456,43.85401428526562
 04/24  19:00:00,2039.904714858238,31.50197530590814
 04/24  19:15:00,2009.4136669249783,20.028459070736538
 04/24  19:30:00,1996.710197569567,7.523229435455466
 04/24  19:45:00,2017.5089451879655,0.0
 04/24  20:00:00,2215.36817514415,0.0
 04/24  20:15:00,2206.670273342409,0.0
 04/24  20:30:00,2163.772464182011,0.0
 04/24  20:45:00,2163.338044920652,0.0
 04/24  21:00:00,2204.1813308006585,0.0
 04/24  21:15:00,2211.2017002677617,0.0
 04/24  21:30:00,2184.1320926764884,0.0
 04/24  21:45:00,2165.983416422764,0.0
 04/24  22:00:00,2181.6582714158944,0.0
 04/24  22:15:00,292.31333333333333,0.0
 04/24  22:30:00,140.38952810934495,0.0
 04/24  22:45:00,97.45019712604642,0.0
 04/24  23:00:00,97.4441768156934,0.0
 04/24  23:15:00,143.44049820848554,0.0
 04/24  23:30:00,143.43708305698576,0.0
 04/24  23:45:00,109.70060406426214,0.0
 04/24  24:00:00,44.97999999999999,0.0
 04/25  00:15:00,118.93526497918376,0.0
 04/25  00:30:00,143.46420610676546,0.0
 04/25  00:45:00,134.2598507865064,0.0
 04/25  01:00:00,97.45553342316067,0.0
 04/25  01:15:00,97.45023979694318,0.0
 04/25  01:30:00,140.37819897348223,0.0
 04/25  01:45:00,143.43941018638486,0.0
 04/25  02:00:00,60.313333333333325,0.0
 04/25  02:15:00,97.47044946585083,0.0
 04/25  02:30:00,115.86512580541702,0.0
 04/25  02:45:00,143.4597399407147,0.0
 04/25  03:00:00,137.32095790292806,0.0
 04/25  03:15:00,97.44945536842576,0.0
 04/25  03:30:00,97.44463490487595,0.0
 04/25  03:45:00,137.3064971962943,0.0
 04/25  04:00:00,90.98,0.0
 04/25  04:15:00,115.87123637457636,0.0
 04/25  04:30:00,97.4655405356094,0.0
 04/25  04:45:00,112.793076344428,0.0
 04/25  05:00:00,143.45384237275454,0.0
 04/25  05:15:00,159.0483446280277,0.0
 04/25  05:30:00,377.44280063465146,0.0
 04/25  05:45:00,143.4372099434181,9.132967165712826
 04/25  06:00:00,90.98,14.332983057893987
 04/25  06:15:00,143.46619013329232,20.102042491658057
 04/25  06:30:00,143.458782044204,25.863328036872613
 04/25  06:45:00,97.45112908482892,39.73878215633496
 04/25  07:00:00,97.4432265390272,54.40118290952951
 04/25  07:15:00,131.1692486932499,69.73408568600071
 04/25  07:30:00,143.4284451725697,85.60537193027807
 04/25  07:45:00,2012.985330939372,94.48625485367641
 04/25  08:00:00,3488.9039691040034,103.10682769189344
 04/25  08:15:00,1639.3811243363864,111.41921740009346
 04/25  08:30:00,1689.1165240981188,119.52622500986395
 04/25  08:45:00,1680.0365506768326,115.64936458013365
 04/25  09:00:00,3456.7041277869603,111.69929750973338
 04/25  09:15:00,2084.567580696572,107.7631828311574
 04/25  09:30:00,2102.349313667928,103.7956219984917
 04/25  09:45:00,2104.1553779237597,110.35066074300613
 04/25  10:00:00,2083.687272262126,116.89692099503685
 04/25  10:15:00,7937.704466555408,123.4781840246281
 04/25  10:30:00,5749.231746380434,130.0777688184799
 04/25  10:45:00,2770.2308559893518,134.45460111641157
 04/25  11:00:00,2166.2646247188213,138.8570097415061
 04/25  11:15:00,51.11333333333333,143.5845780584137
 04/25  11:30:00,97.43307757073065,148.3389595187603
 04/25  11:45:00,125.02741019635587,150.42757784970777
 04/25  12:00:00,143.43986929589445,152.5172913895768
 04/25  12:15:00,128.08060602675306,154.28042412215106
 04/25  12:30:00,44.97999999999999,156.02209469331953
 04/25  12:45:00,100.50420799590016,155.06623561111303
 04/25  13:00:00,143.42829980153238,154.10313993216795
 04/25  13:15:00,143.42140046065646,153.44175533973979
 04/25  13:30:00,106.61460534404732,152.75941469017846
 04/25  13:45:00,44.97999999999999,172.36659911716674
 04/25  14:00:00,121.97688639175286,192.11473465341635
 04/25  14:15:00,143.43456972681415,211.61214694129148
 04/25  14:30:00,131.15869973921787,231.19119476671312
 04/25  14:45:00,97.41593783613637,301.29853188604415
 04/25  15:00:00,44.97999999999999,364.0577593947082
 04/25  15:15:00,2638.982219618459,420.31102067005816
 04/25  15:30:00,2563.569939330314,456.2498339576862
 04/25  15:45:00,2202.909044966168,420.46021006716893
 04/25  16:00:00,2062.983091179922,385.77545944207054
 04/25  16:15:00,7960.556286810191,351.5483139730475
 04/25  16:30:00,5756.809288568864,318.03340320807087
 04/25  16:45:00,2815.756757394211,268.87098625779987
 04/25  17:00:00,2326.588209688642,231.54263112419977
 04/25  17:15:00,2093.3169672506488,197.61794051995201
 04/25  17:30:00,3425.186528760916,163.38432343198326
 04/25  17:45:00,4395.616902416083,130.62615022763148
 04/25  18:00:00,4064.034709880016,101.05214326511967
 04/25  18:15:00,3838.931019307871,74.89271343609924
 04/25  18:30:00,3290.06273193206,51.82241383476452
 04/25  18:45:00,2056.6574503045754,40.19727711341042
 04/25  19:00:00,2086.616306374395,29.038606095523672
 04/25  19:15:00,2056.306904079428,17.710571143604867
 04/25  19:30:00,2043.75197536997,6.075650713453194
 04/25  19:45:00,2065.4403766522896,4.747415947170482
 04/25  20:00:00,2095.0344600339167,0.0
 04/25  20:15:00,2258.60326825268,0.0
 04/25  20:30:00,2215.344939046484,0.0
 04/25  20:45:00,2211.573197759771,0.0
 04/25  21:00:00,2251.030653101061,0.0
 04/25  21:15:00,2258.5466975625604,0.0
 04/25  21:30:00,2231.9986474851426,0.0
 04/25  21:45:00,2213.943606959598,0.0
 04/25  22:00:00,2229.5942376602165,0.0
 04/25  22:15:00,292.31333333333333,0.0
 04/25  22:30:00,140.40829194132095,0.0
 04/25  22:45:00,97.47194280240826,0.0
 04/25  23:00:00,97.46904422269353,0.0
 04/25  23:15:00,2014.9770600591592,0.0
 04/25  23:30:00,1306.0060779481355,0.0
 04/25  23:45:00,1555.8373024546129,0.0
 04/25  24:00:00,118.14207591273136,0.0
 04/26  00:15:00,118.93843954945608,0.0
 04/26  00:30:00,143.4416691692589,0.0
 04/26  00:45:00,81.78,0.0
 04/26  01:00:00,97.47359062060384,0.0
 04/26  01:15:00,97.4718908500393,0.0
 04/26  01:30:00,140.40382156134663,0.0
 04/26  01:45:00,143.46938695133198,0.0
 04/26  02:00:00,112.80192415882884,0.0
 04/26  02:15:00,97.46539464380275,0.0
 04/26  02:30:00,115.86219084691956,0.0
 04/26  02:45:00,143.45897916606054,0.0
 04/26  03:00:00,137.32242635258598,0.0
 04/26  03:15:00,97.45270150476546,0.0
 04/26  03:30:00,44.97999999999999,0.0
 04/26  03:45:00,137.35526732001986,0.0
 04/26  04:00:00,143.48568016439464,0.0
 04/26  04:15:00,115.88344910684232,0.0
 04/26  04:30:00,97.4813087318369,0.0
 04/26  04:45:00,112.81259320746594,0.0
 04/26  05:00:00,143.47730338852813,0.0
 04/26  05:15:00,159.0752707601839,0.0
 04/26  05:30:00,377.47331223812944,0.0
 04/26  05:45:00,143.47142844819507,13.677443794919425
 04/26  06:00:00,143.46961992525254,21.45190104398457
 04/26  06:15:00,143.46534771152406,30.81368844623956
 04/26  06:30:00,143.46085149493751,40.17004848098185
 04/26  06:45:00,97.45612949156606,51.23470635115157
 04/26  07:00:00,97.45117990835983,70.6111125857461
 04/26  07:15:00,78.71333333333334,98.81158955819856
 04/26  07:30:00,143.47795125196262,136.12074422135123
 04/26  07:45:00,2190.528097305284,173.87895352552084
 04/26  08:00:00,3493.4152607411474,211.0131927529844
 04/26  08:15:00,1664.2951238247529,246.9750426203017
 04/26  08:30:00,1712.5948320043278,281.4813609268386
 04/26  08:45:00,1703.14310087828,279.9648785342318
 04/26  09:00:00,3514.09588074969,279.64958694661226
 04/26  09:15:00,2127.7016453267174,274.7443981155598
 04/26  09:30:00,2145.712138804617,255.0200872289674
 04/26  09:45:00,2146.410026911293,332.819037565823
 04/26  10:00:00,2124.8878255598406,417.4685634601654
 04/26  10:15:00,7939.115958251719,509.7100012221515
 04/26  10:30:00,5750.146432265109,594.0734372670486
 04/26  10:45:00,2810.163733659502,598.9895675553024
 04/26  11:00:00,2178.082745490903,589.4876034109018
 04/26  11:15:00,51.11333333333333,586.2292569918997
 04/26  11:30:00,97.45134111538982,563.6403435239954
 04/26  11:45:00,125.0410729540588,498.9357151846975
 04/26  12:00:00,143.43034062191578,432.69327880993717
 04/26  12:15:00,128.09120318604027,349.92201502234155
 04/26  12:30:00,44.97999999999999,262.6879471940924
 04/26  12:45:00,100.52202776809656,360.6474338634192
 04/26  13:00:00,143.45035508863688,454.0688545264556
 04/26  13:15:00,143.44179597087032,540.04393135532
 04/26  13:30:00,106.63297379334354,601.0410611437691
 04/26  13:45:00,97.42388287108164,576.00227258522
 04/26  14:00:00,69.51333333333332,552.1022278101458
 04/26  14:15:00,143.44567207531043,542.4755867137853
 04/26  14:30:00,131.1680953489726,532.3792563759015
 04/26  14:45:00,97.42343136681578,513.229007355591
 04/26  15:00:00,97.41166792670155,491.83844203046084
 04/26  15:15:00,2594.283397888771,468.586186348741
 04/26  15:30:00,2572.397582676143,444.2501718220151
 04/26  15:45:00,2211.734769910665,413.320289585266
 04/26  16:00:00,2073.9515957073168,381.850220042167
 04/26  16:15:00,7960.568279059553,349.46147647450863
 04/26  16:30:00,5767.455334154574,316.7881093390637
 04/26  16:45:00,2828.328665140952,268.25610424916624
 04/26  17:00:00,2338.12155180241,231.34828957578534
 04/26  17:15:00,2104.4865336633998,197.59805032399322
 04/26  17:30:00,3443.2165473549844,163.5934664853943
 04/26  17:45:00,4539.100043381595,136.06303198771872
 04/26  18:00:00,4170.333248988584,109.84941077947575
 04/26  18:15:00,3924.927494274353,85.2896293960504
 04/26  18:30:00,3284.806770751231,62.75390529590335
 04/26  18:45:00,2061.326688974969,46.987249522732384
 04/26  19:00:00,2090.687544584488,34.105159734197706
 04/26  19:15:00,2060.231387958883,22.14618299182234
 04/26  19:30:00,2047.7653835559613,9.099543897885622
 04/26  19:45:00,2069.5886860715627,7.095054613518098
 04/26  20:00:00,2099.3952158936754,0.0
 04/26  20:15:00,2263.3157532786445,0.0
 04/26  20:30:00,2220.2941794241774,0.0
 04/26  20:45:00,2216.58057683363,0.0
 04/26  21:00:00,2255.9993116783435,0.0
 04/26  21:15:00,2263.0881419501384,0.0
 04/26  21:30:00,2236.081416154892,0.0
 04/26  21:45:00,2217.555670621244,0.0
 04/26  22:00:00,2232.7448097991605,0.0
 04/26  22:15:00,292.31333333333333,0.0
 04/26  22:30:00,140.39731941802629,0.0
 04/26  22:45:00,97.45999930747568,0.0
 04/26  23:00:00,97.45613844372949,0.0
 04/26  23:15:00,1918.842324462673,0.0
 04/26  23:30:00,1017.1610168584184,0.0
 04/26  23:45:00,194.46883450583283,0.0
 04/26  24:00:00,129.71635999999995,0.0
 04/27  00:15:00,152.82454338732472,0.0
 04/27  00:30:00,143.45628904345517,0.0
 04/27  00:45:00,134.24907461533394,0.0
 04/27  01:00:00,97.44168633275078,0.0
 04/27  01:15:00,97.4349664892387,0.0
 04/27  01:30:00,140.36149995924214,0.0
 04/27  01:45:00,90.98,0.0
 04/27  02:00:00,112.7897395883465,0.0
 04/27  02:15:00,97.45030714036436,0.0
 04/27  02:30:00,115.84420574897376,0.0
 04/27  02:45:00,143.43810274769052,0.0
 04/27  03:00:00,137.29866557327205,0.0
 04/27  03:15:00,49.04920553816931,0.0
 04/27  03:30:00,93.38776877930532,0.0
 04/27  03:45:00,137.32424751543084,0.0
 04/27  04:00:00,143.45242245605806,0.0
 04/27  04:15:00,115.84580515350471,0.0
 04/27  04:30:00,97.4390742735728,0.0
 04/27  04:45:00,112.76556137378412,0.0
 04/27  05:00:00,90.98,0.0
 04/27  05:15:00,159.06015587908405,0.0
 04/27  05:30:00,377.45321308271895,0.0
 04/27  05:45:00,143.4461526763883,4.5379537192819654
 04/27  06:00:00,143.43897260115892,7.216340437202104
 04/27  06:15:00,143.43133262594594,10.062217408076066
 04/27  06:30:00,143.42352867539415,12.90761769460144
 04/27  06:45:00,44.97999999999999,19.95166224545902
 04/27  07:00:00,97.44959245807202,26.997470557601453
 04/27  07:15:00,131.17558845564588,34.05489337994475
 04/27  07:30:00,1816.9981257886427,41.116801073470214
 04/27  07:45:00,2141.416623919936,49.33291179120705
 04/27  08:00:00,3496.9196800952072,57.55610223691231
 04/27  08:15:00,1664.446313582577,65.79863744220742
 04/27  08:30:00,1717.604068090376,74.09628370460142
 04/27  08:45:00,3579.4750720309507,81.85768941056259
 04/27  09:00:00,3472.3013939249804,89.66246455477592
 04/27  09:15:00,2107.763163032171,97.5410083526533
 04/27  09:30:00,2132.944078633742,105.4651837879181
 04/27  09:45:00,2144.421739004175,112.03031547065005
 04/27  10:00:00,2126.001011131054,118.6282879964113
 04/27  10:15:00,2096.753953005592,125.27324232194924
 04/27  10:30:00,2101.129379571887,131.94422482963242
 04/27  10:45:00,2140.2192832370997,136.394211325538
 04/27  11:00:00,2139.5022310101976,140.86997200835467
 04/27  11:15:00,1641.5278897905043,145.3632278188163
 04/27  11:30:00,1616.0359731357958,149.87215125823937
 04/27  11:45:00,1637.9370959719952,151.50695782025846
 04/27  12:00:00,1656.01601564031,153.14042027716974
 04/27  12:15:00,2176.235318905381,154.80869971854418
 04/27  12:30:00,2105.653374567461,156.46278563576436
 04/27  12:45:00,2096.017798207269,155.63596908025715
 04/27  13:00:00,2139.7775125396456,154.79719810486324
 04/27  13:15:00,2132.2498190930773,154.2709864196761
 04/27  13:30:00,2088.0950597997657,153.69905021304248
 04/27  13:45:00,2078.634196775148,150.17426463694738
 04/27  14:00:00,2105.1626378575006,146.5909593292748
 04/27  14:15:00,2126.5583249544334,142.76499502620945
 04/27  14:30:00,2113.152738459188,138.9417559247318
 04/27  14:45:00,2077.7891434523453,132.89364877140267
 04/27  15:00:00,2076.227301734169,126.87681425538403
 04/27  15:15:00,2535.6652039806595,121.10168957112894
 04/27  15:30:00,2534.9279935465584,115.34098286422446
 04/27  15:45:00,2195.806968655047,107.79212321794132
 04/27  16:00:00,2072.444790710998,100.27820178915604
 04/27  16:15:00,2095.7704116823656,92.78887793480266
 04/27  16:30:00,7983.743856244595,85.3339771195116
 04/27  16:45:00,5867.187984477929,85.20145186784532
 04/27  17:00:00,2995.545399750606,85.03840108162235
 04/27  17:15:00,2204.1155729323464,84.73502121416259
 04/27  17:30:00,2139.047715468614,84.3524689442838
 04/27  17:45:00,4482.381926158983,68.13848940668514
 04/27  18:00:00,4707.679180470551,52.23439824833029
 04/27  18:15:00,3995.0589259768367,36.496991638303925
 04/27  18:30:00,3344.642174125996,20.642412604811128
 04/27  18:45:00,2103.702684666089,16.660936228126683
 04/27  19:00:00,2136.101704732117,12.65894293464941
 04/27  19:15:00,7953.093723827995,8.620226359247743
 04/27  19:30:00,5794.987379665961,4.589750439699714
 04/27  19:45:00,2581.0610458782444,3.583347002790855
 04/27  20:00:00,2195.0619146202703,0.0
 04/27  20:15:00,2309.2782495957167,0.0
 04/27  20:30:00,2259.9941271190296,0.0
 04/27  20:45:00,2256.82619522633,0.0
 04/27  21:00:00,2296.279676197876,0.0
 04/27  21:15:00,2302.5725102346805,0.0
 04/27  21:30:00,2275.073481702692,0.0
 04/27  21:45:00,2256.6283111064754,0.0
 04/27  22:00:00,2272.0487760449723,0.0
 04/27  22:15:00,2012.7772022841807,0.0
 04/27  22:30:00,87.91333333333333,0.0
 04/27  22:45:00,97.475941903301,0.0
 04/27  23:00:00,97.47268636930724,0.0
 04/27  23:15:00,2003.6524999083729,0.0
 04/27  23:30:00,1886.1516123668391,0.0
 04/27  23:45:00,207.43742037296076,0.0
 04/27  24:00:00,195.16628379819983,0.0
 04/28  00:15:00,216.61112878058464,0.0
 04/28  00:30:00,241.14152367684727,0.0
 04/28  00:45:00,231.9387126387714,0.0
 04/28  01:00:00,142.67263,0.0
 04/28  01:15:00,123.53140877826084,0.0
 04/28  01:30:00,140.40786396159908,0.0
 04/28  01:45:00,143.46881241752027,0.0
 04/28  02:00:00,112.79621713989113,0.0
 04/28  02:15:00,97.45877265020265,0.0
 04/28  02:30:00,115.85468376962751,0.0
 04/28  02:45:00,143.4506178981398,0.0
 04/28  03:00:00,137.31324236579968,0.0
 04/28  03:15:00,97.44255746544164,0.0
 04/28  03:30:00,44.97999999999999,0.0
 04/28  03:45:00,137.34335380726503,0.0
 04/28  04:00:00,143.47289391656034,0.0
 04/28  04:15:00,115.86709405086812,0.0
 04/28  04:30:00,97.46108268400783,0.0
 04/28  04:45:00,112.78819076402606,0.0
 04/28  05:00:00,143.44841507574256,0.0
 04/28  05:15:00,159.04344399372664,0.0
 04/28  05:30:00,377.4384508928677,4.769508330964557
 04/28  05:45:00,90.98,13.709033470147254
 04/28  06:00:00,143.47047306856217,20.6144563231798
 04/28  06:15:00,143.46458503055223,28.6984645179287
 04/28  06:30:00,143.45855753654877,36.72211764620761
 04/28  06:45:00,97.45238855105826,53.08460307329456
 04/28  07:00:00,97.44607607820762,75.65986143602528
 04/28  07:15:00,131.17227438421972,102.76209703124039
 04/28  07:30:00,1813.356178384622,133.68547454869017
 04/28  07:45:00,2165.8429751858616,164.93550688274627
 04/28  08:00:00,3539.818933371383,208.44693842435905
 04/28  08:15:00,1689.2493842516517,256.4536464520663
 04/28  08:30:00,1742.105770278382,318.13540015232365
 04/28  08:45:00,3634.0109919660463,331.1073113941025
 04/28  09:00:00,3527.565624067701,343.72012714232875
 04/28  09:15:00,2145.677750861013,341.0543080576891
 04/28  09:30:00,2172.60574823004,340.39270669439435
 04/28  09:45:00,2185.1744454978966,366.2794512474825
 04/28  10:00:00,2167.761697281798,390.58058619508256
 04/28  10:15:00,2137.399840069565,398.92414938633186
 04/28  10:30:00,2139.547804697202,417.87102633632907
 04/28  10:45:00,2175.21653505628,383.2783236366248
 04/28  11:00:00,2171.03247520212,347.4919689389803
 04/28  11:15:00,1662.9608240650966,311.91069981914393
 04/28  11:30:00,1638.3118811957993,258.65782416266796
 04/28  11:45:00,1665.2746084899863,336.27776943414347
 04/28  12:00:00,1678.3323306956995,416.22868915529847
 04/28  12:15:00,2212.0588668837554,478.19295235942894
 04/28  12:30:00,2143.66104644185,558.0727253405174
 04/28  12:45:00,2122.7069359748343,603.4268101756211
 04/28  13:00:00,2163.762094908046,664.6140611250237
 04/28  13:15:00,2153.2581073572023,704.7264530575998
 04/28  13:30:00,2105.515693154204,741.0656765303172
 04/28  13:45:00,2089.901558994436,676.8723994881273
 04/28  14:00:00,2109.881845434292,597.8615109041201
 04/28  14:15:00,2128.1557619595915,539.8456514492408
 04/28  14:30:00,2113.3672669294524,467.3466882309208
 04/28  14:45:00,2077.8950920729303,423.9384739492185
 04/28  15:00:00,2076.731393926292,381.20396247299266
 04/28  15:15:00,2537.030429216183,326.7942563740303
 04/28  15:30:00,2537.6279713899125,288.28417590372555
 04/28  15:45:00,2199.913665454683,251.48311594805796
 04/28  16:00:00,2078.1781585907675,216.02555823715872
 04/28  16:15:00,2102.282836083329,174.07234198249327
 04/28  16:30:00,7983.754258676869,143.11565275000038
 04/28  16:45:00,5873.437906344438,128.05602985081362
 04/28  17:00:00,3002.3867742310167,113.29410984001306
 04/28  17:15:00,2211.031158910116,99.05602537534288
 04/28  17:30:00,2146.971794282557,85.17144628824695
 04/28  17:45:00,4592.328128772639,75.38158703681738
 04/28  18:00:00,4876.586154490919,65.64818681278568
 04/28  18:15:00,4009.728937075243,55.92136199827104
 04/28  18:30:00,3360.0746768434865,46.314121555120884
 04/28  18:45:00,2109.249652579176,36.329386425062225
 04/28  19:00:00,2138.09335185908,26.364856153790853
 04/28  19:15:00,7953.096395122605,16.216069318990616
 04/28  19:30:00,5795.983818454656,6.086059628788891
 04/28  19:45:00,2583.074401453825,4.568000240582072
 04/28  20:00:00,2197.880306867211,0.0
 04/28  20:15:00,2312.6237760502145,0.0
 04/28  20:30:00,2263.48833922435,0.0
 04/28  20:45:00,2260.010065922955,0.0
 04/28  21:00:00,2298.983321326243,0.0
 04/28  21:15:00,2305.043268170725,0.0
 04/28  21:30:00,2277.376203416238,0.0
 04/28  21:45:00,2258.822417384023,0.0
 04/28  22:00:00,2274.1463148586186,0.0
 04/28  22:15:00,2018.7555894189347,0.0
 04/28  22:30:00,87.91333333333333,0.0
 04/28  22:45:00,97.462632113002,0.0
 04/28  23:00:00,97.45713572164004,0.0
 04/28  23:15:00,188.7975770054336,0.0
 04/28  23:30:00,982.66804421097,0.0
 04/28  23:45:00,155.05307669244604,0.0
 04/28  24:00:00,142.79903055683255,0.0
 04/29  00:15:00,111.79264666666668,0.0
 04/29  00:30:00,188.81112695999656,0.0
 04/29  00:45:00,179.60542377714418,0.0
 04/29  01:00:00,142.79967164110465,0.0
 04/29  01:15:00,1068.9798290668828,0.0
 04/29  01:30:00,1376.533086253279,0.0
 04/29  01:45:00,188.80740859049163,0.0
 04/29  02:00:00,140.1880185085069,0.0
 04/29  02:15:00,96.17580119754668,0.0
 04/29  02:30:00,115.86290884055067,0.0
 04/29  02:45:00,143.4576068883627,0.0
 04/29  03:00:00,137.31896282719626,0.0
 04/29  03:15:00,97.44748451151251,0.0
 04/29  03:30:00,97.44272444636329,0.0
 04/29  03:45:00,137.30468431113135,0.0
 04/29  04:00:00,90.98,0.0
 04/29  04:15:00,115.87059813246886,0.0
 04/29  04:30:00,97.46606528334488,0.0
 04/29  04:45:00,112.7949007010937,0.0
 04/29  05:00:00,143.4571054841167,0.0
 04/29  05:15:00,159.05200402875386,0.0
 04/29  05:30:00,377.44686061017217,1.5927537603496376
 04/29  05:45:00,143.44167483831322,4.982663821963769
 04/29  06:00:00,143.43644642619194,8.061047056445894
 04/29  06:15:00,90.98,11.321469949419697
 04/29  06:30:00,143.4676408766989,14.580878182303607
 04/29  06:45:00,97.46226672324508,21.697038169799857
 04/29  07:00:00,97.456829795838,28.810448539638436
 04/29  07:15:00,131.18314012000792,35.90333106791449
 04/29  07:30:00,143.44254042109387,42.984193188639864
 04/29  07:45:00,2181.242093028088,51.40167588369346
 04/29  08:00:00,3566.9542708626395,59.796856930409604
 04/29  08:15:00,1700.9701257147567,68.2704280065626
 04/29  08:30:00,1750.1984498319862,76.79691288526489
 04/29  08:45:00,1741.4015214156111,84.58519220883218
 04/29  09:00:00,3590.2801343053725,92.4123147882175
 04/29  09:15:00,2177.5684387497136,100.25294845340358
 04/29  09:30:00,2195.650973930319,108.10921522182076
 04/29  09:45:00,2197.5111356627053,114.37157970238962
 04/29  10:00:00,2177.5033852756155,120.63128487107863
 04/29  10:15:00,7939.171628494101,126.8720716315334
 04/29  10:30:00,5798.549580545616,133.0999128545934
 04/29  10:45:00,2869.594264256391,137.4899770298773
 04/29  11:00:00,2235.7292461628663,141.8853503417271
 04/29  11:15:00,51.11333333333332,146.48197213353922
 04/29  11:30:00,97.45013160288867,151.10780094138326
 04/29  11:45:00,125.03571661835146,152.69517277623802
 04/29  12:00:00,143.42795384178055,154.3208077531518
 04/29  12:15:00,128.08541725069836,155.84345967517226
 04/29  12:30:00,44.97999999999999,157.34101153072183
 04/29  12:45:00,100.50837651597344,223.38052181357548
 04/29  13:00:00,143.43212467890226,276.4553876110237
 04/29  13:15:00,143.42347413453592,328.87808545197686
 04/29  13:30:00,106.61470909718876,380.19537605116005
 04/29  13:45:00,44.97999999999999,343.24349907118847
 04/29  14:00:00,121.97225469074093,309.59298046145483
 04/29  14:15:00,143.43035695394178,278.6648731714096
 04/29  14:30:00,131.1550285595562,232.08469565192192
 04/29  14:45:00,97.41293487035551,223.99934884941126
 04/29  15:00:00,44.97999999999999,214.90096267760316
 04/29  15:15:00,2721.4224204798834,205.03178636545823
 04/29  15:30:00,2650.1755566089378,194.98794148364306
 04/29  15:45:00,2279.2833131245397,181.0612704869708
 04/29  16:00:00,2151.8791749685183,167.4467294036023
 04/29  16:15:00,7960.636982802205,154.36533215532
 04/29  16:30:00,5834.681595907889,141.5550738653172
 04/29  16:45:00,2912.647798492755,127.13112963981001
 04/29  17:00:00,2419.4028050500447,112.98787999318107
 04/29  17:15:00,2185.414545017717,99.13639841767167
 04/29  17:30:00,3560.358892299907,85.61288685403825
 04/29  17:45:00,5161.417134358586,72.90271125689819
 04/29  18:00:00,5084.056965483287,60.334577444423125
 04/29  18:15:00,4030.462390912405,47.941636970067776
 04/29  18:30:00,3398.143133596944,35.557740098217785
 04/29  18:45:00,2138.875007580239,27.426366332075652
 04/29  19:00:00,2168.3643102929004,19.286011699649308
 04/29  19:15:00,2137.16704607358,11.145354248237362
 04/29  19:30:00,2123.7671541695936,3.0155709737711627
 04/29  19:45:00,2144.3884098403087,2.2634107099402523
 04/29  20:00:00,2173.265713519084,0.0
 04/29  20:15:00,2336.1673014776584,0.0
 04/29  20:30:00,2292.167215079694,0.0
 04/29  20:45:00,2287.5186307812205,0.0
 04/29  21:00:00,2325.984427450734,0.0
 04/29  21:15:00,2332.353162548487,0.0
 04/29  21:30:00,2304.808386310138,0.0
 04/29  21:45:00,2285.912026277893,0.0
 04/29  22:00:00,2300.7691180854567,0.0
 04/29  22:15:00,292.31333333333333,0.0
 04/29  22:30:00,140.3807114144141,0.0
 04/29  22:45:00,97.4332459966548,0.0
 04/29  23:00:00,97.44270691939649,0.0
 04/29  23:15:00,143.41824986343676,0.0
 04/29  23:30:00,90.98,0.0
 04/29  23:45:00,109.71195951508868,0.0
 04/29  24:00:00,97.43805052637968,0.0
 04/30  00:15:00,118.89762251186276,0.0
 04/30  00:30:00,143.42386047082232,0.0
 04/30  00:45:00,81.78,0.0
 04/30  01:00:00,97.45162126247772,0.0
 04/30  01:15:00,97.44485229556663,0.0
 04/30  01:30:00,140.37141988030828,0.0
 04/30  01:45:00,143.43132523550025,0.0
 04/30  02:00:00,112.75790322681074,0.0
 04/30  02:15:00,44.97999999999999,0.0
 04/30  02:30:00,115.8534661715423,0.0
 04/30  02:45:00,143.447244520025,0.0
 04/30  03:00:00,137.3077191944818,0.0
 04/30  03:15:00,97.43404637829964,0.0
 04/30  03:30:00,97.42697360785084,0.0
 04/30  03:45:00,84.84666666666666,0.0
 04/30  04:00:00,143.45462770157695,0.0
 04/30  04:15:00,115.84781103077933,0.0
 04/30  04:30:00,97.44094664831428,0.0
 04/30  04:45:00,112.76736750040666,0.0
 04/30  05:00:00,143.42707355122468,0.0
 04/30  05:15:00,106.58,0.0
 04/30  05:30:00,377.45535128572,1.5836464763384004
 04/30  05:45:00,143.4487453346319,4.960413582181097
 04/30  06:00:00,143.4421120593394,8.016220368567343
 04/30  06:15:00,143.43528234987207,11.255250854950432
 04/30  06:30:00,143.4284057507396,14.493230856607585
 04/30  06:45:00,44.97999999999999,21.75573206404139
 04/30  07:00:00,97.45646132909351,29.014505167013898
 04/30  07:15:00,131.1827256402233,36.27419598902915
 04/30  07:30:00,143.4422376540629,43.53091365062161
 04/30  07:45:00,2218.9469817374825,51.74340254605167
 04/30  08:00:00,3588.050790648681,59.94339321634956
 04/30  08:15:00,1713.025067253598,68.19899584647567
 04/30  08:30:00,1763.6994588886796,76.51292159276895
 04/30  08:45:00,1755.1042892679302,84.49180212134412
 04/30  09:00:00,3623.27090255552,92.52229365703181
 04/30  09:15:00,2199.179340930244,100.56910952561695
 04/30  09:30:00,2218.2064097160346,108.6578587941197
 04/30  09:45:00,2220.061227165791,114.99107355594923
 04/30  10:00:00,2199.9971231324776,121.3607438387122
 04/30  10:15:00,7939.195563730445,127.78522855078471
 04/30  10:30:00,5818.533604968436,134.23581877461564
 04/30  10:45:00,2894.2538753533463,138.47845175073812
 04/30  11:00:00,2259.7025510988638,142.75892109112584
 04/30  11:15:00,51.11333333333332,146.91664894188912
 04/30  11:30:00,97.44647578973472,151.07293435114312
 04/30  11:45:00,125.03005455890792,152.77078691275696
 04/30  12:00:00,143.4200014281656,154.47086805792617
 04/30  12:15:00,128.0773274020693,156.22820284953923
 04/30  12:30:00,44.97999999999999,157.9668272965176
 04/30  12:45:00,100.5003654868744,156.84175284851793
 04/30  13:00:00,143.42421126001634,155.72452530018253
 04/30  13:15:00,143.4148797238593,154.60673442937588
 04/30  13:30:00,54.17999999999999,153.47110483346404
 04/30  13:45:00,97.43771499839464,149.47950953757604
 04/30  14:00:00,121.96168755517115,145.52205096290388
 04/30  14:15:00,143.4181700830748,141.58925014794954
 04/30  14:30:00,131.14108896142855,137.67345429660912
 04/30  14:45:00,44.97999999999999,131.7828023025119
 04/30  15:00:00,97.4283532706314,125.93587842296552
 04/30  15:15:00,2730.5261414300667,120.05860515695586
 04/30  15:30:00,2678.243630570227,114.20937504367926
 04/30  15:45:00,2307.0378638312072,106.62820333793964
 04/30  16:00:00,2179.61646262347,99.11158686192819
 04/30  16:15:00,7960.665608516429,91.78047764325885
 04/30  16:30:00,5856.897814407845,84.41135221712607
 04/30  16:45:00,2938.60953735535,84.536459804504
 04/30  17:00:00,2442.4599409726984,84.58480532648186
 04/30  17:15:00,2207.327906020465,84.65677840400829
 04/30  17:30:00,3592.84379475146,84.64287237132143
 04/30  17:45:00,5323.630935707347,72.19718285908321
 04/30  18:00:00,5250.030442476323,59.96186107315844
 04/30  18:15:00,4002.095639987604,47.89775576184199
 04/30  18:30:00,3420.38442851825,35.84485446813738
 04/30  18:45:00,2154.264779666064,27.609548673027874
 04/30  19:00:00,2183.825337412084,19.374343165541433
 04/30  19:15:00,2152.4492177538896,11.161609487835618
 04/30  19:30:00,2138.811028285976,2.968013836985683
 04/30  19:45:00,2159.107937714443,2.2264038066982303
 04/30  20:00:00,2187.7535529263805,0.0
 04/30  20:15:00,2350.3750896375777,0.0
 04/30  20:30:00,2306.12104420556,0.0
 04/30  20:45:00,2301.250533577212,0.0
 04/30  21:00:00,2339.4856253560074,0.0
 04/30  21:15:00,2345.7149629733367,0.0
 04/30  21:30:00,2318.0982681163755,0.0
 04/30  21:45:00,2299.2130291537865,0.0
 04/30  22:00:00,2314.1103718247523,0.0
 04/30  22:15:00,292.31333333333333,0.0
 04/30  22:30:00,140.3510217985491,0.0
 04/30  22:45:00,97.41697353586518,0.0
 04/30  23:00:00,44.97999999999999,0.0
 04/30  23:15:00,1105.1394449728214,0.0
 04/30  23:30:00,203.1135931544428,0.0
 04/30  23:45:00,169.38178868679734,0.0
 04/30  24:00:00,104.66846,0.0
 05/01  00:15:00,122.8757045924715,0.0
 05/01  00:30:00,143.421391287634,0.0
 05/01  00:45:00,134.21302130673882,0.0
 05/01  01:00:00,97.40470298154946,0.0
 05/01  01:15:00,44.97999999999999,0.0
 05/01  01:30:00,140.36381964706186,0.0
 05/01  01:45:00,143.4227865600876,0.0
 05/01  02:00:00,112.74848679416988,0.0
 05/01  02:15:00,44.97999999999999,0.0
 05/01  02:30:00,115.84133185016464,0.0
 05/01  02:45:00,143.43390126752968,0.0
 05/01  03:00:00,137.29317658294693,0.0
 05/01  03:15:00,97.4188228755572,0.0
 05/01  03:30:00,44.97999999999999,0.0
 05/01  03:45:00,137.31207910792412,0.0
 05/01  04:00:00,143.43811107397443,0.0
 05/01  04:15:00,115.83048124017763,0.0
 05/01  04:30:00,97.42282304935463,0.0
 05/01  04:45:00,112.74847072509556,0.0
 05/01  05:00:00,90.98,0.0
 05/01  05:15:00,159.04208907278874,0.0
 05/01  05:30:00,377.4348621928735,1.5778091260814213
 05/01  05:45:00,143.42763112412024,5.141500311712053
 05/01  06:00:00,143.4203972201028,8.769536757917775
 05/01  06:15:00,90.98,12.388984265827073
 05/01  06:30:00,143.44513628495525,16.003938085556094
 05/01  06:45:00,97.4365639446587,23.251624356094936
 05/01  07:00:00,97.42782918536749,30.481817207528344
 05/01  07:15:00,131.1525998520156,37.70294606266321
 05/01  07:30:00,90.98,44.91201795213203
 05/01  07:45:00,2261.923763906469,64.8403564623472
 05/01  08:00:00,3595.2935582892987,84.98432949775139
 05/01  08:15:00,1718.2821334604905,105.38851545977398
 05/01  08:30:00,1768.0029776003732,126.09246182972629
 05/01  08:45:00,1758.2745227883204,138.5235454940923
 05/01  09:00:00,3626.7334601335274,151.37246177522795
 05/01  09:15:00,2195.186207674268,164.71913826002833
 05/01  09:30:00,2217.0203769015284,178.37246398479616
 05/01  09:45:00,2218.3124179766937,253.42101406173452
 05/01  10:00:00,2196.913753688716,334.714879607152
 05/01  10:15:00,7939.190841806858,407.442045657732
 05/01  10:30:00,5809.675814237309,494.7173846294534
 05/01  10:45:00,2880.7097733031187,538.7884804073745
 05/01  11:00:00,2242.1757790543834,598.5912971233192
 05/01  11:15:00,51.11333333333333,648.3518337392471
 05/01  11:30:00,97.39899575146588,698.3078437836348
 05/01  11:45:00,124.97400313869852,713.6983220696109
 05/01  12:00:00,90.98,726.53227974719
 05/01  12:15:00,128.04803195696067,736.9444209101315
 05/01  12:30:00,97.36531340690432,745.1387012779971
 05/01  12:45:00,48.04666666666666,743.5508361935113
 05/01  13:00:00,143.3743337722371,740.1670592805615
 05/01  13:15:00,90.98,734.6561562555714
 05/01  13:30:00,106.58270152848269,726.9667933729384
 05/01  13:45:00,97.36607221004918,712.7106681440522
 05/01  14:00:00,69.51333333333332,696.633431631623
 05/01  14:15:00,143.3742954238562,677.3070542166416
 05/01  14:30:00,131.0913057138603,656.0403218294849
 05/01  14:45:00,44.97999999999999,626.7852484389737
 05/01  15:00:00,97.36655531931392,596.5847037266396
 05/01  15:15:00,2644.432389405887,568.1937628614065
 05/01  15:30:00,2602.1850240154,533.7605569006298
 05/01  15:45:00,2241.6763569332925,496.7683605664197
 05/01  16:00:00,2103.0479917598573,458.9606719393038
 05/01  16:15:00,7960.586113492245,419.1059651134917
 05/01  16:30:00,5785.685780611988,379.2579635841794
 05/01  16:45:00,2852.108689480603,331.777077112808
 05/01  17:00:00,2359.4908944729186,286.5486116564472
 05/01  17:15:00,2124.509206108105,244.15546208327333
 05/01  17:30:00,3491.215035413248,199.7602319108847
 05/01  17:45:00,4933.08622062058,158.77626797072614
 05/01  18:00:00,4816.3964396124375,123.08885497783056
 05/01  18:15:00,3963.524721350306,93.38414879274097
 05/01  18:30:00,3321.335745745498,69.83778754786731
 05/01  18:45:00,2076.8239146514143,50.375526997518534
 05/01  19:00:00,2103.2197201526824,36.726063985817724
 05/01  19:15:00,2072.341972572438,24.973062936564503
 05/01  19:30:00,2058.962032120858,12.469208401480273
 05/01  19:45:00,2079.0248501352053,9.38346272909388
 05/01  20:00:00,2107.8098584215923,0.0
 05/01  20:15:00,2270.6571190650625,0.0
 05/01  20:30:00,2227.103138298739,0.0
 05/01  20:45:00,2223.0043517026843,0.0
 05/01  21:00:00,2261.731100669711,0.0
 05/01  21:15:00,2268.029658283051,0.0
 05/01  21:30:00,2240.3454529019887,0.0
 05/01  21:45:00,2221.291499181465,0.0
 05/01  22:00:00,2236.0016065261984,0.0
 05/01  22:15:00,292.31333333333333,0.0
 05/01  22:30:00,140.34035855451293,0.0
 05/01  22:45:00,97.40059240067728,0.0
 05/01  23:00:00,44.97999999999999,0.0
 05/01  23:15:00,143.40698509852123,0.0
 05/01  23:30:00,143.39592885134252,0.0
 05/01  23:45:00,57.246666666666655,0.0
 05/01  24:00:00,97.41545537222488,0.0
 05/02  00:15:00,118.87139430341796,0.0
 05/02  00:30:00,143.39391611730005,0.0
 05/02  00:45:00,81.78,0.0
 05/02  01:00:00,97.4141840142353,0.0
 05/02  01:15:00,97.40371282496211,0.0
 05/02  01:30:00,140.32650178411205,0.0
 05/02  01:45:00,90.98,0.0
 05/02  02:00:00,112.74748404464891,0.0
 05/02  02:15:00,97.40446359135714,0.0
 05/02  02:30:00,115.79477325784433,0.0
 05/02  02:45:00,90.98,0.0
 05/02  03:00:00,137.28441360892583,0.0
 05/02  03:15:00,97.41028604749135,0.0
 05/02  03:30:00,97.40303929008311,0.0
 05/02  03:45:00,84.84666666666666,0.0
 05/02  04:00:00,143.431471326125,0.0
 05/02  04:15:00,115.82216333047704,0.0
 05/02  04:30:00,97.41272531501362,0.0
 05/02  04:45:00,60.313333333333325,0.0
 05/02  05:00:00,143.43540880942348,0.0
 05/02  05:15:00,159.0256604983841,0.0
 05/02  05:30:00,377.41573972949095,6.266969188656335
 05/02  05:45:00,143.40564244813686,16.331683375254112
 05/02  06:00:00,90.98,26.226360512991644
 05/02  06:15:00,143.42491200918462,36.12137138374164
 05/02  06:30:00,143.4122696891244,45.884816515029286
 05/02  06:45:00,97.3991785182136,56.26373258410465
 05/02  07:00:00,44.97999999999999,74.9139066015611
 05/02  07:15:00,131.1435512980119,102.52712246302599
 05/02  07:30:00,143.39229083920983,138.57526099402693
 05/02  07:45:00,2060.1323186680056,179.5168563115718
 05/02  08:00:00,3530.931939709043,222.44897692745482
 05/02  08:15:00,1661.288627049705,269.3893072145351
 05/02  08:30:00,1710.518816341281,319.37040722605286
 05/02  08:45:00,1700.323807059296,362.16270779789056
 05/02  09:00:00,3491.373935600124,406.07894808621023
 05/02  09:15:00,2090.8150751533594,454.90345243995745
 05/02  09:30:00,2109.7551449782395,499.75877726223683
 05/02  09:45:00,2109.355005194043,536.4202583258159
 05/02  10:00:00,2086.64715472754,572.3476087503462
 05/02  10:15:00,7939.0913396751985,607.3603432036386
 05/02  10:30:00,5714.798089462281,641.0553027346328
 05/02  10:45:00,2766.352839449972,666.3593893605055
 05/02  11:00:00,2133.4831107290584,690.0608449434906
 05/02  11:15:00,51.11333333333333,710.3985208474267
 05/02  11:30:00,97.35584623733344,723.089460097523
 05/02  11:45:00,72.57999999999998,733.6262469044019
 05/02  12:00:00,143.34083393013515,741.5760381499935
 05/02  12:15:00,75.64666666666666,748.9118917660846
 05/02  12:30:00,97.34014774072575,753.9630273901072
 05/02  12:45:00,48.04666666666666,752.5728611297363
 05/02  13:00:00,143.3384236666838,749.1346305276088
 05/02  13:15:00,90.98,743.7362265480681
 05/02  13:30:00,106.53745942660132,736.0669086839149
 05/02  13:45:00,44.97999999999999,721.9526028169807
 05/02  14:00:00,121.86920361085298,705.9632752138481
 05/02  14:15:00,90.98,693.4030630062275
 05/02  14:30:00,131.0698449930159,673.2189243604348
 05/02  14:45:00,44.97999999999999,646.3913179370234
 05/02  15:00:00,97.33715176076656,618.0610476071734
 05/02  15:15:00,2541.2600057806703,587.6616001678581
 05/02  15:30:00,2489.4376957613117,555.6630924192234
 05/02  15:45:00,2120.4639542408763,516.0487824527344
 05/02  16:00:00,1992.4652150548195,475.98582595839275
 05/02  16:15:00,7960.488691246259,435.6209713575023
 05/02  16:30:00,5691.45261104866,394.8408319808005
 05/02  16:45:00,2672.7615626418856,330.07005524322165
 05/02  17:00:00,2055.749934466572,276.42007265514025
 05/02  17:15:00,1947.834785404576,223.05877275045574
 05/02  17:30:00,3132.780996093636,183.881028724266
 05/02  17:45:00,3830.259995329631,142.06863529981834
 05/02  18:00:00,3512.25454265025,104.93487219313059
 05/02  18:15:00,3402.733203145972,77.76526750550858
 05/02  18:30:00,3009.46345887837,56.85442298475829
 05/02  18:45:00,1817.868620719873,44.52578473911531
 05/02  19:00:00,1734.193288078987,33.02655610607664
 05/02  19:15:00,1760.924272217511,21.488872012111937
 05/02  19:30:00,1763.774164253546,9.374664737003899
 05/02  19:45:00,1782.775915977009,7.051925222238109
 05/02  20:00:00,1820.0011154667875,0.0
 05/02  20:15:00,1797.166653881421,0.0
 05/02  20:30:00,1791.4135020558845,0.0
 05/02  20:45:00,1799.6863613560342,0.0
 05/02  21:00:00,1837.8542840537343,0.0
 05/02  21:15:00,1838.7507000720964,0.0
 05/02  21:30:00,1803.3197030177769,0.0
 05/02  21:45:00,1784.587906931577,0.0
 05/02  22:00:00,1801.5053676373525,0.0
 05/02  22:15:00,292.31333333333333,0.0
 05/02  22:30:00,140.31592026204137,0.0
 05/02  22:45:00,44.97999999999999,0.0
 05/02  23:00:00,97.3862778586618,0.0
 05/02  23:15:00,2014.8854907289765,0.0
 05/02  23:30:00,1253.506933333333,0.0
 05/02  23:45:00,1555.7721904224877,0.0
 05/02  24:00:00,118.05534460404436,0.0
 05/03  00:15:00,66.44666666666666,0.0
 05/03  00:30:00,143.39325001124092,0.0
 05/03  00:45:00,134.1796738191069,0.0
 05/03  01:00:00,44.97999999999999,0.0
 05/03  01:15:00,97.39722851527613,0.0
 05/03  01:30:00,140.3207632390411,0.0
 05/03  01:45:00,90.98,0.0
 05/03  02:00:00,112.7436270538769,0.0
 05/03  02:15:00,97.39833951544392,0.0
 05/03  02:30:00,115.7862021423892,0.0
 05/03  02:45:00,90.98,0.0
 05/03  03:00:00,137.27033544895843,0.0
 05/03  03:15:00,97.39161305691516,0.0
 05/03  03:30:00,44.97999999999999,0.0
 05/03  03:45:00,137.27561856465937,0.0
 05/03  04:00:00,143.39697712267412,0.0
 05/03  04:15:00,115.78532519946413,0.0
 05/03  04:30:00,44.97999999999999,0.0
 05/03  04:45:00,112.73734753009036,0.0
 05/03  05:00:00,143.3926245968054,0.0
 05/03  05:15:00,106.58,0.0
 05/03  05:30:00,377.4108138046765,6.965789328968822
 05/03  05:45:00,143.39927354756162,16.71579028610098
 05/03  06:00:00,143.3875798647946,26.546679779403135
 05/03  06:15:00,90.98,36.34695946142464
 05/03  06:30:00,143.39999061370168,46.07767763548827
 05/03  06:45:00,97.38490374313182,60.77199651980089
 05/03  07:00:00,44.97999999999999,79.94300237000138
 05/03  07:15:00,131.1266154042713,101.79506512479338
 05/03  07:30:00,143.375048989766,125.87168722526074
 05/03  07:45:00,1841.0339123581068,153.9831943984159
 05/03  08:00:00,3538.264386562037,183.01081766027056
 05/03  08:15:00,1601.5934213564706,214.3858045500548
 05/03  08:30:00,1650.016751074705,247.79557240547484
 05/03  08:45:00,1635.868395767554,276.20348594699016
 05/03  09:00:00,3097.832647277288,305.81421931724026
 05/03  09:15:00,1993.797006417556,343.5426267162786
 05/03  09:30:00,1820.380913112,373.4897259563442
 05/03  09:45:00,1815.7389460762463,408.4648845072194
 05/03  10:00:00,1678.923770535284,444.20919098295064
 05/03  10:15:00,7939.187348968507,483.24716902980964
 05/03  10:30:00,5657.66736076251,534.4816688649643
 05/03  10:45:00,2002.4532049772777,539.3976229328646
 05/03  11:00:00,1615.592182702432,532.9282109407578
 05/03  11:15:00,51.11333333333332,534.9111086624292
 05/03  11:30:00,79.18075551463468,534.1719161056288
 05/03  11:45:00,90.72213672569164,543.552374543558
 05/03  12:00:00,90.98,551.1565352918691
 05/03  12:15:00,128.00007373721058,563.7145538825073
 05/03  12:30:00,44.97999999999999,573.8465820997575
 05/03  12:45:00,100.39529670050597,575.8060602458872
 05/03  13:00:00,90.98,575.8726982314064
 05/03  13:15:00,143.32385092635533,571.851973825057
 05/03  13:30:00,54.17999999999999,566.5408033549419
 05/03  13:45:00,97.31935196706723,554.8140281418001
 05/03  14:00:00,69.51333333333332,542.0168930794305
 05/03  14:15:00,143.31555686509864,528.8652359076281
 05/03  14:30:00,78.71333333333334,514.4058376226702
 05/03  14:45:00,97.31286661384397,493.0485769426816
 05/03  15:00:00,44.97999999999999,470.8578572436081
 05/03  15:15:00,2000.120914733184,447.4585790054409
 05/03  15:30:00,1585.9678443748344,423.28165760900487
 05/03  15:45:00,1143.5917691608663,378.0805800339793
 05/03  16:00:00,1083.6257959169354,326.05625556835673
 05/03  16:15:00,7961.34629734296,286.5153853876372
 05/03  16:30:00,3819.927369448966,249.77486721320466
 05/03  16:45:00,1959.53463802792,229.34292404084368
 05/03  17:00:00,1609.754590266482,208.4380901392472
 05/03  17:15:00,1225.2115665481203,187.50406731114776
 05/03  17:30:00,2322.487007947747,166.30955790024925
 05/03  17:45:00,2758.5821540769966,127.69219797268009
 05/03  18:00:00,2627.6248464287974,91.42272419111275
 05/03  18:15:00,1986.4895562516597,62.41967970229338
 05/03  18:30:00,2296.977115065652,37.18559707595837
 05/03  18:45:00,985.6252095875396,29.185632033746273
 05/03  19:00:00,981.302724927885,21.135263068651746
 05/03  19:15:00,1008.5825236698712,13.078909360130101
 05/03  19:30:00,1027.118439497099,5.012291683112384
 05/03  19:45:00,1063.055393118949,3.765737315336866
 05/03  20:00:00,1105.6683205147226,0.0
 05/03  20:15:00,1115.9744720666747,0.0
 05/03  20:30:00,1086.2094529072967,0.0
 05/03  20:45:00,1097.6783998962544,0.0
 05/03  21:00:00,1145.8126519867692,0.0
 05/03  21:15:00,1152.6354195700574,0.0
 05/03  21:30:00,1121.0630263184032,0.0
 05/03  21:45:00,1103.3962711964643,0.0
 05/03  22:00:00,1125.201823824509,0.0
 05/03  22:15:00,292.3133333333333,0.0
 05/03  22:30:00,140.29958386502622,0.0
 05/03  22:45:00,44.97999999999999,0.0
 05/03  23:00:00,97.35794887999752,0.0
 05/03  23:15:00,1866.353,0.0
 05/03  23:30:00,1017.0668792143538,0.0
 05/03  23:45:00,194.3700619516012,0.0
 05/03  24:00:00,129.71635999999995,0.0
 05/04  00:15:00,152.7234952487688,0.0
 05/04  00:30:00,90.98,0.0
 05/04  00:45:00,134.17684590418364,0.0
 05/04  01:00:00,97.36404431800034,0.0
 05/04  01:15:00,44.97999999999999,0.0
 05/04  01:30:00,140.31152993395955,0.0
 05/04  01:45:00,143.36483166421033,0.0
 05/04  02:00:00,60.313333333333325,0.0
 05/04  02:15:00,97.38006668567948,0.0
 05/04  02:30:00,115.7670446666535,0.0
 05/04  02:45:00,90.98,0.0
 05/04  03:00:00,137.24990689584013,0.0
 05/04  03:15:00,97.37106584398173,0.0
 05/04  03:30:00,44.97999999999999,0.0
 05/04  03:45:00,137.25580214760424,0.0
 05/04  04:00:00,143.37762422012062,0.0
 05/04  04:15:00,63.38,0.0
 05/04  04:30:00,97.39518661436156,0.0
 05/04  04:45:00,112.71665904412822,0.0
 05/04  05:00:00,90.98,0.0
 05/04  05:15:00,158.99984815091494,0.0
 05/04  05:30:00,377.3865128001892,3.081963254938244
 05/04  05:45:00,90.98,9.109410649870084
 05/04  06:00:00,143.40099451447003,15.251925914385845
 05/04  06:15:00,143.38646478829793,21.375948616858363
 05/04  06:30:00,90.98,27.487058632867644
 05/04  06:45:00,97.39803625661456,38.748790705168965
 05/04  07:00:00,97.38295920594096,50.068914555992535
 05/04  07:15:00,78.71333333333334,61.61341484609084
 05/04  07:30:00,1860.4735386009368,73.32308383447668
 05/04  07:45:00,1791.666539297451,86.09034439657108
 05/04  08:00:00,2863.4525547885587,99.09283197117452
 05/04  08:15:00,1687.9005232114823,112.2201490819668
 05/04  08:30:00,1435.6155361445026,125.51994262903757
 05/04  08:45:00,2390.710339313514,137.9345905638105
 05/04  09:00:00,2233.9206105932817,150.49916722597007
 05/04  09:15:00,1166.438556094508,163.4039091825533
 05/04  09:30:00,1267.6124880315774,176.45535529909498
 05/04  09:45:00,1294.023427477228,186.6153342085233
 05/04  10:00:00,1248.9914940814822,196.83535601700618
 05/04  10:15:00,1224.7232788810247,207.1730055248374
 05/04  10:30:00,1223.006107995937,217.5513459474222
 05/04  10:45:00,1219.622619389389,334.02155529019115
 05/04  11:00:00,1166.5077767310593,426.88289021159153
 05/04  11:15:00,1298.3167011472444,534.9576399336162
 05/04  11:30:00,1246.7982853807207,628.1511204556058
 05/04  11:45:00,1211.7832436122033,598.3807052251492
 05/04  12:00:00,1072.8269985607403,569.9322152524643
 05/04  12:15:00,844.7715754818544,540.1976987381195
 05/04  12:30:00,749.0363112317957,492.4153149411007
 05/04  12:45:00,780.9646520649063,413.96007443768013
 05/04  13:00:00,786.2792681864058,334.32426333992703
 05/04  13:15:00,833.035394775163,239.3440245476986
 05/04  13:30:00,843.8365673259461,149.83312300092652
 05/04  13:45:00,855.4155799661761,147.05476166331806
 05/04  14:00:00,895.0339970806823,143.66550451778446
 05/04  14:15:00,912.9460162459824,140.05830082977357
 05/04  14:30:00,894.5283238703927,136.4773241412161
 05/04  14:45:00,858.1676342049132,130.6163923892685
 05/04  15:00:00,858.6579230430018,124.80662727575276
 05/04  15:15:00,1308.9156080594637,119.17211425323511
 05/04  15:30:00,1253.1654314846646,113.5777056445421
 05/04  15:45:00,930.2186641676932,106.62435705111221
 05/04  16:00:00,864.2781566853353,99.698466017842
 05/04  16:15:00,1056.3049247212136,92.70941131113666
 05/04  16:30:00,7975.844064077308,85.74991677191842
 05/04  16:45:00,3928.976639919456,77.69711743063318
 05/04  17:00:00,2110.136790670084,69.69416445489618
 05/04  17:15:00,1414.10256718082,61.69408670056877
 05/04  17:30:00,1225.7135250434817,53.747071915172
 05/04  17:45:00,3058.485394210431,50.06144043027265
 05/04  18:00:00,2657.0070313572605,46.368259125058614
 05/04  18:15:00,1798.7674076427288,42.70623138514796
 05/04  18:30:00,1936.8676347915584,39.04687625443312
 05/04  18:45:00,1069.352513758775,30.75425628254139
 05/04  19:00:00,1002.0612254989092,22.46607592045964
 05/04  19:15:00,7937.999569753972,14.15857687717839
 05/04  19:30:00,3879.868179874273,5.86841675282232
 05/04  19:45:00,1943.974950695179,4.399985108394826
 05/04  20:00:00,1470.7167527706822,0.0
 05/04  20:15:00,1248.1063767801152,0.0
 05/04  20:30:00,1145.0175382449577,0.0
 05/04  20:45:00,1120.8485801804577,0.0
 05/04  21:00:00,1151.2132000336735,0.0
 05/04  21:15:00,1151.9056262523177,0.0
 05/04  21:30:00,1121.408731116118,0.0
 05/04  21:45:00,1105.3011922186058,0.0
 05/04  22:00:00,1129.7721515123635,0.0
 05/04  22:15:00,1722.015673700957,0.0
 05/04  22:30:00,87.91333333333334,0.0
 05/04  22:45:00,97.39212773726447,0.0
 05/04  23:00:00,44.97999999999999,0.0
 05/04  23:15:00,2003.569899499424,0.0
 05/04  23:30:00,1886.0665705301676,0.0
 05/04  23:45:00,154.9392966666665,0.0
 05/04  24:00:00,195.08843572422205,0.0
 05/05  00:15:00,216.54172620908005,0.0
 05/05  00:30:00,188.67263000000003,0.0
 05/05  00:45:00,231.8894730184101,0.0
 05/05  01:00:00,195.07620294916828,0.0
 05/05  01:15:00,71.031368,0.0
 05/05  01:30:00,140.33119324640347,0.0
 05/05  01:45:00,143.38450503118494,0.0
 05/05  02:00:00,112.70425247484135,0.0
 05/05  02:15:00,44.97999999999999,0.0
 05/05  02:30:00,115.78313631908463,0.0
 05/05  02:45:00,143.36815938850407,0.0
 05/05  03:00:00,84.84666666666666,0.0
 05/05  03:15:00,97.38016766152684,0.0
 05/05  03:30:00,44.97999999999999,0.0
 05/05  03:45:00,137.25878949075675,0.0
 05/05  04:00:00,143.37748184185727,0.0
 05/05  04:15:00,63.38,0.0
 05/05  04:30:00,97.39375092245048,0.0
 05/05  04:45:00,112.71494259833554,0.0
 05/05  05:00:00,90.98,0.0
 05/05  05:15:00,158.99822181691056,0.0
 05/05  05:30:00,377.3857281947209,2.3062767668714392
 05/05  05:45:00,90.98,6.114256796825387
 05/05  06:00:00,143.4021622916821,10.019775714833205
 05/05  06:15:00,143.3889728061995,13.915135435797445
 05/05  06:30:00,143.37553571007405,17.80905844103058
 05/05  06:45:00,44.97999999999999,24.872818094662485
 05/05  07:00:00,97.39038542825398,31.932991422921248
 05/05  07:15:00,131.11042431738045,39.0005329017576
 05/05  07:30:00,1423.329329416932,46.068226748280225
 05/05  07:45:00,1641.646101613946,54.05656860519173
 05/05  08:00:00,2548.151385463735,62.03963125215297
 05/05  08:15:00,1592.9780942743932,70.08698071665175
 05/05  08:30:00,1327.912512347296,78.19076583584643
 05/05  08:45:00,2303.215994377203,85.77927797178859
 05/05  09:00:00,2321.4668816914,93.41512080960347
 05/05  09:15:00,1387.4259157953547,101.01749782313036
 05/05  09:30:00,1434.145741416381,108.65156352759705
 05/05  09:45:00,1437.90050968512,136.21476860879687
 05/05  10:00:00,1374.6822585727778,164.1884227845491
 05/05  10:15:00,1333.2792474153184,192.62181881058874
 05/05  10:30:00,1317.553117552109,221.48240706413927
 05/05  10:45:00,1332.6946697022977,228.2872902883169
 05/05  11:00:00,1302.8949947202254,235.2319765245382
 05/05  11:15:00,1162.4013273221217,242.21501165074397
 05/05  11:30:00,1255.041292333736,249.12027675755368
 05/05  11:45:00,1162.3574031913329,252.11745903614766
 05/05  12:00:00,1048.4642706585298,255.1706785689295
 05/05  12:15:00,1164.2873744074234,258.84718943064655
 05/05  12:30:00,1221.765300097608,262.50464053061654
 05/05  12:45:00,1102.3596136500018,261.6846987340007
 05/05  13:00:00,1119.185126676459,260.8228239181478
 05/05  13:15:00,1103.3037236756536,258.93052124758543
 05/05  13:30:00,1059.2234867809784,256.94557223221994
 05/05  13:45:00,1036.3598662890852,251.02770275410313
 05/05  14:00:00,1047.6569632848232,245.07143436461803
 05/05  14:15:00,1061.144884497222,239.69752224691152
 05/05  14:30:00,1042.806374599833,234.24629862008533
 05/05  14:45:00,1005.2301644724836,224.87298780903404
 05/05  15:00:00,1009.521288738094,215.4516444846314
 05/05  15:15:00,1445.0667262118836,205.47268878525367
 05/05  15:30:00,1373.8980883290765,195.52735966511955
 05/05  15:45:00,1036.1436999373614,196.6425254929686
 05/05  16:00:00,942.3684569456962,205.49714718610787
 05/05  16:15:00,1118.9093860642429,204.7120120968201
 05/05  16:30:00,7978.387387946588,203.26513861291312
 05/05  16:45:00,3934.4343045082887,181.50099766500296
 05/05  17:00:00,2124.8627501078504,156.03342092487867
 05/05  17:15:00,1440.3337662226625,137.25125963194947
 05/05  17:30:00,1262.1896255004724,119.36130708863283
 05/05  17:45:00,3095.122947384536,101.77481351664875
 05/05  18:00:00,2716.2720208449077,84.82785384979647
 05/05  18:15:00,1767.5300012584123,68.64173142751045
 05/05  18:30:00,1910.2790573822972,53.14023475916517
 05/05  18:45:00,1180.7170848030796,42.156895291382035
 05/05  19:00:00,1102.9602044943376,31.406651135074124
 05/05  19:15:00,7949.729039789982,20.160363621946942
 05/05  19:30:00,3888.1823221712607,8.861232416272564
 05/05  19:45:00,1977.0728057966944,6.654629202609192
 05/05  20:00:00,1514.3622221536036,4.6150819476802365
 05/05  20:15:00,1316.0973499377162,0.0
 05/05  20:30:00,1206.5133171463897,0.0
 05/05  20:45:00,1203.1300264723334,0.0
 05/05  21:00:00,1240.8504576496966,0.0
 05/05  21:15:00,1253.1279778877597,0.0
 05/05  21:30:00,1228.0570199262274,0.0
 05/05  21:45:00,1218.626103942193,0.0
 05/05  22:00:00,1248.3152165154952,0.0
 05/05  22:15:00,1593.011657961186,0.0
 05/05  22:30:00,87.91333333333333,0.0
 05/05  22:45:00,97.40625388842584,0.0
 05/05  23:00:00,97.38147449491116,0.0
 05/05  23:15:00,136.32598000000002,0.0
 05/05  23:30:00,982.6062006659502,0.0
 05/05  23:45:00,154.99366519516286,0.0
 05/05  24:00:00,90.32598,0.0
 05/06  00:15:00,164.20730855473994,0.0
 05/06  00:30:00,188.72705221703467,0.0
 05/06  00:45:00,127.12598,0.0
 05/06  01:00:00,142.74116984957655,0.0
 05/06  01:15:00,1068.9109185361867,0.0
 05/06  01:30:00,1324.0463253333337,0.0
 05/06  01:45:00,188.74698654730489,0.0
 05/06  02:00:00,158.0783754132428,0.0
 05/06  02:15:00,78.23371866666666,0.0
 05/06  02:30:00,115.8075137005554,0.0
 05/06  02:45:00,143.3961258796199,0.0
 05/06  03:00:00,137.2513225432918,0.0
 05/06  03:15:00,44.97999999999999,0.0
 05/06  03:30:00,97.40128305433127,0.0
 05/06  03:45:00,137.25544891905264,0.0
 05/06  04:00:00,90.98,0.0
 05/06  04:15:00,115.8063666066717,0.0
 05/06  04:30:00,97.39519543360684,0.0
 05/06  04:45:00,112.71728618718248,0.0
 05/06  05:00:00,90.98,0.0
 05/06  05:15:00,159.00420938431415,2.9007486793333683
 05/06  05:30:00,377.4089663589781,3.873664980123256
 05/06  05:45:00,90.98,7.465880639090658
 05/06  06:00:00,143.41558937891523,11.212797669965482
 05/06  06:15:00,143.4049687897229,14.958888821444019
 05/06  06:30:00,143.39425499372584,18.70845035302019
 05/06  06:45:00,44.97999999999999,25.84899215194359
 05/06  07:00:00,97.41476519868792,32.992698799296875
 05/06  07:15:00,131.13919420354503,40.17483603905721
 05/06  07:30:00,143.3970507637498,47.37193467585649
 05/06  07:45:00,1342.1752682081703,55.69553163967494
 05/06  08:00:00,2585.1104376877265,64.03448054059577
 05/06  08:15:00,1570.8878658360654,72.45320940813279
 05/06  08:30:00,1320.1656187188282,80.94682427791825
 05/06  08:45:00,1265.93560503574,88.74170466917536
 05/06  09:00:00,2504.130680104039,96.5998944637617
 05/06  09:15:00,1894.574199206712,104.49291498723613
 05/06  09:30:00,1724.7075615998906,112.44257695182682
 05/06  09:45:00,1692.6037679244507,118.67155544840917
 05/06  10:00:00,1677.2795734765195,124.94996164209397
 05/06  10:15:00,7939.236384900317,131.2083284458841
 05/06  10:30:00,5678.961799055403,137.48880806109324
 05/06  10:45:00,2161.0313919133705,141.97919524302696
 05/06  11:00:00,1731.2106256894515,146.5037083567873
 05/06  11:15:00,51.11333333333333,151.0053985805451
 05/06  11:30:00,97.44185262700162,155.5175403631163
 05/06  11:45:00,125.03435249815035,157.1892399064649
 05/06  12:00:00,143.4268059279382,158.8745500146492
 05/06  12:15:00,128.08638228360266,160.62452817342333
 05/06  12:30:00,44.97999999999999,162.3587907148392
 05/06  12:45:00,100.51436239665416,161.63635973842696
 05/06  13:00:00,143.44099275125268,160.91142956956654
 05/06  13:15:00,143.43414237143364,160.1166258844429
 05/06  13:30:00,106.62729560970055,159.30032100704523
 05/06  13:45:00,97.42045369687006,155.83023252157773
 05/06  14:00:00,69.51333333333332,152.37190351575927
 05/06  14:15:00,143.44848035919927,148.92302565621716
 05/06  14:30:00,131.17473302021585,145.45942688339787
 05/06  14:45:00,97.4342672018428,139.37249732812342
 05/06  15:00:00,97.4270825991396,133.32140052186023
 05/06  15:15:00,2578.9077140273503,127.25743857236598
 05/06  15:30:00,2532.3227494736257,121.23423005462843
 05/06  15:45:00,2118.162261001993,113.63542243452014
 05/06  16:00:00,1873.99816716396,106.08787010104749
 05/06  16:15:00,7960.560822698128,98.63175402777401
 05/06  16:30:00,5713.060819114389,91.21334635079745
 05/06  16:45:00,2556.5912296582583,82.86089947871703
 05/06  17:00:00,2054.8128024640005,74.561454991034
 05/06  17:15:00,1916.1114446452548,66.28127995515982
 05/06  17:30:00,2694.4750530061056,58.05232189926844
 05/06  17:45:00,3570.3382185401238,50.02172249370406
 05/06  18:00:00,3467.86405204979,41.99029503296662
 05/06  18:15:00,2646.9128321122207,33.954403349393615
 05/06  18:30:00,2764.685607793572,25.927474487607466
 05/06  18:45:00,1894.9306295009872,20.586894726396224
 05/06  19:00:00,1743.1123673727598,15.247342221849792
 05/06  19:15:00,1774.8461317405995,9.898503480997661
 05/06  19:30:00,1781.0133595660504,4.5598401062079095
 05/06  19:45:00,1808.392660587518,3.4178684056505073
 05/06  20:00:00,1847.337507599628,2.3728570961519955
 05/06  20:15:00,1842.040826340712,0.0
 05/06  20:30:00,1802.1453179151413,0.0
 05/06  20:45:00,1852.022489030672,0.0
 05/06  21:00:00,1903.733020568168,0.0
 05/06  21:15:00,1917.28939224058,0.0
 05/06  21:30:00,1890.3907506586372,0.0
 05/06  21:45:00,1880.2536565005807,0.0
 05/06  22:00:00,1911.515110987324,0.0
 05/06  22:15:00,292.31333333333333,0.0
 05/06  22:30:00,140.39012632301694,0.0
 05/06  22:45:00,97.45222570713914,0.0
 05/06  23:00:00,97.46563107755098,0.0
 05/06  23:15:00,143.44163532819573,0.0
 05/06  23:30:00,143.43540902548483,0.0
 05/06  23:45:00,99.5878865264896,0.0
 05/06  24:00:00,55.08821902169795,0.0
 05/07  00:15:00,118.92548230620348,0.0
 05/07  00:30:00,143.4529116566399,0.0
 05/07  00:45:00,134.24697374835813,0.0
 05/07  01:00:00,97.44100177143994,0.0
 05/07  01:15:00,97.43685586659352,0.0
 05/07  01:30:00,140.36623076265255,0.0
 05/07  01:45:00,90.98,0.0
 05/07  02:00:00,112.80103021265484,0.0
 05/07  02:15:00,97.4635074945204,0.0
 05/07  02:30:00,115.85939294909583,0.0
 05/07  02:45:00,143.45535481728223,0.0
 05/07  03:00:00,137.31806130864658,0.0
 05/07  03:15:00,97.44751396557666,0.0
 05/07  03:30:00,97.44371417325752,0.0
 05/07  03:45:00,84.84666666666666,0.0
 05/07  04:00:00,143.47833656947716,0.0
 05/07  04:15:00,115.8740975797144,0.0
 05/07  04:30:00,97.46984280932575,0.0
 05/07  04:45:00,112.7989055596042,0.0
 05/07  05:00:00,143.4612859342946,0.0
 05/07  05:15:00,159.05782959484273,7.192559841906799
 05/07  05:30:00,377.4544572179109,9.60699307123862
 05/07  05:45:00,143.45116996617585,20.469704029283402
 05/07  06:00:00,143.44796911386348,31.417363878099117
 05/07  06:15:00,90.98,41.78792019044389
 05/07  06:30:00,143.47770645151218,52.27867239563107
 05/07  06:45:00,97.47135870583487,65.7299617494087
 05/07  07:00:00,97.4647600373825,86.35982381809089
 05/07  07:15:00,131.1912403363317,112.8924667598948
 05/07  07:30:00,143.45079578008654,147.02029263882324
 05/07  07:45:00,1558.9896642712372,171.60856575372588
 05/07  08:00:00,3450.4725048261303,195.70640978054962
 05/07  08:15:00,1633.6017317631245,216.8180461433106
 05/07  08:30:00,1654.552739678914,234.9730309281596
 05/07  08:45:00,1638.5554435233232,226.2094033921411
 05/07  09:00:00,3392.940178423564,219.71197540948074
 05/07  09:15:00,2057.738117471012,210.0256846603776
 05/07  09:30:00,2077.627304248726,189.2393545722748
 05/07  09:45:00,2078.7226780804717,200.3115381495173
 05/07  10:00:00,2057.4864737653784,210.84786584991787
 05/07  10:15:00,7939.060569642133,221.18001202640446
 05/07  10:30:00,5694.349223606248,231.3432319836037
 05/07  10:45:00,2741.554585630671,238.3532268752615
 05/07  11:00:00,2112.2085333154,245.3321701006814
 05/07  11:15:00,51.11333333333333,252.4471753325554
 05/07  11:30:00,97.43501783355217,259.52400344223975
 05/07  11:45:00,125.03151461879423,262.19153632332944
 05/07  12:00:00,143.40375592179734,264.8719721030091
 05/07  12:15:00,75.64666666666666,267.3142119596393
 05/07  12:30:00,97.42439596418122,269.6476429509984
 05/07  12:45:00,100.4804867391518,267.7158481610688
 05/07  13:00:00,143.4030500688841,265.74463340014876
 05/07  13:15:00,90.98,263.7830272239364
 05/07  13:30:00,106.62443861185204,261.6933526583121
 05/07  13:45:00,97.41439813070596,255.16290503656523
 05/07  14:00:00,121.93757208205896,248.57724409884122
 05/07  14:15:00,90.98,243.41239565446324
 05/07  14:30:00,131.1589285599638,238.0853858104562
 05/07  14:45:00,97.41556843516356,229.17319744965044
 05/07  15:00:00,97.40542299493023,220.03207367883851
 05/07  15:15:00,2549.500974662603,210.78786709006582
 05/07  15:30:00,2529.873883692924,201.24574655755058
 05/07  15:45:00,2156.4374018882168,187.95630499773284
 05/07  16:00:00,2029.368187420476,174.9376857214361
 05/07  16:15:00,7960.524603910282,162.00253655184332
 05/07  16:30:00,5731.075772754746,149.46263160756578
 05/07  16:45:00,2785.9012131928584,135.3257279141434
 05/07  17:00:00,2298.062877272614,121.40004366374326
 05/07  17:15:00,2064.5037043382254,107.58670434999217
 05/07  17:30:00,3203.779795719567,94.0338358339585
 05/07  17:45:00,4123.129541267078,80.98537680488062
 05/07  18:00:00,3856.6572917348262,68.11286194106731
 05/07  18:15:00,3176.85078878434,55.477715219271886
 05/07  18:30:00,3245.6399448661277,43.00262168263234
 05/07  18:45:00,2034.9969325544655,35.31250604757208
 05/07  19:00:00,2051.7865770852,27.577237427029385
 05/07  19:15:00,2020.2672607810669,19.826551473571655
 05/07  19:30:00,2005.744094915981,12.073170102078178
 05/07  19:45:00,2024.7393381480208,9.059607380814333
 05/07  20:00:00,2052.6330943599564,6.270687171617954
 05/07  20:15:00,2047.117725940548,0.0
 05/07  20:30:00,2175.959765347978,0.0
 05/07  20:45:00,2172.5624239802232,0.0
 05/07  21:00:00,2209.4319851721834,0.0
 05/07  21:15:00,2215.6452240391573,0.0
 05/07  21:30:00,2189.3112705931217,0.0
 05/07  21:45:00,2171.6816392675946,0.0
 05/07  22:00:00,2187.5824873903352,0.0
 05/07  22:15:00,292.31333333333333,0.0
 05/07  22:30:00,140.38786132164878,0.0
 05/07  22:45:00,97.4497246808066,0.0
 05/07  23:00:00,97.44505450288456,0.0
 05/07  23:15:00,1105.1788434616917,0.0
 05/07  23:30:00,203.14638425445963,0.0
 05/07  23:45:00,116.93512666666666,0.0
 05/07  24:00:00,157.1534172154165,0.0
 05/08  00:15:00,122.90547221784836,0.0
 05/08  00:30:00,143.45419998299997,0.0
 05/08  00:45:00,134.2488331648046,0.0
 05/08  01:00:00,97.44347511452752,0.0
 05/08  01:15:00,97.43880287499076,0.0
 05/08  01:30:00,140.36755487964257,0.0
 05/08  01:45:00,90.98,0.0
 05/08  02:00:00,112.80078934549869,0.0
 05/08  02:15:00,97.46369817827892,0.0
 05/08  02:30:00,115.8600731895171,0.0
 05/08  02:45:00,143.45658375602264,0.0
 05/08  03:00:00,137.3198989880423,0.0
 05/08  03:15:00,97.4486677729516,0.0
 05/08  03:30:00,97.4440851144257,0.0
 05/08  03:45:00,118.1850529712104,0.0
 05/08  04:00:00,110.10498838277232,0.0
 05/08  04:15:00,115.87236179829526,0.0
 05/08  04:30:00,97.46787352515123,0.0
 05/08  04:45:00,112.796700607706,0.0
 05/08  05:00:00,143.45884301367107,0.0
 05/08  05:15:00,159.0532855682567,6.578524319303091
 05/08  05:30:00,377.4475903757989,8.772850146872498
 05/08  05:45:00,143.44175549486366,14.645870849755372
 05/08  06:00:00,96.66930695904648,20.80009406131056
 05/08  06:15:00,137.77269828832237,26.89374138471556
 05/08  06:30:00,143.46160213210598,32.94949664896225
 05/08  06:45:00,97.45309879485072,44.54876389455586
 05/08  07:00:00,97.44423052857222,56.40570214315626
 05/08  07:15:00,131.1696762134415,68.50682666047695
 05/08  07:30:00,143.42823536818412,80.78489849802484
 05/08  07:45:00,1751.1727954128912,94.34968348869108
 05/08  08:00:00,3521.0575115023835,108.17928709669297
 05/08  08:15:00,1619.8091671265606,122.21268503767874
 05/08  08:30:00,1670.3656808995215,136.4536708908888
 05/08  08:45:00,1656.9740431604191,149.15886674931411
 05/08  09:00:00,3429.8973134051157,162.27149346282638
 05/08  09:15:00,2081.2500078192843,175.81025073774924
 05/08  09:30:00,2102.8787021117814,189.69345591664305
 05/08  09:45:00,2104.052770387244,200.68129481093774
 05/08  10:00:00,2082.930795250704,211.75202201390377
 05/08  10:15:00,7939.086965625331,222.8908305849434
 05/08  10:30:00,5717.294830709121,234.06260410547202
 05/08  10:45:00,2769.703376024657,241.00677235958744
 05/08  11:00:00,2139.5285071183,247.71715718437986
 05/08  11:15:00,51.11333333333333,254.33003941241
 05/08  11:30:00,97.43743419389506,260.7616358596226
 05/08  11:45:00,125.03695386439844,263.73324889380496
 05/08  12:00:00,143.41202718826756,266.68768972310374
 05/08  12:15:00,75.64666666666666,268.92602457910687
 05/08  12:30:00,97.428646054443,271.07661927914154
 05/08  12:45:00,100.48229391984567,268.95506651556354
 05/08  13:00:00,143.4021048694499,266.8121914856162
 05/08  13:15:00,90.98,265.12280400910424
 05/08  13:30:00,106.62014377847242,263.38529138891295
 05/08  13:45:00,97.40827492749575,257.94039326199686
 05/08  14:00:00,121.92946208432832,252.40488984798836
 05/08  14:15:00,90.98,246.94434168793825
 05/08  14:30:00,131.14751002413902,241.24682137452848
 05/08  14:45:00,97.40235462320447,231.22864290111409
 05/08  15:00:00,97.39029979410252,221.20664174966055
 05/08  15:15:00,2565.330093198907,210.96336418405065
 05/08  15:30:00,2553.130717773655,200.7479156264627
 05/08  15:45:00,2192.0757565152617,187.31644192642244
 05/08  16:00:00,2053.961155333167,174.14821829304282
 05/08  16:15:00,7960.549244720405,161.52778940751082
 05/08  16:30:00,5750.922649261183,149.1690588339941
 05/08  16:45:00,2809.7706328069903,134.8679862342872
 05/08  17:00:00,2321.408055619696,120.88781721559893
 05/08  17:15:00,2088.357393546099,107.15824377769789
 05/08  17:30:00,3387.2645949258617,93.80444054548043
 05/08  17:45:00,4224.571093362656,81.04361919118583
 05/08  18:00:00,3876.429420834775,68.41976360271575
 05/08  18:15:00,3438.233357141631,55.94835602013788
 05/08  18:30:00,3319.4973206014465,43.64481313016666
 05/08  18:45:00,2044.456000328989,34.640437931103065
 05/08  19:00:00,2073.8222476345054,25.590332291872656
 05/08  19:15:00,2042.5962754359607,16.5422723412403
 05/08  19:30:00,2028.7323815699824,7.5045025478974
 05/08  19:45:00,2048.4724598701173,5.629699947145352
 05/08  20:00:00,2077.097516123158,3.752587697137034
 05/08  20:15:00,2071.6639854967143,0.0
 05/08  20:30:00,2200.191991995337,0.0
 05/08  20:45:00,2195.7851155033086,0.0
 05/08  21:00:00,2231.303376277018,0.0
 05/08  21:15:00,2236.226036816134,0.0
 05/08  21:30:00,2208.7021453229327,0.0
 05/08  21:45:00,2189.907509616961,0.0
 05/08  22:00:00,2204.6073158116938,0.0
 05/08  22:15:00,292.31333333333333,0.0
 05/08  22:30:00,140.3649497226359,0.0
 05/08  22:45:00,97.43200810016484,0.0
 05/08  23:00:00,97.40665645739412,0.0
 05/08  23:15:00,90.98,0.0
 05/08  23:30:00,143.4291666198783,0.0
 05/08  23:45:00,109.68627773375628,0.0
 05/08  24:00:00,97.4099347524259,0.0
 05/09  00:15:00,66.44666666666666,0.0
 05/09  00:30:00,143.43289242282663,0.0
 05/09  00:45:00,134.22371488286754,0.0
 05/09  01:00:00,97.41445663724062,0.0
 05/09  01:15:00,97.40511722453913,0.0
 05/09  01:30:00,87.91333333333333,0.0
 05/09  01:45:00,143.42842981876566,0.0
 05/09  02:00:00,112.75262672473303,0.0
 05/09  02:15:00,97.40957144791412,0.0
 05/09  02:30:00,63.38,0.0
 05/09  02:45:00,143.431729760483,0.0
 05/09  03:00:00,137.28869947219576,0.0
 05/09  03:15:00,97.41202687920074,0.0
 05/09  03:30:00,97.4018577625346,0.0
 05/09  03:45:00,84.84666666666666,0.0
 05/09  04:00:00,143.4233474403773,0.0
 05/09  04:15:00,115.81381702578854,0.0
 05/09  04:30:00,97.40419783469169,0.0
 05/09  04:45:00,60.313333333333325,0.0
 05/09  05:00:00,143.4268764856019,0.0
 05/09  05:15:00,159.01745644379665,3.51233011262295
 05/09  05:30:00,377.4079499607657,4.686193721849928
 05/09  05:45:00,90.98,11.683086234149819
 05/09  06:00:00,143.43070014189897,18.866001618542317
 05/09  06:15:00,143.42139287708147,26.05001058915825
 05/09  06:30:00,143.41200168936894,33.13384656246932
 05/09  06:45:00,97.40252639267165,44.60512595402517
 05/09  07:00:00,44.97999999999999,56.37281462068896
 05/09  07:15:00,131.15830500693224,68.35351823106048
 05/09  07:30:00,143.41494383935236,80.51537013397646
 05/09  07:45:00,1853.712139767293,93.7697585713845
 05/09  08:00:00,3512.673443330304,107.28533435280099
 05/09  08:15:00,1622.9705981951136,121.04633467790457
 05/09  08:30:00,1674.7261623066952,135.02567403508883
 05/09  08:45:00,1666.064727882679,147.70391968228998
 05/09  09:00:00,3440.117719220347,160.80460272932336
 05/09  09:15:00,2079.333265929952,174.22140745733432
 05/09  09:30:00,2105.4005833675783,187.96583005706088
 05/09  09:45:00,2107.575999196586,198.8744358061008
 05/09  10:00:00,2086.50368661107,209.83983848471408
 05/09  10:15:00,7939.09127003383,220.88618619901268
 05/09  10:30:00,5720.716010961957,231.95288229739924
 05/09  10:45:00,2774.116628115453,301.4040349289806
 05/09  11:00:00,2143.061622879492,374.597680395251
 05/09  11:15:00,51.11333333333333,434.95325132842265
 05/09  11:30:00,97.41947438589524,496.0858881478648
 05/09  11:45:00,125.01474121099145,449.97493029277894
 05/09  12:00:00,90.98,403.562165988444
 05/09  12:15:00,128.08339330396805,338.5340106341283
 05/09  12:30:00,97.4050570750674,271.6777090452441
 05/09  12:45:00,100.45983996157943,315.3511146863841
 05/09  13:00:00,90.98,340.46833544788154
 05/09  13:15:00,143.4104082725433,364.9975474581762
 05/09  13:30:00,106.59788571089813,388.840986095329
 05/09  13:45:00,97.38507768013196,418.8276164576969
 05/09  14:00:00,69.51333333333332,430.8289114973777
 05/09  14:15:00,143.40120330661748,442.03372623276977
 05/09  14:30:00,131.12165090766592,451.7127564938941
 05/09  14:45:00,44.97999999999999,451.38188437095715
 05/09  15:00:00,97.40386171104478,449.1170793295437
 05/09  15:15:00,2589.5109180889926,456.8103611203312
 05/09  15:30:00,2535.946327453409,448.90614113175116
 05/09  15:45:00,2163.091102552647,388.472607738119
 05/09  16:00:00,2035.8713323070249,322.2836481079528
 05/09  16:15:00,7960.530983611432,269.0307103456018
 05/09  16:30:00,5735.232604832849,211.97055567163898
 05/09  16:45:00,2791.0663266596584,213.7422516044361
 05/09  17:00:00,2301.8394746168497,205.17864500510484
 05/09  17:15:00,2067.2891788080638,194.55511719638855
 05/09  17:30:00,3306.0336832966404,181.3329017518902
 05/09  17:45:00,4221.641930429302,148.9064877272325
 05/09  18:00:00,3853.168683319348,119.99553938326822
 05/09  18:15:00,3363.303291469735,94.76405685269499
 05/09  18:30:00,3294.658325734059,73.29763533262737
 05/09  18:45:00,2024.0120954767024,56.5944388054526
 05/09  19:00:00,2050.5447414694627,42.899677457803904
 05/09  19:15:00,2019.319948823728,30.183305049346487
 05/09  19:30:00,2005.6086991205984,16.38491767846281
 05/09  19:45:00,2025.5886265122565,12.303335215067225
 05/09  20:00:00,2054.5166897654403,8.207569155745743
 05/09  20:15:00,2049.351284978635,0.0
 05/09  20:30:00,2178.1400182372645,0.0
 05/09  20:45:00,2173.9584833662216,0.0
 05/09  21:00:00,2209.63896767317,0.0
 05/09  21:15:00,2214.90379350952,0.0
 05/09  21:30:00,2187.811625254899,0.0
 05/09  21:45:00,2169.558841867504,0.0
 05/09  22:00:00,2184.8514339672174,0.0
 05/09  22:15:00,292.31333333333333,0.0
 05/09  22:30:00,140.35944635945592,0.0
 05/09  22:45:00,97.42687027509412,0.0
 05/09  23:00:00,97.40227281127106,0.0
 05/09  23:15:00,1962.4762666666668,0.0
 05/09  23:30:00,1305.9550594427792,0.0
 05/09  23:45:00,1555.8179744880888,0.0
 05/09  24:00:00,118.09505220574988,0.0
 05/10  00:15:00,66.44666666666666,0.0
 05/10  00:30:00,143.4363935734907,0.0
 05/10  00:45:00,134.22733978784063,0.0
 05/10  01:00:00,97.41817726409217,0.0
 05/10  01:15:00,97.409580141189,0.0
 05/10  01:30:00,87.91333333333333,0.0
 05/10  01:45:00,143.4344503258314,0.0
 05/10  02:00:00,112.75951157151847,0.0
 05/10  02:15:00,97.41838647207577,0.0
 05/10  02:30:00,115.81062979988808,0.0
 05/10  02:45:00,90.98,0.0
 05/10  03:00:00,137.30413688640778,0.0
 05/10  03:15:00,97.42920585231006,0.0
 05/10  03:30:00,97.42086714251408,0.0
 05/10  03:45:00,137.27912026302374,0.0
 05/10  04:00:00,90.98,0.0
 05/10  04:15:00,115.83813250214207,0.0
 05/10  04:30:00,97.43043552619476,0.0
 05/10  04:45:00,112.75605825391652,0.0
 05/10  05:00:00,143.41500201467778,0.0
 05/10  05:15:00,106.58,8.84079005879697
 05/10  05:30:00,377.438125404503,11.788166265367195
 05/10  05:45:00,143.42864785869054,22.568679816414353
 05/10  06:00:00,143.4189564406447,33.55787806981291
 05/10  06:15:00,143.4080322666482,43.9114495789243
 05/10  06:30:00,90.98,54.42479880862915
 05/10  06:45:00,97.42740213094368,69.78384800484102
 05/10  07:00:00,97.41585376490652,90.92992187039732
 05/10  07:15:00,131.13643597057543,114.85927072625248
 05/10  07:30:00,90.98,140.67798680462394
 05/10  07:45:00,1797.7245304327564,168.42375303483666
 05/10  08:00:00,3505.1434966642164,198.75720719887377
 05/10  08:15:00,1605.4037834600665,231.50347011233362
 05/10  08:30:00,1657.669630418517,266.24351684637026
 05/10  08:45:00,1644.209616746008,273.83039049136727
 05/10  09:00:00,3398.1191831255787,277.73287286613953
 05/10  09:15:00,2052.4812353014668,270.0306784793937
 05/10  09:30:00,2076.5705316917183,266.15615712810063
 05/10  09:45:00,2078.572909558994,283.0508631969885
 05/10  10:00:00,2057.24855110043,299.7648159896225
 05/10  10:15:00,7939.061861425756,316.2922665131741
 05/10  10:30:00,5693.785093747109,332.7883479887301
 05/10  10:45:00,2741.6721736371587,344.07838164057665
 05/10  11:00:00,2112.199093711274,354.8849189124655
 05/10  11:15:00,51.11333333333333,365.46978589004965
 05/10  11:30:00,97.40080944066926,375.62821216094926
 05/10  11:45:00,124.99479894768196,353.4891936339823
 05/10  12:00:00,90.98,331.2373496311229
 05/10  12:15:00,128.06197011546408,290.42559247947077
 05/10  12:30:00,97.381875234184,268.1059949876514
 05/10  12:45:00,48.04666666666666,312.07260017721865
 05/10  13:00:00,143.39638814041595,337.6236106837043
 05/10  13:15:00,143.38029613097555,362.0665690172914
 05/10  13:30:00,54.17999999999999,385.6403064421685
 05/10  13:45:00,97.38846124332667,349.8784985792886
 05/10  14:00:00,121.9046647350052,315.38701012106196
 05/10  14:15:00,90.98,281.94950670056545
 05/10  14:30:00,131.11749861223035,235.38590846838972
 05/10  14:45:00,97.36989367264562,226.6679492778283
 05/10  15:00:00,44.97999999999999,217.41386956461918
 05/10  15:15:00,2584.4855912392177,208.0230620073298
 05/10  15:30:00,2516.581477536992,198.43874346483145
 05/10  15:45:00,2146.848498202613,185.57079496088474
 05/10  16:00:00,2019.795944457859,172.9180509115237
 05/10  16:15:00,7960.5156242422045,160.38218445596942
 05/10  16:30:00,5719.661403954553,148.09235150616493
 05/10  16:45:00,2772.180176639828,133.99021417645733
 05/10  17:00:00,2283.862038771605,120.2371329153558
 05/10  17:15:00,2050.188696524332,106.95840656518502
 05/10  17:30:00,3222.374147044444,94.05838565865596
 05/10  17:45:00,4123.422559021524,77.21759157860834
 05/10  18:00:00,3789.526875352504,60.61666440646384
 05/10  18:15:00,3836.9097478288513,44.1017122895649
 05/10  18:30:00,2979.5346500268533,27.297901915267342
 05/10  18:45:00,2014.089456202041,21.779257182985738
 05/10  19:00:00,2037.643847155648,16.241193975977264
 05/10  19:15:00,2006.300698879664,10.704793564428488
 05/10  19:30:00,1992.434031909998,5.165553114443129
 05/10  19:45:00,2012.321944193476,3.8773842256461863
 05/10  20:00:00,2041.118514545131,2.5866423094728472
 05/10  20:15:00,2035.722197117597,0.0
 05/10  20:30:00,2164.2529442127525,0.0
 05/10  20:45:00,2135.759012420638,0.0
 05/10  21:00:00,2187.1007189509805,0.0
 05/10  21:15:00,2194.5069981485326,0.0
 05/10  21:30:00,2145.5083156112128,0.0
 05/10  21:45:00,2129.0369467735304,0.0
 05/10  22:00:00,2146.0288123034343,0.0
 05/10  22:15:00,292.31333333333333,0.0
 05/10  22:30:00,140.34403338246804,0.0
 05/10  22:45:00,97.40739349861688,0.0
 05/10  23:00:00,44.97999999999999,0.0
 05/10  23:15:00,1918.788370129079,0.0
 05/10  23:30:00,1017.1174950792938,0.0
 05/10  23:45:00,194.42033478762937,0.0
 05/10  24:00:00,129.71635999999995,0.0
 05/11  00:15:00,152.7727886611204,0.0
 05/11  00:30:00,143.39961115615228,0.0
 05/11  00:45:00,81.78,0.0
 05/11  01:00:00,97.4167803058658,0.0
 05/11  01:15:00,97.40664617398352,0.0
 05/11  01:30:00,140.329823823408,0.0
 05/11  01:45:00,90.98,0.0
 05/11  02:00:00,112.75153318076336,0.0
 05/11  02:15:00,97.40704620924448,0.0
 05/11  02:30:00,115.7957103171851,0.0
 05/11  02:45:00,90.98,0.0
 05/11  03:00:00,137.28132429855498,0.0
 05/11  03:15:00,97.40298059919724,0.0
 05/11  03:30:00,97.39107561028403,0.0
 05/11  03:45:00,84.84666666666666,0.0
 05/11  04:00:00,143.40890355234498,0.0
 05/11  04:15:00,115.79703873340208,0.0
 05/11  04:30:00,44.97999999999999,0.0
 05/11  04:45:00,112.74793104735352,0.0
 05/11  05:00:00,143.40265875203696,0.0
 05/11  05:15:00,158.99117157668138,4.065189717641824
 05/11  05:30:00,324.97999999999985,5.2207198504473125
 05/11  05:45:00,143.40995393457763,12.533838386432373
 05/11  06:00:00,143.39862374964582,19.852962299819183
 05/11  06:15:00,143.38546083571157,27.143409995338978
 05/11  06:30:00,90.98,34.26407155673781
 05/11  06:45:00,97.40055388354465,45.57211376489056
 05/11  07:00:00,97.38694867178782,57.152242251716295
 05/11  07:15:00,78.71333333333334,68.95585412658139
 05/11  07:30:00,1781.3312874187736,80.9259492020021
 05/11  07:45:00,2063.3398960085565,81.58746007214906
 05/11  08:00:00,3204.6730360033325,82.06221275258225
 05/11  08:15:00,1642.0090380336128,82.47909895219719
 05/11  08:30:00,1653.9014707499557,82.82134753033863
 05/11  08:45:00,3447.6994745095867,107.97008967402866
 05/11  09:00:00,3341.187796741513,133.49860488948912
 05/11  09:15:00,2027.0789625546056,159.32787112683764
 05/11  09:30:00,2052.033280123446,185.56206305185177
 05/11  09:45:00,2062.9000788223493,195.73070296609262
 05/11  10:00:00,2043.5522305498628,206.33214145125658
 05/11  10:15:00,2013.033044418337,217.24730977462548
 05/11  10:30:00,2016.2233373903496,228.3665095251462
 05/11  10:45:00,2054.46468029996,235.25048730247823
 05/11  11:00:00,2052.9260195748707,241.9378036173821
 05/11  11:15:00,1450.5521240424505,248.3901499705226
 05/11  11:30:00,1594.755025918084,254.66743222366574
 05/11  11:45:00,1570.3217009780806,257.39489456870757
 05/11  12:00:00,1583.670408995822,260.1127499997528
 05/11  12:15:00,1804.3170568185287,262.8495455099249
 05/11  12:30:00,2103.884525203858,265.5110734683183
 05/11  12:45:00,2005.9923464568865,263.81085783961447
 05/11  13:00:00,2045.7869071017928,262.0910307866586
 05/11  13:15:00,1891.2663774225464,260.3773321054284
 05/11  13:30:00,1932.382650302033,258.60053445144644
 05/11  13:45:00,1862.4273103569808,252.7030411369617
 05/11  14:00:00,1866.610331555098,246.8204853260188
 05/11  14:15:00,1857.465775847813,240.6838937082553
 05/11  14:30:00,1819.6406363511016,234.5356857727803
 05/11  14:45:00,1763.4680943991025,225.4181319068365
 05/11  15:00:00,1750.0365533520423,216.194914193586
 05/11  15:15:00,2179.115642423788,207.14139099914075
 05/11  15:30:00,2108.441087629245,197.8675949826532
 05/11  15:45:00,1795.7955037862423,169.82167892621408
 05/11  16:00:00,1731.9134190768546,142.50356939315887
 05/11  16:15:00,1938.2496869590493,115.75307219557266
 05/11  16:30:00,7985.110948083402,89.6651526379466
 05/11  16:45:00,5752.9070886838845,86.54082888559373
 05/11  17:00:00,2733.7410876453314,83.31148199891469
 05/11  17:15:00,1864.3135629634523,80.09403593709294
 05/11  17:30:00,1947.051584514201,76.85396995492692
 05/11  17:45:00,3799.559962852675,68.8341106896409
 05/11  18:00:00,3517.9427849233307,60.87963254669805
 05/11  18:15:00,3074.8130442188067,52.97470811203173
 05/11  18:30:00,3162.299476358546,45.13429074900342
 05/11  18:45:00,1902.2767639668996,37.0760335683184
 05/11  19:00:00,1802.7501025589872,28.915754866905715
 05/11  19:15:00,7954.471322030258,20.75189402032408
 05/11  19:30:00,5689.796988957987,12.586975542825487
 05/11  19:45:00,2221.3912055036308,9.444720210814362
 05/11  20:00:00,1756.2541126908957,6.297316822197237
 05/11  20:15:00,2039.4803237004755,0.0
 05/11  20:30:00,1832.534080410726,0.0
 05/11  20:45:00,1887.2282316470532,0.0
 05/11  21:00:00,1937.39043215611,0.0
 05/11  21:15:00,1940.767058271338,0.0
 05/11  21:30:00,1908.1758866229884,0.0
 05/11  21:45:00,1891.534228774414,0.0
 05/11  22:00:00,1913.1878950321257,0.0
 05/11  22:15:00,1821.770316095092,0.0
 05/11  22:30:00,87.91333333333334,0.0
 05/11  22:45:00,97.41123484840986,0.0
 05/11  23:00:00,97.40255873468789,0.0
 05/11  23:15:00,1951.154,0.0
 05/11  23:30:00,1886.0818781582009,0.0
 05/11  23:45:00,207.36084571722785,0.0
 05/11  24:00:00,142.67263,0.0
 05/12  00:15:00,216.5739316759258,0.0
 05/12  00:30:00,241.09638944469597,0.0
 05/12  00:45:00,231.88542458825975,0.0
 05/12  01:00:00,142.67263,0.0
 05/12  01:15:00,123.4647869506114,0.0
 05/12  01:30:00,140.3368769366337,0.0
 05/12  01:45:00,143.39367227598785,0.0
 05/12  02:00:00,60.313333333333325,0.0
 05/12  02:15:00,97.41523211957156,0.0
 05/12  02:30:00,115.80481965233778,0.0
 05/12  02:45:00,143.39430761705964,0.0
 05/12  03:00:00,84.84666666666666,0.0
 05/12  03:15:00,97.4153313489452,0.0
 05/12  03:30:00,97.40506033729574,0.0
 05/12  03:45:00,137.26136128989754,0.0
 05/12  04:00:00,90.98,0.0
 05/12  04:15:00,115.81656509524797,0.0
 05/12  04:30:00,97.4070097564601,0.0
 05/12  04:45:00,112.730759921326,0.0
 05/12  05:00:00,90.98,0.0
 05/12  05:15:00,159.02002821429463,9.934871636266982
 05/12  05:30:00,377.4260150710202,12.68584773491685
 05/12  05:45:00,143.4005061120981,23.53324025147654
 05/12  06:00:00,90.98,34.1599075701564
 05/12  06:15:00,143.42074512531838,44.647859597416726
 05/12  06:30:00,143.40875001506177,55.023103434164604
 05/12  06:45:00,97.39641459999676,62.029807470579286
 05/12  07:00:00,44.97999999999999,70.23646477010105
 05/12  07:15:00,131.14764015394024,77.32312128729049
 05/12  07:30:00,1754.3996942549995,82.85858268898512
 05/12  07:45:00,2000.648008474254,96.0528715767324
 05/12  08:00:00,3047.0400194227423,109.47490514004433
 05/12  08:15:00,1673.255606676228,123.09118865914277
 05/12  08:30:00,1649.9173109854082,136.90585144610463
 05/12  08:45:00,3421.6445158579986,164.77213459323085
 05/12  09:00:00,3289.905368825675,200.80394429341072
 05/12  09:15:00,2024.8577509619745,233.01645978776247
 05/12  09:30:00,2037.9145352510009,266.6183509814029
 05/12  09:45:00,2047.6198493098889,300.9536514418184
 05/12  10:00:00,2027.605173337059,347.4121803043075
 05/12  10:15:00,1996.0937875625643,385.30492169787067
 05/12  10:30:00,1998.0536794788943,424.26397529133095
 05/12  10:45:00,1994.471321337576,438.74348025022505
 05/12  11:00:00,1930.846477206508,452.7865387987576
 05/12  11:15:00,1340.1429309844846,465.95788882040165
 05/12  11:30:00,1621.4486683125065,478.24797618946997
 05/12  11:45:00,1560.047521783534,485.00631380052965
 05/12  12:00:00,1412.811612572887,491.2304571934228
 05/12  12:15:00,1546.45164129083,496.4927128179412
 05/12  12:30:00,1745.2706103824476,501.02315952311756
 05/12  12:45:00,1771.1682557876086,510.5652949712321
 05/12  13:00:00,1508.6518382031372,519.1081579189339
 05/12  13:15:00,1554.1519534860593,527.2673274918614
 05/12  13:30:00,1466.9049244570265,534.2515200032389
 05/12  13:45:00,1423.124679688539,533.0355910983923
 05/12  14:00:00,1413.126211735786,545.2588731154017
 05/12  14:15:00,1390.7767048780315,540.5641471738687
 05/12  14:30:00,1337.9966498519946,534.6588154880136
 05/12  14:45:00,1268.415214317931,530.0390716910432
 05/12  15:00:00,1234.7508094242894,522.5653565607413
 05/12  15:15:00,1650.717130995983,522.9480370803694
 05/12  15:30:00,1552.150183097658,508.83567847991844
 05/12  15:45:00,1191.265296687947,472.8921851400738
 05/12  16:00:00,1096.8889012659597,437.01310947751176
 05/12  16:15:00,1287.722210336856,400.9938141161706
 05/12  16:30:00,7989.500015454401,364.63540254386726
 05/12  16:45:00,4167.214160226411,307.33894479421633
 05/12  17:00:00,2121.0534951422223,261.99336946032923
 05/12  17:15:00,1522.961399840882,221.04336060613088
 05/12  17:30:00,1401.1571428937384,181.4196434151463
 05/12  17:45:00,3248.881326220274,146.83866062786134
 05/12  18:00:00,2939.1992426631,116.74832290268021
 05/12  18:15:00,2152.542454134924,90.55840213056405
 05/12  18:30:00,2290.574934503475,71.06806176675548
 05/12  18:45:00,1410.397575092342,56.60660086313922
 05/12  19:00:00,1324.225055507117,43.28317521612586
 05/12  19:15:00,7958.833352789935,30.274531486560956
 05/12  19:30:00,4614.761892305433,16.302372718245692
 05/12  19:45:00,1871.9424186287297,12.251921196315394
 05/12  20:00:00,1615.5125052198405,8.181672470830865
 05/12  20:15:00,1469.0834954103718,0.0
 05/12  20:30:00,1401.3072656294723,0.0
 05/12  20:45:00,1426.9389253834495,0.0
 05/12  21:00:00,1476.9820163625725,0.0
 05/12  21:15:00,1490.2431710920791,0.0
 05/12  21:30:00,1461.815646490582,0.0
 05/12  21:45:00,1450.5879484688571,0.0
 05/12  22:00:00,1476.9767543192154,0.0
 05/12  22:15:00,1743.1230549425438,0.0
 05/12  22:30:00,87.91333333333334,0.0
 05/12  22:45:00,97.42130383272168,0.0
 05/12  23:00:00,97.40584665954005,0.0
 05/12  23:15:00,175.466511729293,0.0
 05/12  23:30:00,943.4601263080896,0.0
 05/12  23:45:00,155.03246983713322,0.0
 05/12  24:00:00,142.77262948522466,0.0
 05/13  00:15:00,164.21282961331772,0.0
 05/13  00:30:00,136.32598000000002,0.0
 05/13  00:45:00,179.566550014325,0.0
 05/13  01:00:00,142.75578804992077,0.0
 05/13  01:15:00,1068.939164110624,0.0
 05/13  01:30:00,1324.0463253333337,0.0
 05/13  01:45:00,188.77415091586056,0.0
 05/13  02:00:00,158.11106651176354,0.0
 05/13  02:15:00,130.66701840924125,0.0
 05/13  02:30:00,63.38,0.0
 05/13  02:45:00,143.44012071327563,0.0
 05/13  03:00:00,137.29976314580932,0.0
 05/13  03:15:00,97.42515433468026,0.0
 05/13  03:30:00,97.41719392041736,0.0
 05/13  03:45:00,84.84666666666666,0.0
 05/13  04:00:00,143.4432092487781,0.0
 05/13  04:15:00,115.83270207325512,0.0
 05/13  04:30:00,97.42184706934684,0.0
 05/13  04:45:00,112.74396759427567,0.0
 05/13  05:00:00,90.98,0.0
 05/13  05:15:00,159.03086449640966,7.039116286926365
 05/13  05:30:00,377.4208556816861,9.068603004778902
 05/13  05:45:00,143.41067609022735,18.958859984715755
 05/13  06:00:00,90.98,28.439570302718792
 05/13  06:15:00,143.42928428859287,37.79473628409368
 05/13  06:30:00,143.41636516607554,47.0624983023096
 05/13  06:45:00,97.40297618412984,61.53490472616649
 05/13  07:00:00,44.97999999999999,76.94696205048648
 05/13  07:15:00,131.14911491297838,92.82873749924687
 05/13  07:30:00,143.40051697260617,109.12106242299924
 05/13  07:45:00,1518.9762509087643,126.4396505584927
 05/13  08:00:00,2911.914163139702,144.3098807968855
 05/13  08:15:00,1688.945464162906,162.56148265587103
 05/13  08:30:00,1429.8973220601638,181.1420652656027
 05/13  08:45:00,1343.5943778310516,226.25290964009366
 05/13  09:00:00,2627.241636292209,277.5504344982548
 05/13  09:15:00,1884.0182819006664,327.8587531157265
 05/13  09:30:00,1646.099991018691,390.805297994075
 05/13  09:45:00,1577.51454544154,415.3989121665038
 05/13  10:00:00,1530.821534818072,441.44785666695566
 05/13  10:15:00,7943.501671957003,467.7782925813829
 05/13  10:30:00,5302.000443946113,493.94311805676136
 05/13  10:45:00,1684.21809872058,512.5488913736638
 05/13  11:00:00,1566.3550992990852,530.2232855296488
 05/13  11:15:00,51.11333333333332,546.8324948430932
 05/13  11:30:00,97.36609640790532,562.2193330149307
 05/13  11:45:00,72.57999999999998,571.4344976835844
 05/13  12:00:00,143.3531096499364,579.5954589033192
 05/13  12:15:00,75.64666666666666,585.4127678896473
 05/13  12:30:00,97.36119057967986,589.8284619311086
 05/13  12:45:00,100.4114733767255,587.6785820186694
 05/13  13:00:00,90.98,584.3738782791378
 05/13  13:15:00,143.35169580441791,580.4667070156086
 05/13  13:30:00,54.17999999999999,575.3240921150853
 05/13  13:45:00,97.35624766619762,543.0992283362073
 05/13  14:00:00,69.51333333333332,511.3481838714201
 05/13  14:15:00,143.3604271980821,465.58501841331537
 05/13  14:30:00,131.07525094036708,434.3937407590618
 05/13  14:45:00,44.97999999999999,416.8398055030361
 05/13  15:00:00,97.3457834668653,398.3166386436568
 05/13  15:15:00,1861.903934330421,380.14390691051926
 05/13  15:30:00,1588.2324841106065,361.45834496786006
 05/13  15:45:00,1145.918541137814,350.0827870733554
 05/13  16:00:00,1047.5860781380693,337.1361733586073
 05/13  16:15:00,7952.517269176455,321.8332652072365
 05/13  16:30:00,3873.993059950668,305.1425062611461
 05/13  16:45:00,1939.987984334332,263.56969029728236
 05/13  17:00:00,1583.973915248481,225.0327108432332
 05/13  17:15:00,1190.9542264609297,189.4156122957403
 05/13  17:30:00,1999.577648340805,153.52540059677204
 05/13  17:45:00,2614.7796692599936,129.2067232998595
 05/13  18:00:00,2591.1799938919685,107.08326323280274
 05/13  18:15:00,1615.47705340194,87.66687118760832
 05/13  18:30:00,1794.5394928482915,70.93472291188888
 05/13  18:45:00,1025.8167450861492,58.08840267948753
 05/13  19:00:00,953.0537316061118,46.277841676316946
 05/13  19:15:00,969.62593419554,34.967694552329526
 05/13  19:30:00,975.3783449267208,23.39383242306046
 05/13  19:45:00,1021.0418865828168,17.77911655859891
 05/13  20:00:00,1057.9651724816677,12.124450340352572
 05/13  20:15:00,1057.4281181457875,0.0
 05/13  20:30:00,1040.9272103811054,0.0
 05/13  20:45:00,1059.963531784236,0.0
 05/13  21:00:00,1114.8299663502544,0.0
 05/13  21:15:00,1125.3894160486184,0.0
 05/13  21:30:00,1096.8834039775095,0.0
 05/13  21:45:00,1082.046808442914,0.0
 05/13  22:00:00,1106.6385520336548,0.0
 05/13  22:15:00,292.3133333333333,0.0
 05/13  22:30:00,140.32533346458922,0.0
 05/13  22:45:00,97.37077369647264,0.0
 05/13  23:00:00,44.97999999999999,0.0
 05/13  23:15:00,143.38860051161728,0.0
 05/13  23:30:00,143.37662438187806,0.0
 05/13  23:45:00,57.246666666666655,0.0
 05/13  24:00:00,97.3949227028518,0.0
 05/14  00:15:00,118.84911685627586,0.0
 05/14  00:30:00,90.98,0.0
 05/14  00:45:00,134.1992515582711,0.0
 05/14  01:00:00,97.38695262491746,0.0
 05/14  01:15:00,44.97999999999999,0.0
 05/14  01:30:00,140.3386727497195,0.0
 05/14  01:45:00,143.39405071290477,0.0
 05/14  02:00:00,112.71601935109764,0.0
 05/14  02:15:00,44.97999999999999,0.0
 05/14  02:30:00,115.80041956307863,0.0
 05/14  02:45:00,143.388448430489,0.0
 05/14  03:00:00,84.84666666666666,0.0
 05/14  03:15:00,97.40702026275324,0.0
 05/14  03:30:00,97.39613096781176,0.0
 05/14  03:45:00,137.25184885537095,0.0
 05/14  04:00:00,90.98,0.0
 05/14  04:15:00,115.80509080049052,0.0
 05/14  04:30:00,97.39402840305038,0.0
 05/14  04:45:00,60.313333333333325,0.0
 05/14  05:00:00,143.41367622611125,0.0
 05/14  05:15:00,159.00204714728918,2.9094919861106803
 05/14  05:30:00,377.39021990611576,3.731307130010164
 05/14  05:45:00,90.98,8.409396726127559
 05/14  06:00:00,143.40826182562577,13.086427213254588
 05/14  06:15:00,143.3962494219724,17.76653006784765
 05/14  06:30:00,90.98,22.446296302196387
 05/14  06:45:00,97.41348234819868,29.94485766632428
 05/14  07:00:00,97.40139109913324,37.432924353028646
 05/14  07:15:00,131.12291061060637,44.90477817266365
 05/14  07:30:00,90.98,52.3775575570499
 05/14  07:45:00,1487.552686184649,60.342062021936364
 05/14  08:00:00,2616.4375916683666,68.36490470379438
 05/14  08:15:00,1492.468145752315,76.46889032780443
 05/14  08:30:00,1255.8540003667897,84.63697827173962
 05/14  08:45:00,1208.147393038507,92.10804180365086
 05/14  09:00:00,2309.1841556442664,99.63317764269857
 05/14  09:15:00,1626.8840137755628,107.20284238986683
 05/14  09:30:00,1486.1015611775388,114.81298325997373
 05/14  09:45:00,1476.3034995088292,121.06751374106264
 05/14  10:00:00,1440.2463082262511,127.37309663171553
 05/14  10:15:00,7943.500640727059,133.69507213564427
 05/14  10:30:00,5015.064985531997,140.04775638553414
 05/14  10:45:00,1788.788044198919,144.0714773727987
 05/14  11:00:00,1607.109239484052,148.1112229330677
 05/14  11:15:00,51.11333333333332,152.03699897483708
 05/14  11:30:00,97.4195754051605,155.94128898126806
 05/14  11:45:00,125.0127637361081,157.45075956886316
 05/14  12:00:00,90.98,158.95629285541565
 05/14  12:15:00,128.08143348563723,160.49545351668883
 05/14  12:30:00,97.40244332918432,162.01291848563454
 05/14  12:45:00,100.45650790604172,160.9376249624157
 05/14  13:00:00,90.98,159.86850959594602
 05/14  13:15:00,143.4045099242466,158.59508574028277
 05/14  13:30:00,106.58995237323715,157.29013229749899
 05/14  13:45:00,44.97999999999999,177.49669727515712
 05/14  14:00:00,121.9347032206598,197.25455267120398
 05/14  14:15:00,143.38701529412555,217.38929501059107
 05/14  14:30:00,78.71333333333334,237.47059824530217
 05/14  14:45:00,97.39897453468716,228.30211678293924
 05/14  15:00:00,97.38413230432676,219.40771136310195
 05/14  15:15:00,2198.506420561934,209.81612098836868
 05/14  15:30:00,1919.54336016986,200.00759533345436
 05/14  15:45:00,1435.8982076804216,218.54660301403462
 05/14  16:00:00,1300.6353141564275,225.42713069977208
 05/14  16:15:00,7964.967548165073,231.8214794384346
 05/14  16:30:00,4427.895713407792,236.37064714353752
 05/14  16:45:00,1885.1541915592056,231.4844432726543
 05/14  17:00:00,1677.6853333403676,217.53779669882465
 05/14  17:15:00,1321.1064820695617,201.22650843410736
 05/14  17:30:00,2087.302516664201,182.5433926222707
 05/14  17:45:00,2831.6066301775827,151.24415028151574
 05/14  18:00:00,2811.951168923916,123.26468963202102
 05/14  18:15:00,1847.4248683198675,98.73753749789621
 05/14  18:30:00,2005.2400448545916,77.82410819786033
 05/14  18:45:00,1266.7043000912274,61.3287167499072
 05/14  19:00:00,1176.9649514375035,47.88723584094304
 05/14  19:15:00,1202.6746615253844,35.710534221502805
 05/14  19:30:00,1213.8359000119335,22.938647446885707
 05/14  19:45:00,1263.337144288702,17.43009840441702
 05/14  20:00:00,1302.4462366173093,11.885024641088762
 05/14  20:15:00,1302.2978015017925,6.5470535114242665
 05/14  20:30:00,1274.7884136608775,0.0
 05/14  20:45:00,1296.2214803548025,0.0
 05/14  21:00:00,1369.351091744356,0.0
 05/14  21:15:00,1390.247840190657,0.0
 05/14  21:30:00,1368.3282331517453,0.0
 05/14  21:45:00,1362.637811474698,0.0
 05/14  22:00:00,1394.468617751735,0.0
 05/14  22:15:00,292.31333333333333,0.0
 05/14  22:30:00,140.3573534911527,0.0
 05/14  22:45:00,97.41989986232969,0.0
 05/14  23:00:00,44.97999999999999,0.0
 05/14  23:15:00,1105.1419703983152,0.0
 05/14  23:30:00,203.1151215040736,0.0
 05/14  23:45:00,169.3820929942172,0.0
 05/14  24:00:00,113.2599765301717,0.0
 05/15  00:15:00,114.27152046826,0.0
 05/15  00:30:00,143.41895439788863,0.0
 05/15  00:45:00,134.20972899520305,0.0
 05/15  01:00:00,97.40048532033651,0.0
 05/15  01:15:00,44.97999999999999,0.0
 05/15  01:30:00,140.3586631133709,0.0
 05/15  01:45:00,143.41714633184392,0.0
 05/15  02:00:00,112.74235153793065,0.0
 05/15  02:15:00,44.97999999999999,0.0
 05/15  02:30:00,115.83288615811998,0.0
 05/15  02:45:00,143.42412566997007,0.0
 05/15  03:00:00,137.2819775436671,0.0
 05/15  03:15:00,97.40779387415338,0.0
 05/15  03:30:00,44.97999999999999,0.0
 05/15  03:45:00,137.30201815568597,0.0
 05/15  04:00:00,143.42857703290068,0.0
 05/15  04:15:00,115.82057068171144,0.0
 05/15  04:30:00,97.41252939627896,0.0
 05/15  04:45:00,60.313333333333325,0.0
 05/15  05:00:00,143.43859174063147,0.0
 05/15  05:15:00,159.02980640400037,2.9515185283924374
 05/15  05:30:00,377.4375351299799,3.787297235252457
 05/15  05:45:00,143.41177560065114,8.723697046477108
 05/15  06:00:00,90.98,13.654907553764373
 05/15  06:15:00,143.43451450208184,18.578401498268498
 05/15  06:30:00,143.4243948704395,23.493774243934382
 05/15  06:45:00,97.41401491811264,31.064650530293846
 05/15  07:00:00,44.97999999999999,38.6145900470484
 05/15  07:15:00,131.16771108110078,46.14090476305369
 05/15  07:30:00,143.42361465053443,53.64555003666617
 05/15  07:45:00,1524.5642646533563,61.4468091640435
 05/15  08:00:00,2793.9599855942897,69.29371360004903
 05/15  08:15:00,1678.8210945346502,77.11605609018972
 05/15  08:30:00,1402.201531837452,84.96333089832147
 05/15  08:45:00,1334.398850801139,92.4564619313391
 05/15  09:00:00,2625.502572958733,99.97256454029377
 05/15  09:15:00,2030.9234082971948,107.46144958069998
 05/15  09:30:00,1818.2492126679624,114.95992413551153
 05/15  09:45:00,1779.350004169383,120.70114656340012
 05/15  10:00:00,1708.8568607028153,126.47281889911444
 05/15  10:15:00,7939.193880271747,132.39718120396054
 05/15  10:30:00,5667.32913843702,138.34627617517563
 05/15  10:45:00,2215.560671903296,142.37832115015195
 05/15  11:00:00,1694.531651405003,146.4197271123111
 05/15  11:15:00,51.11333333333333,150.54284671655316
 05/15  11:30:00,97.3908817027846,154.66182806596558
 05/15  11:45:00,72.57999999999998,156.23461603180533
 05/15  12:00:00,143.38859569555672,157.81112935634283
 05/15  12:15:00,128.03963510204568,159.3264838735023
 05/15  12:30:00,44.97999999999999,160.8166766563079
 05/15  12:45:00,100.44911916228816,159.78607470329223
 05/15  13:00:00,143.36636072623736,158.75262893069646
 05/15  13:15:00,90.98,157.67647881265282
 05/15  13:30:00,106.57472219656708,156.5670666830112
 05/15  13:45:00,97.3579251500118,255.90571143193043
 05/15  14:00:00,69.51333333333332,355.8417372113995
 05/15  14:15:00,143.36474366463088,436.82221309354765
 05/15  14:30:00,78.71333333333334,513.2792631415516
 05/15  14:45:00,97.36986606761718,543.1859572167152
 05/15  15:00:00,97.35146519157183,566.5322242282889
 05/15  15:15:00,2049.602239160945,572.3628921990448
 05/15  15:30:00,1863.7900311786643,575.0754578715154
 05/15  15:45:00,1326.4636952586688,535.4208909128828
 05/15  16:00:00,1213.5944860004045,495.51531420425766
 05/15  16:15:00,7964.298835666731,455.0166689646064
 05/15  16:30:00,3984.776787083164,412.85302869328143
 05/15  16:45:00,1968.0758049458927,363.38222864473903
 05/15  17:00:00,1643.7271768543285,315.8780477401638
 05/15  17:15:00,1304.8074588833297,266.9863314324866
 05/15  17:30:00,2055.1989646803013,224.9075868178892
 05/15  17:45:00,2798.1556876188324,177.2122376838111
 05/15  18:00:00,2887.8534234534736,136.71718728674307
 05/15  18:15:00,1903.4140542865205,103.02108381344343
 05/15  18:30:00,2025.553577339436,79.74934423021975
 05/15  18:45:00,1228.381976390402,58.473502220351136
 05/15  19:00:00,1145.0413158383462,43.73293542386803
 05/15  19:15:00,1161.167366947174,31.281299497538505
 05/15  19:30:00,1162.230161177218,18.22051668790042
 05/15  19:45:00,1202.4008392082314,13.864174497817771
 05/15  20:00:00,1229.3377145619845,9.491065991278187
 05/15  20:15:00,1222.1176653696589,5.305293359507978
 05/15  20:30:00,1179.5812920872263,0.0
 05/15  20:45:00,1199.7229832964322,0.0
 05/15  21:00:00,1255.3018505717291,0.0
 05/15  21:15:00,1266.134262395461,0.0
 05/15  21:30:00,1234.1767696538254,0.0
 05/15  21:45:00,1217.6195010945262,0.0
 05/15  22:00:00,1239.4297058955376,0.0
 05/15  22:15:00,292.3133333333333,0.0
 05/15  22:30:00,140.3141023442178,0.0
 05/15  22:45:00,44.97999999999999,0.0
 05/15  23:00:00,97.38630148258162,0.0
 05/15  23:15:00,143.3720807637075,0.0
 05/15  23:30:00,90.98,0.0
 05/15  23:45:00,109.65167082375297,0.0
 05/15  24:00:00,97.37085344987406,0.0
 05/16  00:15:00,66.44666666666666,0.0
 05/16  00:30:00,143.38548127678362,0.0
 05/16  00:45:00,134.1722427129495,0.0
 05/16  01:00:00,44.97999999999999,0.0
 05/16  01:15:00,97.38861988951166,0.0
 05/16  01:30:00,140.31018282409389,0.0
 05/16  01:45:00,90.98,0.0
 05/16  02:00:00,112.7288761832153,0.0
 05/16  02:15:00,97.38230450802024,0.0
 05/16  02:30:00,63.38,0.0
 05/16  02:45:00,143.39722285774,0.0
 05/16  03:00:00,137.250630294413,0.0
 05/16  03:15:00,44.97999999999999,0.0
 05/16  03:30:00,97.40050378635618,0.0
 05/16  03:45:00,137.25492828884398,0.0
 05/16  04:00:00,90.98,0.0
 05/16  04:15:00,115.80555804309988,0.0
 05/16  04:30:00,97.39397161997856,0.0
 05/16  04:45:00,112.71562836907933,0.0
 05/16  05:00:00,90.98,6.569550770950143
 05/16  05:15:00,159.00070784254984,9.882894321845447
 05/16  05:30:00,377.4037147350545,12.747163816167964
 05/16  05:45:00,90.98,24.41586723888595
 05/16  06:00:00,143.40755500493248,35.6122013384832
 05/16  06:15:00,143.393702043521,46.58016466367514
 05/16  06:30:00,143.37944586976093,57.37784627561391
 05/16  06:45:00,44.97999999999999,71.46251448144905
 05/16  07:00:00,97.3921893210051,89.72824010728483
 05/16  07:15:00,131.10746933794306,110.56548475143865
 05/16  07:30:00,90.98,135.09497387858357
 05/16  07:45:00,1376.8254722944416,157.27999464990455
 05/16  08:00:00,2370.221244872338,180.5119607749994
 05/16  08:15:00,1145.8046714756244,202.95978727806423
 05/16  08:30:00,1065.2577165044884,224.61437588518794
 05/16  08:45:00,1055.4140589621045,233.40601744138795
 05/16  09:00:00,2138.826647926358,241.80073636253678
 05/16  09:15:00,1428.7141817267348,249.64627428806637
 05/16  09:30:00,1312.5607371056133,256.9589620478536
 05/16  09:45:00,1256.7215800545705,272.05260285210073
 05/16  10:00:00,1189.656233921263,286.32735184141865
 05/16  10:15:00,7938.145577224743,300.65271898321015
 05/16  10:30:00,3838.9666260491126,314.59733029836843
 05/16  10:45:00,1903.5384933761895,324.49994525419777
 05/16  11:00:00,1401.6151998176977,334.3921756060171
 05/16  11:15:00,51.11333333333332,344.08989658604384
 05/16  11:30:00,97.33453674307638,353.5719965239206
 05/16  11:45:00,72.57999999999998,357.0289456384168
 05/16  12:00:00,143.32063331309695,360.22895739329726
 05/16  12:15:00,75.64666666666666,364.5201747707857
 05/16  12:30:00,97.31564348338247,368.3036198187309
 05/16  12:45:00,48.04666666666666,367.18995562320583
 05/16  13:00:00,129.1647455411577,365.71691985539087
 05/16  13:15:00,105.12183431964696,363.54097316785203
 05/16  13:30:00,54.17999999999999,361.05554457750804
 05/16  13:45:00,97.32805422104084,352.93880304996947
 05/16  14:00:00,69.51333333333332,344.7117589141332
 05/16  14:15:00,143.32567784405498,335.2151616542689
 05/16  14:30:00,78.71333333333334,325.4215679566703
 05/16  14:45:00,97.32164006752444,348.0585081916427
 05/16  15:00:00,44.97999999999999,377.5501962666307
 05/16  15:15:00,1585.4579809667998,392.8937809206522
 05/16  15:30:00,1146.371005133605,414.9259275228201
 05/16  15:45:00,832.315074108764,385.1178584508582
 05/16  16:00:00,651.1791277274381,348.8740372756248
 05/16  16:15:00,7929.773785907408,321.59086034579167
 05/16  16:30:00,2889.359202041222,294.6550443797346
 05/16  16:45:00,1714.0146555650008,247.08659497490504
 05/16  17:00:00,1450.420296367001,203.6541773323605
 05/16  17:15:00,1051.747151641714,160.86904430360252
 05/16  17:30:00,1742.4821131436167,124.79003653957227
 05/16  17:45:00,2377.25344818104,108.08887486531943
 05/16  18:00:00,2303.7773703959865,91.91802996638671
 05/16  18:15:00,1158.2170942307398,76.62398686041583
 05/16  18:30:00,1039.501945626943,62.2432793004797
 05/16  18:45:00,746.417984919519,50.492414095235915
 05/16  19:00:00,667.4444188962871,39.019806938616355
 05/16  19:15:00,666.2398965785101,27.32220860635356
 05/16  19:30:00,669.5739195214771,15.08573023809434
 05/16  19:45:00,692.6119571661302,11.510072248996996
 05/16  20:00:00,715.696052387491,7.918180276109772
 05/16  20:15:00,709.0146635121972,4.49158158867282
 05/16  20:30:00,672.0713912428215,0.0
 05/16  20:45:00,708.3886734142043,0.0
 05/16  21:00:00,754.4603863412169,0.0
 05/16  21:15:00,764.2658322646748,0.0
 05/16  21:30:00,735.4862691060034,0.0
 05/16  21:45:00,721.7039511538972,0.0
 05/16  22:00:00,744.8593426171267,0.0
 05/16  22:15:00,292.31333333333333,0.0
 05/16  22:30:00,140.29164193556306,0.0
 05/16  22:45:00,44.97999999999999,0.0
 05/16  23:00:00,97.35408412369958,0.0
 05/16  23:15:00,1962.476266666667,0.0
 05/16  23:30:00,1305.8856484824378,0.0
 05/16  23:45:00,1555.7215994297328,0.0
 05/16  24:00:00,65.64239999999998,0.0
 05/17  00:15:00,118.83183704093352,0.0
 05/17  00:30:00,90.98,0.0
 05/17  00:45:00,134.16451317888408,0.0
 05/17  01:00:00,44.97999999999999,0.0
 05/17  01:15:00,97.37879502140578,0.0
 05/17  01:30:00,140.29780855200346,0.0
 05/17  01:45:00,90.98,0.0
 05/17  02:00:00,112.71073773640845,0.0
 05/17  02:15:00,97.36224860554648,0.0
 05/17  02:30:00,63.38,0.0
 05/17  02:45:00,143.37342893245574,0.0
 05/17  03:00:00,137.2248990770979,0.0
 05/17  03:15:00,44.97999999999999,0.0
 05/17  03:30:00,97.37032088358517,0.0
 05/17  03:45:00,84.84666666666666,0.0
 05/17  04:00:00,143.3824558884239,0.0
 05/17  04:15:00,115.766991042675,0.0
 05/17  04:30:00,44.97999999999999,0.0
 05/17  04:45:00,112.71050133594656,0.0
 05/17  05:00:00,143.36144414863674,5.343583854709756
 05/17  05:15:00,106.58,8.026543977135265
 05/17  05:30:00,377.3702666129316,10.318693136956728
 05/17  05:45:00,90.98,22.909232258478944
 05/17  06:00:00,143.3784393261463,34.12075514520569
 05/17  06:15:00,143.36181279430136,45.363440022515825
 05/17  06:30:00,90.98,56.36881400023242
 05/17  06:45:00,97.36937074854714,70.2057682445399
 05/17  07:00:00,97.35224790749976,92.3257231361796
 05/17  07:15:00,78.71333333333334,122.78841485467201
 05/17  07:30:00,143.35456097814043,160.35412414264457
 05/17  07:45:00,1118.10411242525,191.85868782460673
 05/17  08:00:00,1840.0941538442464,230.70357965374183
 05/17  08:15:00,699.341402512284,269.76235410896004
 05/17  08:30:00,616.5657291156771,311.2540721583746
 05/17  08:45:00,608.0322260884145,338.2239210995833
 05/17  09:00:00,1350.0856903797082,353.08499876612854
 05/17  09:15:00,575.8383596188354,369.158764636469
 05/17  09:30:00,682.6741121202567,380.2919631956481
 05/17  09:45:00,623.891897614831,405.08248712242664
 05/17  10:00:00,562.8866821951657,428.83087205425284
 05/17  10:15:00,7906.083964286296,453.38670364156525
 05/17  10:30:00,2172.676437238796,477.4514707138834
 05/17  10:45:00,1323.2026377229447,494.86274162786776
 05/17  11:00:00,979.685396581798,511.2580135377652
 05/17  11:15:00,51.11333333333332,526.7540556934524
 05/17  11:30:00,44.97999999999999,541.0612115269473
 05/17  11:45:00,124.9208448717355,550.358719776304
 05/17  12:00:00,90.98,558.7263259621596
 05/17  12:15:00,127.98172250697274,563.8902724374353
 05/17  12:30:00,44.97999999999999,567.7730501223639
 05/17  12:45:00,100.37439479106148,564.8291498774527
 05/17  13:00:00,90.98,560.896659581149
 05/17  13:15:00,143.30026310710957,558.4171389498251
 05/17  13:30:00,54.17999999999999,554.7635037237841
 05/17  13:45:00,44.97999999999999,554.0055041724858
 05/17  14:00:00,121.84280008963736,551.3643428440502
 05/17  14:15:00,90.98,544.9017268376125
 05/17  14:30:00,131.03911720190172,536.3029912750642
 05/17  14:45:00,44.97999999999999,520.520404759145
 05/17  15:00:00,97.30249882323912,513.4684154454347
 05/17  15:15:00,776.2805436512886,495.43977468318246
 05/17  15:30:00,524.98,475.7908394620915
 05/17  15:45:00,239.9678793271432,421.41140704115344
 05/17  16:00:00,64.98,379.976011154813
 05/17  16:15:00,7917.393616736828,340.2649586015973
 05/17  16:30:00,542.3118610429563,296.3835927500906
 05/17  16:45:00,157.78,265.39764004073686
 05/17  17:00:00,350.5070007270196,234.8951753784099
 05/17  17:15:00,110.98000000000002,205.38366414552058
 05/17  17:30:00,1762.172769371601,177.09279912581985
 05/17  17:45:00,1928.980000000003,147.66518142554577
 05/17  18:00:00,1919.78,120.8019259573466
 05/17  18:15:00,709.9751920890927,97.0300754501474
 05/17  18:30:00,44.97999999999999,76.31850438384451
 05/17  18:45:00,140.25017095132318,59.6762834194356
 05/17  19:00:00,110.98000000000002,46.213620621789055
 05/17  19:15:00,132.64154165556403,33.894409503308076
 05/17  19:30:00,64.98,20.685128432721086
 05/17  19:45:00,135.70983634034772,15.725507645818665
 05/17  20:00:00,110.98000000000002,10.73742281553415
 05/17  20:15:00,104.84666666666666,5.944577531782333
 05/17  20:30:00,117.3355003167415,0.0
 05/17  20:45:00,232.98,0.0
 05/17  21:00:00,325.20743023625846,0.0
 05/17  21:15:00,331.3222010655304,0.0
 05/17  21:30:00,251.38,0.0
 05/17  21:45:00,285.3265968280241,0.0
 05/17  22:00:00,248.31333333333333,0.0
 05/17  22:15:00,344.6646970594595,0.0
 05/17  22:30:00,87.91333333333333,0.0
 05/17  22:45:00,97.3363736438228,0.0
 05/17  23:00:00,44.97999999999999,0.0
 05/17  23:15:00,1918.7276832752168,0.0
 05/17  23:30:00,964.680125333334,0.0
 05/17  23:45:00,194.36566687376973,0.0
 05/17  24:00:00,182.0991060082717,0.0
 05/18  00:15:00,100.34121066666664,0.0
 05/18  00:30:00,143.37034855333346,0.0
 05/18  00:45:00,81.78,0.0
 05/18  01:00:00,97.37032927650183,0.0
 05/18  01:15:00,97.35511508786578,0.0
 05/18  01:30:00,87.91333333333333,0.0
 05/18  01:45:00,143.36649164119214,0.0
 05/18  02:00:00,60.313333333333325,0.0
 05/18  02:15:00,97.37861582051325,0.0
 05/18  02:30:00,115.76454111010447,0.0
 05/18  02:45:00,90.98,0.0
 05/18  03:00:00,137.24480597700108,0.0
 05/18  03:15:00,97.36544787700365,0.0
 05/18  03:30:00,44.97999999999999,0.0
 05/18  03:45:00,137.24910433648213,0.0
 05/18  04:00:00,143.3705210016215,0.0
 05/18  04:15:00,63.38,0.0
 05/18  04:30:00,97.38170467103107,0.0
 05/18  04:45:00,112.69956505546426,0.0
 05/18  05:00:00,90.98,3.4453217789121546
 05/18  05:15:00,158.97710945685355,5.176726486684867
 05/18  05:30:00,324.97999999999985,6.6423857136808895
 05/18  05:45:00,143.3878823021716,10.898108378005055
 05/18  06:00:00,143.3726186261919,15.152703723839748
 05/18  06:15:00,90.98,19.385863605804516
 05/18  06:30:00,143.38225571207573,23.61108672992305
 05/18  06:45:00,97.36628077679752,30.979296826130305
 05/18  07:00:00,44.97999999999999,38.3286022036873
 05/18  07:15:00,131.10894379870123,45.67394221034186
 05/18  07:30:00,3013.1581210922604,53.006586133362454
 05/18  07:45:00,899.517378782826,60.80707260134409
 05/18  08:00:00,1733.206063846029,68.65962126637827
 05/18  08:15:00,450.7117760252994,76.60410735316758
 05/18  08:30:00,394.6423299331907,84.60313675606326
 05/18  08:45:00,908.7150613516864,91.90988301213548
 05/18  09:00:00,284.52090265442257,99.26144990724609
 05/18  09:15:00,295.175685141724,106.64326135717403
 05/18  09:30:00,394.2893955739164,114.06118680583751
 05/18  09:45:00,339.52103222072424,119.9273451792393
 05/18  10:00:00,334.2330881740831,125.86438954605444
 05/18  10:15:00,295.6239677589533,131.7434493202237
 05/18  10:30:00,296.49392215309206,137.65388558567903
 05/18  10:45:00,324.5244475565494,166.2224148937563
 05/18  11:00:00,303.5607230596762,194.82157500583946
 05/18  11:15:00,333.5979719743612,223.43446122656826
 05/18  11:30:00,44.97999999999999,252.0832865115354
 05/18  11:45:00,335.0705790059817,240.9093563338293
 05/18  12:00:00,232.07981802002143,230.4179063573803
 05/18  12:15:00,317.1016025765082,220.36618070876435
 05/18  12:30:00,64.98,210.20738561775784
 05/18  12:45:00,120.43010604682765,196.2383150413369
 05/18  13:00:00,163.34499778282998,182.30145006766224
 05/18  13:15:00,110.98000000000002,168.51258730612642
 05/18  13:30:00,126.55256335133784,154.70234132727663
 05/18  13:45:00,64.98,151.58927087903677
 05/18  14:00:00,141.89353770201325,148.3323790093087
 05/18  14:15:00,110.98000000000002,145.09133947019174
 05/18  14:30:00,151.10267723916814,141.83141378196305
 05/18  14:45:00,117.35359953350948,136.2742002498506
 05/18  15:00:00,64.98,130.7555945505064
 05/18  15:15:00,577.363561471957,125.14836928378588
 05/18  15:30:00,524.98,119.57316970349862
 05/18  15:45:00,240.04055551106225,127.76595945398722
 05/18  16:00:00,117.37125683204653,135.424169609231
 05/18  16:15:00,139.55472911154823,143.003340907041
 05/18  16:30:00,7928.576537584524,150.25913536511348
 05/18  16:45:00,809.334432482136,136.67994410298192
 05/18  17:00:00,663.0870663117844,123.6370677773185
 05/18  17:15:00,364.9839011726441,110.86021360273465
 05/18  17:30:00,418.07512855364826,98.40867244954066
 05/18  17:45:00,2089.85298758841,94.00094142288191
 05/18  18:00:00,1919.78,88.95953491574627
 05/18  18:15:00,1295.8557799256505,83.51893879618676
 05/18  18:30:00,1191.58953761587,77.4683834115833
 05/18  18:45:00,1183.624396443175,62.66347875313335
 05/18  19:00:00,794.0210171501875,48.95500442605706
 05/18  19:15:00,7926.266979323669,35.565042305314364
 05/18  19:30:00,1661.1940871787417,21.339117666497362
 05/18  19:45:00,1076.5323220404885,16.39233813717572
 05/18  20:00:00,958.641511917387,11.421761671252902
 05/18  20:15:00,840.5597089547748,6.6909370223984155
 05/18  20:30:00,734.5760765848471,0.0
 05/18  20:45:00,492.4743871761991,0.0
 05/18  21:00:00,560.0151241120702,0.0
 05/18  21:15:00,576.3381642679315,0.0
 05/18  21:30:00,541.0316946223467,0.0
 05/18  21:45:00,529.9557081171961,0.0
 05/18  22:00:00,558.4477739511043,0.0
 05/18  22:15:00,1453.924045360562,0.0
 05/18  22:30:00,87.91333333333333,0.0
 05/18  22:45:00,97.3922513457298,0.0
 05/18  23:00:00,97.36884027744212,0.0
 05/18  23:15:00,1951.154,0.0
 05/18  23:30:00,1886.0696846245664,0.0
 05/18  23:45:00,207.35692665582653,0.0
 05/18  24:00:00,142.67263,0.0
 05/19  00:15:00,216.5488665174468,0.0
 05/19  00:30:00,241.0697516172757,0.0
 05/19  00:45:00,179.47263000000004,0.0
 05/19  01:00:00,195.0868817906641,0.0
 05/19  01:15:00,123.43367529096784,0.0
 05/19  01:30:00,87.91333333333333,0.0
 05/19  01:45:00,143.40036859698685,0.0
 05/19  02:00:00,112.72216422559868,0.0
 05/19  02:15:00,44.97999999999999,0.0
 05/19  02:30:00,115.8057319341101,0.0
 05/19  02:45:00,143.39357187567532,0.0
 05/19  03:00:00,137.24790119430318,0.0
 05/19  03:15:00,44.97999999999999,0.0
 05/19  03:30:00,97.4006256482734,0.0
 05/19  03:45:00,137.2563369987682,0.0
 05/19  04:00:00,90.98,0.0
 05/19  04:15:00,115.80875868046836,0.0
 05/19  04:30:00,97.39717088175362,0.0
 05/19  04:45:00,112.7187619607516,0.0
 05/19  05:00:00,90.98,8.90093410341923
 05/19  05:15:00,159.00240163439756,13.353591920853084
 05/19  05:30:00,377.4038574063951,16.92296786643915
 05/19  05:45:00,90.98,27.071042498204065
 05/19  06:00:00,143.40364975170593,37.262690898731236
 05/19  06:15:00,143.38895852233424,46.40403549650154
 05/19  06:30:00,90.98,55.997497543057165
 05/19  06:45:00,97.40007043111446,68.53084061626582
 05/19  07:00:00,97.38461773632794,91.29087767932187
 05/19  07:15:00,78.71333333333334,121.97948733899226
 05/19  07:30:00,1273.591065978453,159.3587534196576
 05/19  07:45:00,698.3505153750602,196.34342772484626
 05/19  08:00:00,1348.9102414679098,236.5804137881611
 05/19  08:15:00,405.4923566535551,281.44276275309574
 05/19  08:30:00,400.1312437653901,333.7620495479385
 05/19  08:45:00,1131.688025268441,365.85867565128945
 05/19  09:00:00,307.5576857068661,396.3879289336208
 05/19  09:15:00,438.9417800879581,422.2134010760202
 05/19  09:30:00,445.4216202888577,435.40616866976984
 05/19  09:45:00,444.72587928997257,454.25509521602135
 05/19  10:00:00,403.6839769258619,470.00490589525657
 05/19  10:15:00,350.7692723181999,482.1010704670666
 05/19  10:30:00,336.0754865678622,491.5818453439119
 05/19  10:45:00,350.5768945300422,535.9413949395147
 05/19  11:00:00,312.4097117985822,591.1326629307995
 05/19  11:15:00,312.9820416302579,634.0486322606101
 05/19  11:30:00,44.97999999999999,675.5951939612861
 05/19  11:45:00,323.1368763942318,681.7880729133817
 05/19  12:00:00,144.48889705825528,690.3122094954979
 05/19  12:15:00,193.69949780564227,704.4822751624303
 05/19  12:30:00,64.98,716.7337254502401
 05/19  12:45:00,120.40529167871976,664.3977011809602
 05/19  13:00:00,110.98000000000002,616.241555423293
 05/19  13:15:00,163.33735255230664,562.3003214369113
 05/19  13:30:00,74.18,493.4820510033078
 05/19  13:45:00,117.3355249481421,502.60676430489525
 05/19  14:00:00,89.51333333333334,507.43152945605925
 05/19  14:15:00,163.33350431999986,511.8668697874562
 05/19  14:30:00,98.71333333333334,514.795465042076
 05/19  14:45:00,117.33146827943632,438.4085830416485
 05/19  15:00:00,64.98,353.92854067042094
 05/19  15:15:00,577.3308217001802,282.8759283260728
 05/19  15:30:00,524.98,204.62238422074745
 05/19  15:45:00,239.9988741730907,184.32969322379168
 05/19  16:00:00,64.98,172.00523138485866
 05/19  16:15:00,138.80131975772449,160.2203105112003
 05/19  16:30:00,7921.449996989128,148.8194733399196
 05/19  16:45:00,363.1586155215847,135.7703824046211
 05/19  17:00:00,350.52395131838165,122.9404108659557
 05/19  17:15:00,110.98000000000002,110.87336365052506
 05/19  17:30:00,163.34304040718666,98.86114870752192
 05/19  17:45:00,1928.98,86.9917933437583
 05/19  18:00:00,1972.1743456269928,75.10687596450178
 05/19  18:15:00,1138.1442814653071,62.96601688820127
 05/19  18:30:00,1233.7343411716563,50.99867336651882
 05/19  18:45:00,1191.6381251828377,42.44861759276952
 05/19  19:00:00,647.0597813559366,33.748987327323505
 05/19  19:15:00,7924.647201101505,24.949098509129897
 05/19  19:30:00,923.9086249051772,16.139403786684568
 05/19  19:45:00,599.5375180380255,12.298991700821388
 05/19  20:00:00,611.6317695800312,8.446605053069193
 05/19  20:15:00,548.0975729716439,4.588694658811327
 05/19  20:30:00,482.4804017390716,0.0
 05/19  20:45:00,232.98,0.0
 05/19  21:00:00,325.2342249121344,0.0
 05/19  21:15:00,278.98,0.0
 05/19  21:30:00,303.77915419226747,0.0
 05/19  21:45:00,285.3644063781697,0.0
 05/19  22:00:00,248.31333333333333,0.0
 05/19  22:15:00,2345.546612558636,0.0
 05/19  22:30:00,87.91333333333333,0.0
 05/19  22:45:00,97.38649173947567,0.0
 05/19  23:00:00,44.97999999999999,0.0
 05/19  23:15:00,188.74044206980423,0.0
 05/19  23:30:00,982.600119653523,0.0
 05/19  23:45:00,102.59264666666668,0.0
 05/19  24:00:00,142.74586861733175,0.0
 05/20  00:15:00,164.2001940296039,0.0
 05/20  00:30:00,188.72104358093867,0.0
 05/20  00:45:00,127.12598,0.0
 05/20  01:00:00,142.73821806218132,0.0
 05/20  01:15:00,1068.9159796525057,0.0
 05/20  01:30:00,1324.0463253333337,0.0
 05/20  01:45:00,188.7460303882695,0.0
 05/20  02:00:00,158.08794169951673,0.0
 05/20  02:15:00,78.23371866666666,0.0
 05/20  02:30:00,115.80765215586032,0.0
 05/20  02:45:00,143.3963326824534,0.0
 05/20  03:00:00,137.25157592558625,0.0
 05/20  03:15:00,44.97999999999999,0.0
 05/20  03:30:00,97.4031103900885,0.0
 05/20  03:45:00,137.25805363915163,0.0
 05/20  04:00:00,90.98,0.0
 05/20  04:15:00,115.80905618131112,0.0
 05/20  04:30:00,97.39691517578105,0.0
 05/20  04:45:00,112.71789102877436,0.0
 05/20  05:00:00,90.98,6.187247669564001
 05/20  05:15:00,159.00127118914435,9.289643754454863
 05/20  05:30:00,377.4032061138895,11.957366486428164
 05/20  05:45:00,90.98,19.265423442965
 05/20  06:00:00,143.40431027717068,26.49617649327928
 05/20  06:15:00,143.38885338468512,33.529240954441484
 05/20  06:30:00,90.98,40.502940514359985
 05/20  06:45:00,97.3981391988704,51.83224930613742
 05/20  07:00:00,97.3816275521989,63.430297244779936
 05/20  07:15:00,78.71333333333334,75.25226326428937
 05/20  07:30:00,143.39221401980024,87.23110929875492
 05/20  07:45:00,1284.6809033321806,99.82280579117185
 05/20  08:00:00,1946.6401862780556,112.69355208157646
 05/20  08:15:00,446.2655814013049,125.85684827378083
 05/20  08:30:00,395.3507925591966,139.251754318707
 05/20  08:45:00,352.4055012786609,184.51598880284433
 05/20  09:00:00,1072.1195024967883,229.27125495322298
 05/20  09:15:00,117.36639162757456,276.44160180252163
 05/20  09:30:00,355.7341001982389,334.0575939670561
 05/20  09:45:00,398.5899061142913,315.2346011402649
 05/20  10:00:00,303.7774139334082,285.3547470607779
 05/20  10:15:00,7902.900188440512,263.6705876246184
 05/20  10:30:00,1322.4422591115333,239.592315761684
 05/20  10:45:00,984.2139004213324,221.73148589009494
 05/20  11:00:00,855.5888613361025,202.91509857245592
 05/20  11:15:00,51.11333333333332,173.93233994036274
 05/20  11:30:00,97.36023136392043,154.43081801746064
 05/20  11:45:00,72.57999999999998,156.49243851953236
 05/20  12:00:00,143.3739263159262,158.32767623240292
 05/20  12:15:00,128.02881343561023,160.21816994789503
 05/20  12:30:00,44.97999999999999,162.081716453963
 05/20  12:45:00,100.4481006306382,187.479333746492
 05/20  13:00:00,143.37093293957335,212.68812796244126
 05/20  13:15:00,90.98,237.6912840348008
 05/20  13:30:00,106.58620625142964,262.65549742911423
 05/20  13:45:00,97.37310766377377,256.8197641469875
 05/20  14:00:00,69.51333333333332,251.47950382422584
 05/20  14:15:00,143.38564444288102,245.6658475978927
 05/20  14:30:00,131.1025468829966,239.74457469117252
 05/20  14:45:00,44.97999999999999,229.9319835025385
 05/20  15:00:00,97.37714095169238,220.24079677124365
 05/20  15:15:00,2414.639330112784,210.8063966858355
 05/20  15:30:00,874.1403261913031,201.41750756075305
 05/20  15:45:00,751.928178453607,189.43699279158838
 05/20  16:00:00,421.3917879913531,177.43990980615695
 05/20  16:15:00,7931.060238646686,166.14998502175783
 05/20  16:30:00,2164.6674962507464,154.7389062811665
 05/20  16:45:00,1389.3688207456655,181.92184382511417
 05/20  17:00:00,1262.113530863628,202.64441714601116
 05/20  17:15:00,820.3697712450664,209.74971706991715
 05/20  17:30:00,1121.2207764855048,213.3904091486131
 05/20  17:45:00,2080.1241195165057,158.77616437633426
 05/20  18:00:00,2341.766182574025,115.52174849751262
 05/20  18:15:00,1319.2029495609704,79.57879333269847
 05/20  18:30:00,915.7582054207796,52.195460458021095
 05/20  18:45:00,609.0654544799995,42.99260710221148
 05/20  19:00:00,450.1862713643188,33.46352346254006
 05/20  19:15:00,436.2285699399724,23.770680092083225
 05/20  19:30:00,445.5241968137193,14.092510612691818
 05/20  19:45:00,467.41470043243584,10.75734180129103
 05/20  20:00:00,497.3854895768434,7.419528162673913
 05/20  20:15:00,490.1211304102024,4.077834062272308
 05/20  20:30:00,451.6497524154094,0.0
 05/20  20:45:00,484.266564668213,0.0
 05/20  21:00:00,534.9574340507156,0.0
 05/20  21:15:00,546.102437952037,0.0
 05/20  21:30:00,517.5081463426543,0.0
 05/20  21:45:00,504.3176186477805,0.0
 05/20  22:00:00,528.6226387365086,0.0
 05/20  22:15:00,292.31333333333333,0.0
 05/20  22:30:00,140.32883254492552,0.0
 05/20  22:45:00,97.38291125685804,0.0
 05/20  23:00:00,44.97999999999999,0.0
 05/20  23:15:00,143.40059987548452,0.0
 05/20  23:30:00,143.3893873401749,0.0
 05/20  23:45:00,57.246666666666655,0.0
 05/20  24:00:00,97.40884892646908,0.0
 05/21  00:15:00,118.86377585090622,0.0
 05/21  00:30:00,143.38520865169758,0.0
 05/21  00:45:00,81.78,0.0
 05/21  01:00:00,97.40331594450473,0.0
 05/21  01:15:00,97.39206757048248,0.0
 05/21  01:30:00,87.91333333333333,0.0
 05/21  01:45:00,143.41134198540087,0.0
 05/21  02:00:00,112.73375164594908,0.0
 05/21  02:15:00,97.38856111771447,0.0
 05/21  02:30:00,63.38,0.0
 05/21  02:45:00,143.4066104194454,0.0
 05/21  03:00:00,137.26145758490017,0.0
 05/21  03:15:00,44.97999999999999,0.0
 05/21  03:30:00,97.41255824749123,0.0
 05/21  03:45:00,137.2674407933722,0.0
 05/21  04:00:00,143.38879990690356,0.0
 05/21  04:15:00,63.38,0.0
 05/21  04:30:00,97.40653967420197,0.0
 05/21  04:45:00,112.72793182152004,0.0
 05/21  05:00:00,90.98,3.094924282267439
 05/21  05:15:00,159.01189984574253,4.646373612648097
 05/21  05:30:00,377.3998013611081,5.95582471957648
 05/21  05:45:00,143.38749508482718,14.936213023319423
 05/21  06:00:00,90.98,23.924331974424142
 05/21  06:15:00,143.40346306467012,32.765631087957864
 05/21  06:30:00,143.3899854849408,41.29902012909859
 05/21  06:45:00,44.97999999999999,52.71055301422342
 05/21  07:00:00,97.40398849232274,64.43757433388475
 05/21  07:15:00,131.124290665265,76.39049606549092
 05/21  07:30:00,143.37766090692384,88.5092065299981
 05/21  07:45:00,833.3298510826795,101.25225672298777
 05/21  08:00:00,1461.515509024543,114.28291604935326
 05/21  08:15:00,501.2230668461752,127.683432237886
 05/21  08:30:00,511.4332068433738,141.34738713107836
 05/21  08:45:00,497.8612430671285,153.90092599127004
 05/21  09:00:00,1413.943797166012,166.61111671086024
 05/21  09:15:00,721.7555644044967,179.0592351444875
 05/21  09:30:00,830.0118378288169,191.53737872966533
 05/21  09:45:00,777.9926987362917,201.3899360739712
 05/21  10:00:00,734.178116401111,211.31163559422998
 05/21  10:15:00,7908.673284676087,221.89557128688853
 05/21  10:30:00,2930.581569535336,232.59599689543467
 05/21  10:45:00,1693.3560699704583,239.63444491061992
 05/21  11:00:00,1262.6274476906876,246.5807041131874
 05/21  11:15:00,51.11333333333332,253.16366822441688
 05/21  11:30:00,97.38836149028296,259.61754110664475
 05/21  11:45:00,124.97483648830726,262.4401581706461
 05/21  12:00:00,90.98,265.31771450932246
 05/21  12:15:00,128.0556468483745,268.09685401981136
 05/21  12:30:00,97.37485117691725,270.8128646271039
 05/21  12:45:00,48.04666666666666,269.01979968714517
 05/21  13:00:00,143.3880436195814,267.2055651524185
 05/21  13:15:00,143.3750461256637,265.14834358556635
 05/21  13:30:00,54.17999999999999,262.9922315926965
 05/21  13:45:00,97.39091977182352,297.9485281336446
 05/21  14:00:00,121.91150862534543,315.0047610235824
 05/21  14:15:00,90.98,331.4486997755692
 05/21  14:30:00,131.12033179153912,346.6252549764053
 05/21  14:45:00,97.370140166663,309.8764496859325
 05/21  15:00:00,44.97999999999999,275.36535347138073
 05/21  15:15:00,1995.1675830154688,243.8817851654696
 05/21  15:30:00,1133.4089891740878,203.31318613262536
 05/21  15:45:00,835.3470860994203,192.19147602702472
 05/21  16:00:00,682.6419308497232,180.5848834695494
 05/21  16:15:00,7930.010728044414,168.2717075221732
 05/21  16:30:00,2926.7718772149224,156.1067844036303
 05/21  16:45:00,1736.672036701844,142.3857350562397
 05/21  17:00:00,1451.188587041098,128.9460370826737
 05/21  17:15:00,1033.1387511287176,116.04086922506863
 05/21  17:30:00,1258.4451136344612,103.4027150673097
 05/21  17:45:00,2463.8993341446894,85.65800202364665
 05/21  18:00:00,2702.8675994001574,68.13292443570246
 05/21  18:15:00,1559.8090654193184,50.69675975545585
 05/21  18:30:00,1185.894965593395,32.785213110819065
 05/21  18:45:00,790.264123840777,26.83874577371409
 05/21  19:00:00,689.2880381264648,20.870706754577192
 05/21  19:15:00,683.8339774482315,14.906674442900437
 05/21  19:30:00,708.790255191371,8.940286332926112
 05/21  19:45:00,753.5385074141633,6.894908729225849
 05/21  20:00:00,793.89604165338,4.846267048793808
 05/21  20:15:00,789.3997107212539,2.7947948936089237
 05/21  20:30:00,752.2769530654942,0.0
 05/21  20:45:00,787.8373190697349,0.0
 05/21  21:00:00,839.3491950400416,0.0
 05/21  21:15:00,854.133080122791,0.0
 05/21  21:30:00,827.5823549184578,0.0
 05/21  21:45:00,817.4754482318826,0.0
 05/21  22:00:00,844.0584327185948,0.0
 05/21  22:15:00,292.31333333333333,0.0
 05/21  22:30:00,140.34656453044187,0.0
 05/21  22:45:00,97.4023642003549,0.0
 05/21  23:00:00,44.97999999999999,0.0
 05/21  23:15:00,1105.1384910707498,0.0
 05/21  23:30:00,203.11173035919552,0.0
 05/21  23:45:00,169.37888707252182,0.0
 05/21  24:00:00,104.66846,0.0
 05/22  00:15:00,122.87028312102252,0.0
 05/22  00:30:00,143.41406532616668,0.0
 05/22  00:45:00,134.20361711373673,0.0
 05/22  01:00:00,44.97999999999999,0.0
 05/22  01:15:00,97.42446120640057,0.0
 05/22  01:30:00,140.34766118151845,0.0
 05/22  01:45:00,143.40408719664742,0.0
 05/22  02:00:00,60.313333333333325,0.0
 05/22  02:15:00,97.42540697109668,0.0
 05/22  02:30:00,115.81554112069452,0.0
 05/22  02:45:00,143.40559064677075,0.0
 05/22  03:00:00,84.84666666666666,0.0
 05/22  03:15:00,97.42702596671076,0.0
 05/22  03:30:00,97.41694633998635,0.0
 05/22  03:45:00,137.2734126647097,0.0
 05/22  04:00:00,90.98,0.0
 05/22  04:15:00,115.82802936006236,0.0
 05/22  04:30:00,97.4181480803018,0.0
 05/22  04:45:00,112.74149984110907,0.0
 05/22  05:00:00,143.39808425598443,4.282108935490501
 05/22  05:15:00,106.58,6.190026596798145
 05/22  05:30:00,377.4199644882728,8.252541551022654
 05/22  05:45:00,143.41008329081512,12.76875503706487
 05/22  06:00:00,143.40009580977454,17.28721789109483
 05/22  06:15:00,90.98,21.7999805638494
 05/22  06:30:00,143.42066718256837,26.312261394795776
 05/22  06:45:00,97.41003998644956,42.70667327453456
 05/22  07:00:00,97.39923249657336,58.27456357531138
 05/22  07:15:00,78.71333333333334,74.07249087017418
 05/22  07:30:00,143.41858646247536,90.147698578355
 05/22  07:45:00,1112.8526853221472,90.03723816090843
 05/22  08:00:00,1765.6250049934715,89.70323759877499
 05/22  08:15:00,760.3156219003056,89.20494414881976
 05/22  08:30:00,760.9556130310033,88.60296270170562
 05/22  08:45:00,754.4534310258553,96.07582344505873
 05/22  09:00:00,1939.417557652788,103.55243239490284
 05/22  09:15:00,1427.8105255441176,111.10970020213061
 05/22  09:30:00,1213.4674985790416,118.70743432375116
 05/22  09:45:00,1215.829669680357,147.6925886036437
 05/22  10:00:00,1157.663532806556,177.04428515755723
 05/22  10:15:00,7941.485579065581,206.63260266121685
 05/22  10:30:00,3751.234353036311,236.5630442990863
 05/22  10:45:00,1918.7254352944487,216.76186342099487
 05/22  11:00:00,1438.8046036368694,197.35638400869573
 05/22  11:15:00,51.11333333333332,177.9262590822343
 05/22  11:30:00,97.41137421464713,158.42813696610233
 05/22  11:45:00,124.98898249117396,187.56493466292105
 05/22  12:00:00,90.98,216.51280887506027
 05/22  12:15:00,128.0726379686156,245.59880085545907
 05/22  12:30:00,97.39413669600162,274.7015766560404
 05/22  12:45:00,48.04666666666666,272.3935816763841
 05/22  13:00:00,143.41185911425302,270.4558221193344
 05/22  13:15:00,143.39780169148048,268.58271471604354
 05/22  13:30:00,106.58330665176706,266.64121884292666
 05/22  13:45:00,44.97999999999999,327.32000341463623
 05/22  14:00:00,121.92858090498352,383.3449827609947
 05/22  14:15:00,143.38122774872124,421.2505129426188
 05/22  14:30:00,78.71333333333334,456.31146362096825
 05/22  14:45:00,97.3943409096317,414.979996646502
 05/22  15:00:00,97.3800040711425,376.5188344014072
 05/22  15:15:00,2032.0892384808424,339.17829086214147
 05/22  15:30:00,1387.8997457357475,293.0313199678205
 05/22  15:45:00,1018.9765225704332,274.95915606488285
 05/22  16:00:00,905.4378134822772,256.41274230866884
 05/22  16:15:00,7941.496326389457,238.22667710890528
 05/22  16:30:00,3792.51033134904,220.04779513746135
 05/22  16:45:00,1943.96713572758,188.77832477927916
 05/22  17:00:00,1595.9202578985337,159.32220728039965
 05/22  17:15:00,1186.7137382317817,128.93901976942055
 05/22  17:30:00,1568.9881696555724,104.15878409623147
 05/22  17:45:00,2660.7131067605737,91.42641694249781
 05/22  18:00:00,2902.520813314354,78.76449485067025
 05/22  18:15:00,1772.1722191892538,66.26349178785652
 05/22  18:30:00,1474.680785252467,53.9432666909177
 05/22  18:45:00,1011.6956219881952,44.57184484578329
 05/22  19:00:00,942.8782225427062,35.01984826056104
 05/22  19:15:00,959.912700272372,25.329965189954535
 05/22  19:30:00,975.0806756511593,15.635772876867904
 05/22  19:45:00,1004.9932727267012,11.922602698840825
 05/22  20:00:00,1034.5906414197134,8.199664601702509
 05/22  20:15:00,1030.949015562784,4.471046823166642
 05/22  20:30:00,996.6318159917996,0.0
 05/22  20:45:00,1030.5844329603285,0.0
 05/22  21:00:00,1086.7795961750016,0.0
 05/22  21:15:00,1104.4379197076323,0.0
 05/22  21:30:00,1078.360826481605,0.0
 05/22  21:45:00,1069.9985756650724,0.0
 05/22  22:00:00,1097.4838228706346,0.0
 05/22  22:15:00,292.3133333333333,0.0
 05/22  22:30:00,140.35275663208495,0.0
 05/22  22:45:00,97.42691737758214,0.0
 05/22  23:00:00,97.40283257433832,0.0
 05/22  23:15:00,90.98,0.0
 05/22  23:30:00,143.42706727879997,0.0
 05/22  23:45:00,109.68516951403694,0.0
 05/22  24:00:00,97.40993688348718,0.0
 05/23  00:15:00,66.44666666666666,0.0
 05/23  00:30:00,143.4344940037316,0.0
 05/23  00:45:00,134.22615918076187,0.0
 05/23  01:00:00,97.41781146859309,0.0
 05/23  01:15:00,97.40962212199692,0.0
 05/23  01:30:00,87.91333333333333,0.0
 05/23  01:45:00,143.43547108565647,0.0
 05/23  02:00:00,112.76105980536276,0.0
 05/23  02:15:00,97.41898552282144,0.0
 05/23  02:30:00,115.8101445878579,0.0
 05/23  02:45:00,90.98,0.0
 05/23  03:00:00,137.3010736088773,0.0
 05/23  03:15:00,97.42582519040992,0.0
 05/23  03:30:00,97.41716225902776,0.0
 05/23  03:45:00,88.77787942293541,0.0
 05/23  04:00:00,139.5048901651985,0.0
 05/23  04:15:00,115.83263743329974,0.0
 05/23  04:30:00,97.42366482462776,0.0
 05/23  04:45:00,112.74790347430776,0.0
 05/23  05:00:00,90.98,5.888934988226627
 05/23  05:15:00,159.0379921694631,8.547529495910057
 05/23  05:30:00,377.4289276708463,11.389370649659103
 05/23  05:45:00,143.41973837708517,19.388199087445514
 05/23  06:00:00,143.41042229412565,27.368984951103716
 05/23  06:15:00,90.98,35.04629667181223
 05/23  06:30:00,143.43173602076578,42.655939849298626
 05/23  06:45:00,97.42140736602464,60.737494962754546
 05/23  07:00:00,97.41084499730874,81.81324227946354
 05/23  07:15:00,78.71333333333334,106.31449707100465
 05/23  07:30:00,143.4291288146942,134.48775152177205
 05/23  07:45:00,1155.02780785207,169.3724925689866
 05/23  08:00:00,2159.828097625779,208.9112396509111
 05/23  08:15:00,956.6179600899444,258.09636327311716
 05/23  08:30:00,923.7980510869502,308.5317984896949
 05/23  08:45:00,909.536387669597,334.7872943061507
 05/23  09:00:00,2133.0833102726133,360.21049101987444
 05/23  09:15:00,1547.5759612090642,384.4933699130908
 05/23  09:30:00,1393.4172783003582,407.5214725558219
 05/23  09:45:00,1307.711598184162,446.3554935319644
 05/23  10:00:00,1245.0154428041117,496.90455470758843
 05/23  10:15:00,7941.2250763824895,540.2788773432388
 05/23  10:30:00,3895.7119537618632,584.8465833593078
 05/23  10:45:00,1922.1088165475207,550.65714596485
 05/23  11:00:00,1441.5989316532975,500.31774958694245
 05/23  11:15:00,51.11333333333332,442.76994116827177
 05/23  11:30:00,97.40239550382752,378.5131359758829
 05/23  11:45:00,124.9795383257332,397.2760001538774
 05/23  12:00:00,90.98,413.4359492069905
 05/23  12:15:00,128.06064662747212,445.0199275384357
 05/23  12:30:00,97.3800902471161,460.2609157250132
 05/23  12:45:00,48.04666666666666,469.6519050065198
 05/23  13:00:00,143.39358507532472,478.5288318490509
 05/23  13:15:00,143.37943663051595,487.4264900565032
 05/23  13:30:00,54.17999999999999,495.39531236465166
 05/23  13:45:00,97.39230426050364,483.91711442705775
 05/23  14:00:00,121.91121684143324,472.44316297927975
 05/23  14:15:00,90.98,460.6398263837171
 05/23  14:30:00,131.12597691963018,448.43680267774744
 05/23  14:45:00,97.3793935666516,450.98073761158514
 05/23  15:00:00,44.97999999999999,450.77757139712025
 05/23  15:15:00,1977.6750522955492,446.2232701721214
 05/23  15:30:00,1319.6237739956846,448.72579069893766
 05/23  15:45:00,953.7816414184756,424.6260428964706
 05/23  16:00:00,820.7268011027096,399.212614079396
 05/23  16:15:00,7938.534730146016,375.2417064089682
 05/23  16:30:00,3532.353159890221,348.68365718244684
 05/23  16:45:00,1846.1245088191504,314.3656751383962
 05/23  17:00:00,1508.673809396075,280.69800816065816
 05/23  17:15:00,1093.9623920893025,247.703275967237
 05/23  17:30:00,1585.82842615075,215.9792886603858
 05/23  17:45:00,2497.719308273428,179.85047237553704
 05/23  18:00:00,2705.567420970102,146.04968409303495
 05/23  18:15:00,1572.9367214122462,118.86824761701719
 05/23  18:30:00,1363.8571926238735,96.30370781773736
 05/23  18:45:00,879.1986864483654,75.03300315685264
 05/23  19:00:00,805.8626062264603,59.09801974323907
 05/23  19:15:00,819.553372001745,47.42820611030757
 05/23  19:30:00,838.8824675125171,34.037845574687104
 05/23  19:45:00,877.8825106762425,26.531959461700207
 05/23  20:00:00,915.6006175818592,18.93343554376059
 05/23  20:15:00,917.8951790349043,11.037170511336848
 05/23  20:30:00,889.5781991427721,0.0
 05/23  20:45:00,928.3203032573692,0.0
 05/23  21:00:00,986.7696406484484,0.0
 05/23  21:15:00,1005.4308431529485,0.0
 05/23  21:30:00,985.6076650506668,0.0
 05/23  21:45:00,977.4508798988692,0.0
 05/23  22:00:00,1010.3915916197088,0.0
 05/23  22:15:00,292.3133333333333,0.0
 05/23  22:30:00,140.36029867265586,0.0
 05/23  22:45:00,97.41943424068872,0.0
 05/23  23:00:00,97.41199577387582,0.0
 05/23  23:15:00,1962.476266666667,0.0
 05/23  23:30:00,1305.9660868389883,0.0
 05/23  23:45:00,1555.8135867509116,0.0
 05/23  24:00:00,118.1045253748419,0.0
 05/24  00:15:00,118.90772428117668,0.0
 05/24  00:30:00,90.98,0.0
 05/24  00:45:00,134.24712277645327,0.0
 05/24  01:00:00,97.44087327986908,0.0
 05/24  01:15:00,97.43404371356937,0.0
 05/24  01:30:00,140.36056804723043,0.0
 05/24  01:45:00,143.42044820074747,0.0
 05/24  02:00:00,60.313333333333325,0.0
 05/24  02:15:00,97.44945561910453,0.0
 05/24  02:30:00,115.84343334457375,0.0
 05/24  02:45:00,143.4374784606664,0.0
 05/24  03:00:00,137.29826043402696,0.0
 05/24  03:15:00,97.42510580036011,0.0
 05/24  03:30:00,44.97999999999999,0.0
 05/24  03:45:00,137.32091685052512,0.0
 05/24  04:00:00,143.44802628175023,0.0
 05/24  04:15:00,115.84230568168203,0.0
 05/24  04:30:00,97.4366415069349,0.0
 05/24  04:45:00,112.76436893890624,0.0
 05/24  05:00:00,90.98,11.494864987346228
 05/24  05:15:00,159.0608162474092,15.704128504509562
 05/24  05:30:00,377.4543262961894,20.973956632025732
 05/24  05:45:00,143.4477599275253,33.35534048825523
 05/24  06:00:00,143.4411153023387,45.49311243990349
 05/24  06:15:00,143.4325319857671,56.567755515228754
 05/24  06:30:00,143.4236476395478,67.95865601138154
 05/24  06:45:00,44.97999999999999,80.61610950864865
 05/24  07:00:00,97.4471137431791,100.62953642743963
 05/24  07:15:00,131.17009309087072,127.40169564237392
 05/24  07:30:00,143.42599465054576,160.0223358837653
 05/24  07:45:00,1151.3708120120884,194.8452878641035
 05/24  08:00:00,2234.255916263057,235.12873406280164
 05/24  08:15:00,949.2214324696944,284.6448102655683
 05/24  08:30:00,918.207116261089,334.5783257349293
 05/24  08:45:00,900.4917470412199,371.7613888726244
 05/24  09:00:00,2064.570571906517,409.6742553587663
 05/24  09:15:00,1478.4974762267489,448.4650842649445
 05/24  09:30:00,1295.3521506488064,487.3658238153983
 05/24  09:45:00,1245.0135123294494,517.7185069316454
 05/24  10:00:00,1179.1969319699194,545.4188407795563
 05/24  10:15:00,7936.672930047917,569.9631451528712
 05/24  10:30:00,3848.631902318272,591.8411476444202
 05/24  10:45:00,1910.2634525529488,598.3377193468008
 05/24  11:00:00,1407.403604783232,590.452171783023
 05/24  11:15:00,51.11333333333332,590.7315830816218
 05/24  11:30:00,97.40180050131504,587.8960406385567
 05/24  11:45:00,124.9874988575652,615.9131306160798
 05/24  12:00:00,90.98,655.2142480192706
 05/24  12:15:00,128.0688736384649,681.5600429522442
 05/24  12:30:00,97.38997360065916,706.3989027294473
 05/24  12:45:00,48.04666666666666,703.0332090187305
 05/24  13:00:00,143.40693434519892,698.7362927404273
 05/24  13:15:00,143.39330794029718,692.9603853793816
 05/24  13:30:00,106.57932682952092,685.3796071999319
 05/24  13:45:00,44.97999999999999,672.3861250712625
 05/24  14:00:00,121.92604617314883,657.7552569346175
 05/24  14:15:00,143.37999937718598,641.9351455371288
 05/24  14:30:00,78.71333333333334,624.3911905622355
 05/24  14:45:00,97.39633920226372,613.0566706288663
 05/24  15:00:00,97.3837889830982,598.7977677127666
 05/24  15:15:00,1683.0617136798544,581.2567525896912
 05/24  15:30:00,1121.9575953697754,560.8794941474811
 05/24  15:45:00,795.2578143886841,535.6908751840979
 05/24  16:00:00,623.1759989480889,503.7934281398025
 05/24  16:15:00,7929.063498580147,468.6951689837615
 05/24  16:30:00,2700.52061865767,429.86446153921406
 05/24  16:45:00,1620.842309676213,379.32223713463327
 05/24  17:00:00,1377.0075757663878,331.3106897322796
 05/24  17:15:00,1002.7580238175028,282.5943216528753
 05/24  17:30:00,1601.776870184961,241.1216277244736
 05/24  17:45:00,2346.9554173787747,194.41880170679192
 05/24  18:00:00,2538.338178733522,152.84570346517634
 05/24  18:15:00,1397.2294801279963,116.26314327835462
 05/24  18:30:00,1187.7215392765445,88.47776139569737
 05/24  18:45:00,720.0708310656471,65.53426769764333
 05/24  19:00:00,628.0156554174243,51.79257742811069
 05/24  19:15:00,622.1511056289596,44.21906226277969
 05/24  19:30:00,647.3053998627252,35.374419841184796
 05/24  19:45:00,691.1785843147235,27.54632314387331
 05/24  20:00:00,733.4252751577848,19.632833905700547
 05/24  20:15:00,735.0454620382917,11.604966558162866
 05/24  20:30:00,708.0179196487957,0.0
 05/24  20:45:00,749.5492864076427,0.0
 05/24  21:00:00,805.6228533807346,0.0
 05/24  21:15:00,828.2089032955387,0.0
 05/24  21:30:00,812.0910877642052,0.0
 05/24  21:45:00,811.5248583342379,0.0
 05/24  22:00:00,849.2401455697848,0.0
 05/24  22:15:00,292.31333333333333,0.0
 05/24  22:30:00,140.36041796506404,0.0
 05/24  22:45:00,97.41854082266369,0.0
 05/24  23:00:00,97.40997012092012,0.0
 05/24  23:15:00,1866.3529999999996,0.0
 05/24  23:30:00,1017.1339213408072,0.0
 05/24  23:45:00,194.43725252514267,0.0
 05/24  24:00:00,182.1741089416059,0.0
 05/25  00:15:00,152.78536513365356,0.0
 05/25  00:30:00,90.98,0.0
 05/25  00:45:00,134.23297360277763,0.0
 05/25  01:00:00,97.42491008349369,0.0
 05/25  01:15:00,97.4183618694783,0.0
 05/25  01:30:00,140.34532508599958,0.0
 05/25  01:45:00,90.98,0.0
 05/25  02:00:00,112.77542714407608,0.0
 05/25  02:15:00,97.43512729139913,0.0
 05/25  02:30:00,115.82817827199732,0.0
 05/25  02:45:00,143.42124880258976,0.0
 05/25  03:00:00,84.84666666666666,0.0
 05/25  03:15:00,97.4495370925594,0.0
 05/25  03:30:00,97.44299418779552,0.0
 05/25  03:45:00,137.3031424152246,0.0
 05/25  04:00:00,143.42998342369012,0.0
 05/25  04:15:00,115.82487149295643,0.0
 05/25  04:30:00,44.97999999999999,0.0
 05/25  04:45:00,112.79066787494276,0.0
 05/25  05:00:00,143.45308049349387,12.297441517235441
 05/25  05:15:00,159.04580975158973,16.738078651214234
 05/25  05:30:00,377.43836416683325,22.345259530451813
 05/25  05:45:00,143.43074023518835,32.960091935757895
 05/25  06:00:00,90.98,43.73912325057042
 05/25  06:15:00,143.45468514003124,53.38976561228065
 05/25  06:30:00,143.44434075097416,63.46930803266102
 05/25  06:45:00,97.43355433054744,75.48973659543826
 05/25  07:00:00,97.4223146762728,97.54725805814297
 05/25  07:15:00,131.14360445276108,126.85708430383238
 05/25  07:30:00,1289.7211032080072,162.09453866952046
 05/25  07:45:00,1051.8352189717402,198.5932889353739
 05/25  08:00:00,1900.893691162525,241.9092150627888
 05/25  08:15:00,983.2628807342433,284.84351498497637
 05/25  08:30:00,810.9329056068459,329.64448596138686
 05/25  08:45:00,1857.8276225349985,364.01216738484527
 05/25  09:00:00,1083.753318507599,396.0626013338677
 05/25  09:15:00,1016.2481310979942,426.50328640895736
 05/25  09:30:00,1041.77305037497,454.7592700034824
 05/25  09:45:00,1009.5117232795932,450.8901358516788
 05/25  10:00:00,953.5795923784536,451.0961628335099
 05/25  10:15:00,905.622153786088,446.73818218686887
 05/25  10:30:00,895.0001131239098,426.7478197341856
 05/25  10:45:00,901.9973658222486,489.4939427142581
 05/25  11:00:00,856.659222060343,540.0993190557924
 05/25  11:15:00,774.6617430091359,603.8123296050453
 05/25  11:30:00,585.8094535163204,656.0665931033694
 05/25  11:45:00,646.122085450806,665.1214758226598
 05/25  12:00:00,590.5304272346659,674.1670176463067
 05/25  12:15:00,791.5802822584293,681.1408021156644
 05/25  12:30:00,398.9697078780633,686.2783844060818
 05/25  12:45:00,531.109294899841,710.2210632051379
 05/25  13:00:00,434.5962699378224,732.8262486865228
 05/25  13:15:00,425.1473383071061,752.5142005462885
 05/25  13:30:00,364.4641483301188,768.584819051202
 05/25  13:45:00,336.685137507102,755.4096489604428
 05/25  14:00:00,341.0380211244985,740.8035394416888
 05/25  14:15:00,336.8814778337909,723.4385385531091
 05/25  14:30:00,296.8003590689346,698.7666331883038
 05/25  14:45:00,237.93091538313075,672.2130426708693
 05/25  15:00:00,216.15543676852093,643.7849205784622
 05/25  15:15:00,578.2459436685426,616.7932908460918
 05/25  15:30:00,577.3681652902742,584.3342094911093
 05/25  15:45:00,187.64666666666668,544.9410717486443
 05/25  16:00:00,117.36400796586466,504.9689276983485
 05/25  16:15:00,140.00506777254287,464.99585250431494
 05/25  16:30:00,7947.34457680613,424.4134497451464
 05/25  16:45:00,849.4971180646357,375.68887262700645
 05/25  17:00:00,692.7444956394431,328.8451329874994
 05/25  17:15:00,503.6758342254663,280.45404198129967
 05/25  17:30:00,649.7802183215177,238.81040311884126
 05/25  17:45:00,2509.0977836060256,192.92367063827325
 05/25  18:00:00,2342.514508158465,152.09898643938934
 05/25  18:15:00,1546.6492255620042,116.26372322475004
 05/25  18:30:00,1456.3400884420582,88.97821771302684
 05/25  18:45:00,729.170214199198,66.22222658786414
 05/25  19:00:00,495.9404585131962,52.50629975680695
 05/25  19:15:00,7925.61704830597,45.067915600549185
 05/25  19:30:00,2075.6727532643604,36.369759402547984
 05/25  19:45:00,1333.5434083761838,28.32850143578783
 05/25  20:00:00,1144.7588726512704,20.185293832102488
 05/25  20:15:00,984.9801479788968,11.901536831649745
 05/25  20:30:00,843.8702972889122,3.0820148296633434
 05/25  20:45:00,782.5904388738438,0.0
 05/25  21:00:00,714.5252866937834,0.0
 05/25  21:15:00,707.6823383102408,0.0
 05/25  21:30:00,659.3695167905705,0.0
 05/25  21:45:00,633.2361577482865,0.0
 05/25  22:00:00,647.5439464125094,0.0
 05/25  22:15:00,1326.4052565397403,0.0
 05/25  22:30:00,87.91333333333333,0.0
 05/25  22:45:00,97.42401626404973,0.0
 05/25  23:00:00,97.40864730836944,0.0
 05/25  23:15:00,2003.6012805231144,0.0
 05/25  23:30:00,1833.6552420000005,0.0
 05/25  23:45:00,207.38581527105225,0.0
 05/25  24:00:00,195.12075642970183,0.0
 05/26  00:15:00,216.5592778405945,0.0
 05/26  00:30:00,188.67263000000003,0.0
 05/26  00:45:00,231.91608941898505,0.0
 05/26  01:00:00,195.1071469738536,0.0
 05/26  01:15:00,123.45777581086344,0.0
 05/26  01:30:00,87.91333333333333,0.0
 05/26  01:45:00,143.4325946199848,0.0
 05/26  02:00:00,112.7585519835296,0.0
 05/26  02:15:00,97.41676506129112,0.0
 05/26  02:30:00,115.80828253721054,0.0
 05/26  02:45:00,90.98,0.0
 05/26  03:00:00,137.30016603650506,0.0
 05/26  03:15:00,97.4268648339552,0.0
 05/26  03:30:00,97.42038593286878,0.0
 05/26  03:45:00,137.28073676302677,0.0
 05/26  04:00:00,90.98,0.0
 05/26  04:15:00,115.84199804595318,0.0
 05/26  04:30:00,97.43409415631989,0.0
 05/26  04:45:00,112.7594402741864,0.0
 05/26  05:00:00,143.4180351656293,12.227656640128664
 05/26  05:15:00,106.58,16.71612089642564
 05/26  05:30:00,377.4408832422535,22.263757593800413
 05/26  05:45:00,143.43124457741337,33.97098107262293
 05/26  06:00:00,143.42134848127256,45.46863974312646
 05/26  06:15:00,143.41052061768045,56.77266378085323
 05/26  06:30:00,90.98,67.91628299419294
 05/26  06:45:00,97.42999465051618,79.1340720985574
 05/26  07:00:00,97.41854499677169,92.86435765946473
 05/26  07:15:00,131.14091782510937,106.5945350793912
 05/26  07:30:00,1164.307249793957,119.35865671910176
 05/26  07:45:00,907.0583320332504,137.89990951470597
 05/26  08:00:00,1632.706303940458,156.376657968925
 05/26  08:15:00,758.4962489854848,174.53652035730846
 05/26  08:30:00,636.220353473934,192.4481678909232
 05/26  08:45:00,1755.544788357911,203.7274476393661
 05/26  09:00:00,503.00270222646367,214.80062429841183
 05/26  09:15:00,658.6802371901313,225.7586411814466
 05/26  09:30:00,728.9078899930869,236.4394635595953
 05/26  09:45:00,734.4169005465018,241.53853869804922
 05/26  10:00:00,699.9398176521217,246.5705673132949
 05/26  10:15:00,668.9731079294985,252.05263852214
 05/26  10:30:00,670.14434887059,257.6215064588585
 05/26  10:45:00,702.0050365369376,257.6457232567863
 05/26  11:00:00,686.5218891807078,257.68483258202485
 05/26  11:15:00,628.0529199300614,257.56939505707106
 05/26  11:30:00,431.6816002725859,257.31827723222693
 05/26  11:45:00,557.5467872909744,314.8767059045417
 05/26  12:00:00,453.3121077000864,356.6268300804579
 05/26  12:15:00,774.6178737466607,413.16116396404914
 05/26  12:30:00,117.35324100319905,453.32278398881056
 05/26  12:45:00,316.6410701251845,482.79379697037587
 05/26  13:00:00,396.1047505182279,525.9383349012465
 05/26  13:15:00,294.9230032929992,553.828170900731
 05/26  13:30:00,252.4724091437539,580.594241058675
 05/26  13:45:00,230.05068858139788,568.4227474399896
 05/26  14:00:00,242.55973435466305,556.7240026532133
 05/26  14:15:00,164.61099320953477,544.5294305373744
 05/26  14:30:00,204.69915405539209,530.9429346186411
 05/26  14:45:00,117.98990556410511,511.8719300609545
 05/26  15:00:00,117.8158290285172,491.5087324416197
 05/26  15:15:00,577.4797926017832,468.9122874043567
 05/26  15:30:00,524.98,445.304058446678
 05/26  15:45:00,240.0209096612195,437.84751549108336
 05/26  16:00:00,64.98,434.53471031168806
 05/26  16:15:00,139.20257228376778,418.65941820395204
 05/26  16:30:00,7937.35871819884,398.34617695382724
 05/26  16:45:00,705.8787117442012,348.0643044849014
 05/26  17:00:00,680.4161431321323,301.3204482787824
 05/26  17:15:00,504.28903854207147,253.43489739555196
 05/26  17:30:00,625.070122825203,215.12682923923762
 05/26  17:45:00,2204.701147511091,171.68234926930123
 05/26  18:00:00,2401.456728219535,133.6289735995717
 05/26  18:15:00,1605.3862409896176,104.81936016566158
 05/26  18:30:00,1406.7980590413677,83.26201136605843
 05/26  18:45:00,761.6433617411395,66.47579667838754
 05/26  19:00:00,497.882538884488,51.776824602099786
 05/26  19:15:00,7926.9104624798,38.57137059199201
 05/26  19:30:00,2082.132633209525,23.560388636248145
 05/26  19:45:00,1300.9279772943978,18.064148709504295
 05/26  20:00:00,1108.4786732145258,12.542497878603392
 05/26  20:15:00,936.855568287934,7.005764937767585
 05/26  20:30:00,787.9007923597134,1.5343169305349347
 05/26  20:45:00,721.8484621239649,0.0
 05/26  21:00:00,628.2184718064457,0.0
 05/26  21:15:00,621.9985193808744,0.0
 05/26  21:30:00,573.9623702845454,0.0
 05/26  21:45:00,548.4740442381617,0.0
 05/26  22:00:00,563.361678483026,0.0
 05/26  22:15:00,1254.9097023047357,0.0
 05/26  22:30:00,87.91333333333333,0.0
 05/26  22:45:00,97.39408221990998,0.0
 05/26  23:00:00,97.3718189733979,0.0
 05/26  23:15:00,136.32598000000002,0.0
 05/26  23:30:00,982.5987172479064,0.0
 05/26  23:45:00,154.98761054160826,0.0
 05/26  24:00:00,90.32598,0.0
 05/27  00:15:00,164.20467133446613,0.0
 05/27  00:30:00,188.72622408645597,0.0
 05/27  00:45:00,127.12598,0.0
 05/27  01:00:00,142.744787427363,0.0
 05/27  01:15:00,1068.918214513183,0.0
 05/27  01:30:00,1324.0463253333337,0.0
 05/27  01:45:00,188.76086614192627,0.0
 05/27  02:00:00,158.0968384089497,0.0
 05/27  02:15:00,130.66642166293354,0.0
 05/27  02:30:00,63.38,0.0
 05/27  02:45:00,143.41905582203083,0.0
 05/27  03:00:00,137.27602277526134,0.0
 05/27  03:15:00,97.3972585756585,0.0
 05/27  03:30:00,44.97999999999999,0.0
 05/27  03:45:00,137.28098435134086,0.0
 05/27  04:00:00,143.40180919493105,0.0
 05/27  04:15:00,115.79049257875032,0.0
 05/27  04:30:00,44.97999999999999,0.0
 05/27  04:45:00,112.7430979365099,0.0
 05/27  05:00:00,143.39855732553085,8.926703870304374
 05/27  05:15:00,106.58,12.566205426702172
 05/27  05:30:00,377.4154820826506,16.51122359353182
 05/27  05:45:00,143.40314208007095,27.053043034566475
 05/27  06:00:00,143.39051501934225,37.30548332195144
 05/27  06:15:00,90.98,47.47901841830975
 05/27  06:30:00,143.40910122472584,57.58284534234153
 05/27  06:45:00,97.3976726914459,65.97340895596827
 05/27  07:00:00,97.38609584704082,74.80716803488934
 05/27  07:15:00,78.71333333333334,83.61503605805758
 05/27  07:30:00,143.4049635066421,92.41374145783136
 05/27  07:45:00,1009.5580512624064,105.58170347445362
 05/27  08:00:00,1664.1804045159668,119.0180916858504
 05/27  08:15:00,619.5496457744696,132.6845229203038
 05/27  08:30:00,564.1243224162233,146.58563985313785
 05/27  08:45:00,544.6371543404014,158.57577192348538
 05/27  09:00:00,1374.0327102793722,170.96157653675255
 05/27  09:15:00,681.3594704936049,183.50218102555527
 05/27  09:30:00,794.9602388574096,196.26358854440753
 05/27  09:45:00,754.8889760036853,206.472128138967
 05/27  10:00:00,717.4072992740029,216.30624012218027
 05/27  10:15:00,7908.4135657874995,226.18862775315426
 05/27  10:30:00,2860.3202861648806,235.87022861286928
 05/27  10:45:00,1666.5587141757187,242.61114762472258
 05/27  11:00:00,1243.422190803612,249.3731844018315
 05/27  11:15:00,51.11333333333332,256.2974243148064
 05/27  11:30:00,97.3948632232501,263.1950920089033
 05/27  11:45:00,124.98118401629613,266.06017187067886
 05/27  12:00:00,90.98,268.9232600499965
 05/27  12:15:00,128.06283566585714,271.6710691653221
 05/27  12:30:00,97.383312193258,274.3471259120583
 05/27  12:45:00,48.04666666666666,272.9464742039147
 05/27  13:00:00,143.39912230499084,271.53892721389
 05/27  13:15:00,143.3864840403874,270.08102806301673
 05/27  13:30:00,54.17999999999999,268.55097221224224
 05/27  13:45:00,97.40262393724166,274.7830514455412
 05/27  14:00:00,121.92342803085316,280.72659306174063
 05/27  14:15:00,143.3766980688595,286.5550925227755
 05/27  14:30:00,78.71333333333334,292.1750827097382
 05/27  14:45:00,97.39162643775578,291.7456696997721
 05/27  15:00:00,97.37810149992978,304.1183849166106
 05/27  15:15:00,2009.376395236321,300.9924967234292
 05/27  15:30:00,1100.4181471458692,297.303587258022
 05/27  15:45:00,769.6584284215833,287.2517711647886
 05/27  16:00:00,592.3034939372026,276.2515980481582
 05/27  16:15:00,7928.715809291004,264.43849409315925
 05/27  16:30:00,2620.5646867506484,258.06687537210104
 05/27  16:45:00,1620.2255901856129,230.98676815531664
 05/27  17:00:00,1389.5736575791495,211.60363771525914
 05/27  17:15:00,979.9021251385371,192.79506786144032
 05/27  17:30:00,1265.779033377219,174.86626308404885
 05/27  17:45:00,2369.0643323675813,154.15726547159602
 05/27  18:00:00,2592.8272956157653,133.5447737741991
 05/27  18:15:00,1428.8941041236449,113.32965998438249
 05/27  18:30:00,1042.8552036363244,93.70756938352723
 05/27  18:45:00,695.3778914011924,75.93425445170749
 05/27  19:00:00,601.6654326015068,61.349523247765504
 05/27  19:15:00,612.3117272409436,48.970139975872854
 05/27  19:30:00,632.4915156062294,36.531324202581885
 05/27  19:45:00,672.7341129672583,28.535728943047303
 05/27  20:00:00,715.1694730012645,20.483039952545028
 05/27  20:15:00,719.6962503916152,12.195749577969172
 05/27  20:30:00,694.8562507673674,3.891155178157785
 05/27  20:45:00,717.2920673998893,0.0
 05/27  21:00:00,801.3784680887128,0.0
 05/27  21:15:00,820.8190367905064,0.0
 05/27  21:30:00,799.6921926786436,0.0
 05/27  21:45:00,793.2324192596546,0.0
 05/27  22:00:00,825.130887323631,0.0
 05/27  22:15:00,292.31333333333333,0.0
 05/27  22:30:00,140.3618481629567,0.0
 05/27  22:45:00,97.42080275154576,0.0
 05/27  23:00:00,97.41315010936728,0.0
 05/27  23:15:00,90.98,0.0
 05/27  23:30:00,143.4397442901424,0.0
 05/27  23:45:00,109.69917043750212,0.0
 05/27  24:00:00,97.42532307390252,0.0
 05/28  00:15:00,118.88267619265342,0.0
 05/28  00:30:00,90.98,0.0
 05/28  00:45:00,134.23884079119884,0.0
 05/28  01:00:00,97.42932288623838,0.0
 05/28  01:15:00,97.42062043209356,0.0
 05/28  01:30:00,140.34516785536903,0.0
 05/28  01:45:00,90.98,0.0
 05/28  02:00:00,112.76947314613192,0.0
 05/28  02:15:00,97.4281786777262,0.0
 05/28  02:30:00,115.82021390376076,0.0
 05/28  02:45:00,143.4122475552919,0.0
 05/28  03:00:00,84.84666666666666,0.0
 05/28  03:15:00,97.43985436196768,0.0
 05/28  03:30:00,97.43378453778452,0.0
 05/28  03:45:00,137.29454810384158,0.0
 05/28  04:00:00,143.42215198143884,0.0
 05/28  04:15:00,63.38,0.0
 05/28  04:30:00,97.4500544540494,0.0
 05/28  04:45:00,112.77664323554116,5.129572291872841
 05/28  05:00:00,143.43656932787368,9.484263715331377
 05/28  05:15:00,159.02729838750014,13.317831372344706
 05/28  05:30:00,377.4177330045874,17.54726298312178
 05/28  05:45:00,90.98,30.65728898486808
 05/28  06:00:00,143.4398722797067,43.32303818935957
 05/28  06:15:00,143.42890087459816,55.73398377879224
 05/28  06:30:00,143.4175221166741,67.99409550992611
 05/28  06:45:00,97.4057238957874,80.92789130033235
 05/28  07:00:00,44.97999999999999,94.5623931521841
 05/28  07:15:00,131.15762843706395,111.250944652397
 05/28  07:30:00,143.41295255836962,129.01757052908823
 05/28  07:45:00,1104.3638781744662,144.09632750943936
 05/28  08:00:00,1882.7654555840336,156.51045298369212
 05/28  08:15:00,785.3599814823674,169.2840094271921
 05/28  08:30:00,776.4664720497766,181.29476711365407
 05/28  08:45:00,764.6345970640458,186.02460292686473
 05/28  09:00:00,1905.360308615198,190.4170262982458
 05/28  09:15:00,1386.3885943992404,194.4704030858121
 05/28  09:30:00,1146.682477346508,198.23373658607562
 05/28  09:45:00,1162.649741086178,215.91509017094901
 05/28  10:00:00,1106.3971161887805,233.64586818730518
 05/28  10:15:00,7932.990909709921,251.38377693538214
 05/28  10:30:00,3852.058343785331,269.20928650382064
 05/28  10:45:00,1914.002787792408,284.3049233187822
 05/28  11:00:00,1401.8260861173371,299.43571140189783
 05/28  11:15:00,51.11333333333332,314.1153838800147
 05/28  11:30:00,97.39854638353074,328.6529952342915
 05/28  11:45:00,124.98270339609682,358.8938244468429
 05/28  12:00:00,90.98,370.71772861554564
 05/28  12:15:00,128.06246849038047,384.6196575020496
 05/28  12:30:00,97.38366456089511,398.4153077214836
 05/28  12:45:00,48.04666666666666,405.3461497145448
 05/28  13:00:00,143.4011669340547,412.0280118167478
 05/28  13:15:00,143.38549089600173,416.4800350752132
 05/28  13:30:00,54.17999999999999,420.27223931394167
 05/28  13:45:00,97.39439710055905,417.7013787067974
 05/28  14:00:00,121.91104049234048,414.6357656105013
 05/28  14:15:00,90.98,425.6072185621457
 05/28  14:30:00,131.1235272785077,421.31660057500767
 05/28  14:45:00,97.37576407191634,411.4447102039929
 05/28  15:00:00,44.97999999999999,400.69756626465414
 05/28  15:15:00,1987.5276019922987,388.8267730692461
 05/28  15:30:00,1191.515392218487,375.7417993174929
 05/28  15:45:00,894.2640571999851,365.936583284709
 05/28  16:00:00,728.4441841243893,354.0615183857826
 05/28  16:15:00,7936.009482569074,348.0866839028115
 05/28  16:30:00,3272.762606388843,331.23300692190594
 05/28  16:45:00,1786.5468261751412,296.85176832566566
 05/28  17:00:00,1476.2151456775323,259.02775370069565
 05/28  17:15:00,1050.9640411511186,227.80965389528552
 05/28  17:30:00,1390.6136199339417,198.34384158334834
 05/28  17:45:00,2451.2725901399363,172.6310538969872
 05/28  18:00:00,2567.967933399276,145.78230212600417
 05/28  18:15:00,1412.4134727790315,119.16425043074145
 05/28  18:30:00,1089.890196825985,91.44393391978646
 05/28  18:45:00,790.6098367318001,69.2661807494717
 05/28  19:00:00,702.7625450563039,56.821228520277046
 05/28  19:15:00,710.7489761177117,47.043305734412286
 05/28  19:30:00,726.1573693864568,37.84229620249533
 05/28  19:45:00,761.5064434408603,29.795878481742236
 05/28  20:00:00,798.2540408960642,21.64898211462868
 05/28  20:15:00,804.0575074482518,13.377313321715315
 05/28  20:30:00,782.4646299139562,4.63100538054914
 05/28  20:45:00,807.4742528831647,0.0
 05/28  21:00:00,890.8162246350925,0.0
 05/28  21:15:00,908.7623966573002,0.0
 05/28  21:30:00,882.2840710051212,0.0
 05/28  21:45:00,871.7462420166947,0.0
 05/28  22:00:00,897.6049638400073,0.0
 05/28  22:15:00,292.31333333333333,0.0
 05/28  22:30:00,140.3426775189501,0.0
 05/28  22:45:00,97.39908803674554,0.0
 05/28  23:00:00,44.97999999999999,0.0
 05/28  23:15:00,1105.1381874198992,0.0
 05/28  23:30:00,203.11404031229807,0.0
 05/28  23:45:00,169.3842647876324,0.0
 05/28  24:00:00,104.66846,0.0
 05/29  00:15:00,122.87985757479494,0.0
 05/29  00:30:00,143.42533633765242,0.0
 05/29  00:45:00,134.2166920113631,0.0
 05/29  01:00:00,97.4080289837974,0.0
 05/29  01:15:00,44.97999999999999,0.0
 05/29  01:30:00,140.36650727806887,0.0
 05/29  01:45:00,143.42510173382118,0.0
 05/29  02:00:00,112.75037288163904,0.0
 05/29  02:15:00,97.40983472628596,0.0
 05/29  02:30:00,63.38,0.0
 05/29  02:45:00,143.43804072392334,0.0
 05/29  03:00:00,137.29824719131966,0.0
 05/29  03:15:00,97.42406383275268,0.0
 05/29  03:30:00,97.41653895149662,0.0
 05/29  03:45:00,84.84666666666666,0.0
 05/29  04:00:00,143.4436366976048,0.0
 05/29  04:15:00,115.83644076787058,0.0
 05/29  04:30:00,97.4292409856639,0.0
 05/29  04:45:00,112.75537203365596,7.102851557265815
 05/29  05:00:00,90.98,13.449887656389638
 05/29  05:15:00,159.04861926273972,18.30042373000901
 05/29  05:30:00,377.4406127188395,24.362202317845462
 05/29  05:45:00,143.43248747379693,35.86990138433372
 05/29  06:00:00,143.42424152731823,47.26801829236618
 05/29  06:15:00,143.4141827224718,58.46470049026271
 05/29  06:30:00,90.98,69.49170055959009
 05/29  06:45:00,97.4353179480517,84.32682736303785
 05/29  07:00:00,97.42463809417409,102.81739523094157
 05/29  07:15:00,131.1449273073785,122.47341839297492
 05/29  07:30:00,90.98,142.72150965608873
 05/29  07:45:00,1133.5858436342332,164.01233538161628
 05/29  08:00:00,1918.4758088433575,186.90933086405454
 05/29  08:15:00,938.923649497794,211.15658428684657
 05/29  08:30:00,761.4212462067262,236.60525274431657
 05/29  08:45:00,746.4784941522178,264.17740270625455
 05/29  09:00:00,1816.985526316367,287.9025161799406
 05/29  09:15:00,1316.4416675216917,313.00833266947643
 05/29  09:30:00,1076.2287080901178,338.6830036539966
 05/29  09:45:00,1065.83744122213,359.9293274245872
 05/29  10:00:00,995.4328088146332,380.09614708334567
 05/29  10:15:00,7921.265862550261,398.4476312717442
 05/29  10:30:00,3752.907431073281,405.01436449823854
 05/29  10:45:00,1842.7414671667343,417.83437368465843
 05/29  11:00:00,1324.7481517044712,429.90319125001935
 05/29  11:15:00,51.11333333333332,454.07315686526
 05/29  11:30:00,97.37755116866283,465.156624939503
 05/29  11:45:00,72.57999999999998,470.55041348873306
 05/29  12:00:00,143.3711475858447,475.53832528377575
 05/29  12:15:00,128.01986060507446,482.87467984251657
 05/29  12:30:00,44.97999999999999,489.42132683535976
 05/29  12:45:00,100.4247204167228,489.19481920627004
 05/29  13:00:00,90.98,488.2151421796881
 05/29  13:15:00,143.36345154219956,485.25830877566324
 05/29  13:30:00,106.54611180573362,481.58629529139967
 05/29  13:45:00,44.97999999999999,471.46947309542884
 05/29  14:00:00,121.88606868101203,460.95443824457175
 05/29  14:15:00,90.98,449.10963342358184
 05/29  14:30:00,131.09173204292932,436.7203698664942
 05/29  14:45:00,44.97999999999999,420.5463954104604
 05/29  15:00:00,97.36366710143864,403.5605889001922
 05/29  15:15:00,1735.078952149568,387.03394350311146
 05/29  15:30:00,1054.4384456014443,369.28912104526967
 05/29  15:45:00,745.8867794578151,346.54883895176783
 05/29  16:00:00,582.2028821372611,323.5762046749242
 05/29  16:15:00,7928.704636127853,300.3504282769587
 05/29  16:30:00,2625.749726416698,276.8999532727876
 05/29  16:45:00,1597.2638162779535,258.2518388989558
 05/29  17:00:00,1350.7803540488396,238.64935587680594
 05/29  17:15:00,945.863862796828,218.19196260063666
 05/29  17:30:00,1317.6563854564615,196.95857534304406
 05/29  17:45:00,2323.74051551557,166.44861204607227
 05/29  18:00:00,2347.178746186622,138.88963241449093
 05/29  18:15:00,1203.509282356467,114.48214589791438
 05/29  18:30:00,867.2100402511762,93.65071931924605
 05/29  18:45:00,666.4954888513456,73.44547933751457
 05/29  19:00:00,561.6652606188597,56.51225728865276
 05/29  19:15:00,566.6539038508015,41.329666767304424
 05/29  19:30:00,580.7998949910836,24.85677218040931
 05/29  19:45:00,613.7076333910331,19.600666512103018
 05/29  20:00:00,647.6614721395173,14.307840276962711
 05/29  20:15:00,650.5711017494184,9.00118927576915
 05/29  20:30:00,624.4486874288953,3.8225901456419944
 05/29  20:45:00,645.9975641251705,0.0
 05/29  21:00:00,732.078087841553,0.0
 05/29  21:15:00,745.7983470779495,0.0
 05/29  21:30:00,721.8927436118965,0.0
 05/29  21:45:00,712.1451764086045,0.0
 05/29  22:00:00,740.2161457018366,0.0
 05/29  22:15:00,292.31333333333333,0.0
 05/29  22:30:00,140.32863671891357,0.0
 05/29  22:45:00,97.3843999246813,0.0
 05/29  23:00:00,44.97999999999999,0.0
 05/29  23:15:00,143.4050450814332,0.0
 05/29  23:30:00,143.39498720714897,0.0
 05/29  23:45:00,57.246666666666655,0.0
 05/29  24:00:00,97.41695156723192,0.0
 05/30  00:15:00,118.87294772686916,0.0
 05/30  00:30:00,143.39551493419305,0.0
 05/30  00:45:00,81.78,0.0
 05/30  01:00:00,97.41581938776812,0.0
 05/30  01:15:00,97.4070286236661,0.0
 05/30  01:30:00,140.33168253432564,0.0
 05/30  01:45:00,90.98,0.0
 05/30  02:00:00,112.75688218368649,0.0
 05/30  02:15:00,97.41508858847914,0.0
 05/30  02:30:00,115.80669056026052,0.0
 05/30  02:45:00,90.98,0.0
 05/30  03:00:00,137.29882750780516,0.0
 05/30  03:15:00,97.4232506252758,0.0
 05/30  03:30:00,97.41428223213704,0.0
 05/30  03:45:00,137.27192288309794,0.0
 05/30  04:00:00,90.98,0.0
 05/30  04:15:00,115.82915030349292,0.0
 05/30  04:30:00,97.42020019491147,0.0
 05/30  04:45:00,112.74450947498092,7.2513155944440015
 05/30  05:00:00,90.98,13.751703164165992
 05/30  05:15:00,159.03374981012252,18.702623426026175
 05/30  05:30:00,377.4236109001012,24.898966754457525
 05/30  05:45:00,143.41326678718465,35.706283060788316
 05/30  06:00:00,143.40269586881433,45.875020213807495
 05/30  06:15:00,90.98,56.22958261977178
 05/30  06:30:00,143.42103262111092,65.1116356744552
 05/30  06:45:00,97.40899565066314,76.37266382173829
 05/30  07:00:00,97.39660212490377,98.1326328079349
 05/30  07:15:00,78.71333333333334,128.42936395555995
 05/30  07:30:00,143.41156972895368,167.94322021718688
 05/30  07:45:00,1072.9503591238367,201.8045797519386
 05/30  08:00:00,1756.3369433170235,233.10066387332174
 05/30  08:15:00,701.227309130291,259.62951535928937
 05/30  08:30:00,695.9455806946557,276.61699111756286
 05/30  08:45:00,683.5937836626434,319.7332369377249
 05/30  09:00:00,1708.1767583559342,360.5216119259862
 05/30  09:15:00,853.6017759829696,403.7940006224478
 05/30  09:30:00,974.9141150484144,449.08610490829443
 05/30  09:45:00,911.4104757001408,502.19399136759614
 05/30  10:00:00,854.4431626005226,549.9747322958023
 05/30  10:15:00,7916.379203558881,602.71431711955
 05/30  10:30:00,3351.700496451976,653.951613636213
 05/30  10:45:00,1718.246844810403,678.6577404832599
 05/30  11:00:00,1236.6768633262889,702.7543906959858
 05/30  11:15:00,51.11333333333332,722.9970157955108
 05/30  11:30:00,97.38685970194108,740.9213994731871
 05/30  11:45:00,72.57999999999998,748.0764525636816
 05/30  12:00:00,143.37786776187838,759.0637557101755
 05/30  12:15:00,128.02643960710787,771.9629480958706
 05/30  12:30:00,44.97999999999999,782.5883372269552
 05/30  12:45:00,100.430609653001,784.2768722147571
 05/30  13:00:00,90.98,783.7236600211036
 05/30  13:15:00,143.36799045052058,780.7412879933601
 05/30  13:30:00,106.5497909943712,775.1148379992704
 05/30  13:45:00,44.97999999999999,762.5459773803251
 05/30  14:00:00,121.8873971128194,747.6792571310702
 05/30  14:15:00,90.98,728.3459794695548
 05/30  14:30:00,131.09167640825038,706.7503927126577
 05/30  14:45:00,97.3396785156768,678.8394097525612
 05/30  15:00:00,44.97999999999999,649.3083437317285
 05/30  15:15:00,1110.905716567862,619.1007448068547
 05/30  15:30:00,688.3834736914687,587.1596281509618
 05/30  15:45:00,365.38681249235583,548.071361668443
 05/30  16:00:00,117.85428046748498,509.91931176089287
 05/30  16:15:00,7891.943539736198,469.40225604012403
 05/30  16:30:00,559.7101184285852,428.48053057708535
 05/30  16:45:00,157.78,379.6483717405506
 05/30  17:00:00,350.5383313762732,332.76380243259644
 05/30  17:15:00,110.98000000000002,285.0652502929042
 05/30  17:30:00,1924.0637424416016,243.71165142563427
 05/30  17:45:00,1928.98,197.562647761285
 05/30  18:00:00,1972.1581441669675,156.14315442817318
 05/30  18:15:00,763.8176034839265,120.28839887332293
 05/30  18:30:00,846.8208726995198,91.26100033158954
 05/30  18:45:00,1014.639195021378,68.00672672649021
 05/30  19:00:00,255.2391186180753,54.26153498103872
 05/30  19:15:00,355.7964571674096,47.72626922940761
 05/30  19:30:00,402.41328728813335,39.92948210777826
 05/30  19:45:00,435.3613033236308,31.37942823682666
 05/30  20:00:00,458.8288596637258,22.728879919638633
 05/30  20:15:00,453.4874386321397,13.933389591277043
 05/30  20:30:00,424.7240182823319,4.569136038485812
 05/30  20:45:00,445.77580575413225,0.0
 05/30  21:00:00,429.6555645954144,0.0
 05/30  21:15:00,454.5083954679313,0.0
 05/30  21:30:00,434.7406282714651,0.0
 05/30  21:45:00,432.6627306757922,0.0
 05/30  22:00:00,470.07110786379286,0.0
 05/30  22:15:00,292.31333333333333,0.0
 05/30  22:30:00,140.3242375658807,0.0
 05/30  22:45:00,97.37850475643975,0.0
 05/30  23:00:00,44.97999999999999,0.0
 05/30  23:15:00,2014.9022788918303,0.0
 05/30  23:30:00,1305.9122812565886,0.0
 05/30  23:45:00,1503.3613333333335,0.0
 05/30  24:00:00,118.07328226258151,0.0
 05/31  00:15:00,118.87571278289413,0.0
 05/31  00:30:00,90.98,0.0
 05/31  00:45:00,134.21465646731133,0.0
 05/31  01:00:00,97.40445659771784,0.0
 05/31  01:15:00,97.39458434174074,0.0
 05/31  01:30:00,87.91333333333333,0.0
 05/31  01:45:00,143.41706665362292,0.0
 05/31  02:00:00,112.74122312123032,0.0
 05/31  02:15:00,97.3972487071593,0.0
 05/31  02:30:00,63.38,0.0
 05/31  02:45:00,143.4177948297967,0.0
 05/31  03:00:00,137.2740003337155,0.0
 05/31  03:15:00,97.39760079876632,0.0
 05/31  03:30:00,44.97999999999999,0.0
 05/31  03:45:00,137.28698448304172,0.0
 05/31  04:00:00,143.41106560182277,0.0
 05/31  04:15:00,115.80214596847654,0.0
 05/31  04:30:00,44.97999999999999,0.0
 05/31  04:45:00,112.75992752588051,8.201919543093494
 05/31  05:00:00,143.4182826183253,14.871691835050292
 05/31  05:15:00,159.00748810047594,19.74339553889366
 05/31  05:30:00,324.97999999999985,26.070405735966105
 05/31  05:45:00,143.42716684861193,36.00010931962308
 05/31  06:00:00,143.41609869936718,46.27129585343484
 05/31  06:15:00,143.4032573508696,55.39455169062515
 05/31  06:30:00,90.98,65.02201774441714
 05/31  06:45:00,97.41822306598876,76.10206477456607
 05/31  07:00:00,97.40456758480858,97.88177158974156
 05/31  07:15:00,131.12378091671894,128.14098252676425
 05/31  07:30:00,90.98,167.2880286291573
 05/31  07:45:00,1099.6432387552447,204.7514596384741
 05/31  08:00:00,1676.9495852688135,246.7658616283889
 05/31  08:15:00,497.20669052624334,292.15444657658827
 05/31  08:30:00,450.0209126331301,340.33000599555396
 05/31  08:45:00,421.70577360728805,382.90730045845163
 05/31  09:00:00,1208.9025082897174,421.01819948689536
 05/31  09:15:00,350.15322710625856,459.2199039545621
 05/31  09:30:00,577.1708521434928,496.41812247417465
 05/31  09:45:00,435.41590207492806,532.6741276270257
 05/31  10:00:00,411.80189900506673,567.1476974770725
 05/31  10:15:00,7903.695823447032,599.1343254831714
 05/31  10:30:00,1573.8390668908105,629.1443483988497
 05/31  10:45:00,1038.7600335257746,653.860872395527
 05/31  11:00:00,799.8112507443791,676.8944215591923
 05/31  11:15:00,51.11333333333332,698.0524543492891
 05/31  11:30:00,97.36771487736246,717.2588879217573
 05/31  11:45:00,72.57999999999998,729.7130307471634
 05/31  12:00:00,143.37681007848107,740.1545553867114
 05/31  12:15:00,128.02609461746778,747.9237090318062
 05/31  12:30:00,44.97999999999999,753.4450846887795
 05/31  12:45:00,100.43203137759292,752.9158540072742
 05/31  13:00:00,90.98,750.2979553817696
 05/31  13:15:00,143.37198304758076,746.1061443897962
 05/31  13:30:00,106.55547402406556,739.6905030972403
 05/31  13:45:00,44.97999999999999,736.7723051323699
 05/31  14:00:00,121.89691040696827,730.6918462393567
 05/31  14:15:00,90.98,722.6050047821257
 05/31  14:30:00,131.1058886615239,711.2843246761622
 05/31  14:45:00,97.35658158400092,628.4220599458167
 05/31  15:00:00,44.97999999999999,545.419444430934
 05/31  15:15:00,577.3650625844821,458.8502373989254
 05/31  15:30:00,524.98,379.7207715906436
 05/31  15:45:00,240.0391123131268,402.7484505191429
 05/31  16:00:00,117.36788412141044,408.0082852785042
 05/31  16:15:00,7908.175032407586,414.70962461390684
 05/31  16:30:00,577.1510136443374,406.0872386166666
 05/31  16:45:00,210.15144821665,365.01518390799777
 05/31  17:00:00,298.18,324.8600522500958
 05/31  17:15:00,163.35817495211586,285.34816497641253
 05/31  17:30:00,580.3873560365522,246.49096296283048
 05/31  17:45:00,1928.980000000003,201.89672824567552
 05/31  18:00:00,1972.16946168404,159.07317301406175
 05/31  18:15:00,657.6466666666668,123.62300817425056
 05/31  18:30:00,364.9563542760222,93.3462340115885
 05/31  18:45:00,1013.4481950688808,69.33670646190002
 05/31  19:00:00,395.3202208342246,54.473684762191695
 05/31  19:15:00,706.2023197292895,46.8934145292447
 05/31  19:30:00,64.98,37.13403658265835
 05/31  19:45:00,135.77254215797709,29.441454595536694
 05/31  20:00:00,110.98000000000002,22.003212287546386
 05/31  20:15:00,157.25416047307223,13.884998578346313
 05/31  20:30:00,170.74819650673106,5.35515486893388
 05/31  20:45:00,290.8826278841246,0.0
 05/31  21:00:00,272.8466666666667,0.0
 05/31  21:15:00,331.3834616159527,0.0
 05/31  21:30:00,303.7711047997926,0.0
 05/31  21:45:00,232.98,0.0
 05/31  22:00:00,300.7220929842627,0.0
 05/31  22:15:00,344.7099509001433,0.0
 05/31  22:30:00,87.91333333333333,0.0
 05/31  22:45:00,97.39451195008476,0.0
 05/31  23:00:00,97.38282541151554,0.0
 05/31  23:15:00,1866.3529999999996,0.0
 05/31  23:30:00,1017.1005365873908,0.0
 05/31  23:45:00,194.40814009462667,0.0
 05/31  24:00:00,129.71635999999995,0.0
 06/01  00:15:00,152.7672552286846,0.0
 06/01  00:30:00,143.40841279913394,0.0
 06/01  00:45:00,134.181663938657,0.0
 06/01  01:00:00,44.97999999999999,0.0
 06/01  01:15:00,97.3986940197412,0.0
 06/01  01:30:00,140.31950276256342,0.0
 06/01  01:45:00,90.98,0.0
 06/01  02:00:00,112.73600858062812,0.0
 06/01  02:15:00,97.38999381102664,0.0
 06/01  02:30:00,63.38,0.0
 06/01  02:45:00,143.40588243153744,0.0
 06/01  03:00:00,137.2598179620419,0.0
 06/01  03:15:00,97.38001148367044,0.0
 06/01  03:30:00,44.97999999999999,0.0
 06/01  03:45:00,137.26204990852898,0.0
 06/01  04:00:00,143.3821257503448,0.0
 06/01  04:15:00,63.38,0.0
 06/01  04:30:00,97.3970625004071,0.0
 06/01  04:45:00,112.71701414252644,7.5024587629647135
 06/01  05:00:00,90.98,13.466223896407298
 06/01  05:15:00,158.99836587996748,18.083006225993255
 06/01  05:30:00,377.3991773285993,23.818005020143293
 06/01  05:45:00,90.98,32.85374183574216
 06/01  06:00:00,143.39958198636782,41.86158467603799
 06/01  06:15:00,143.3795984837509,50.678554066594614
 06/01  06:30:00,90.98,59.396625459535784
 06/01  06:45:00,97.37842249207812,73.65627335458835
 06/01  07:00:00,97.3560357417397,88.91478318059104
 06/01  07:15:00,78.71333333333334,104.8792398060179
 06/01  07:30:00,2609.1533215036943,121.31341897984076
 06/01  07:45:00,785.5418383878217,138.19953608012938
 06/01  08:00:00,1457.6520507090092,155.6164256808936
 06/01  08:15:00,350.22291144551764,173.37057496818
 06/01  08:30:00,336.37828844798,191.50786540215694
 06/01  08:45:00,716.281787993815,211.9040724512384
 06/01  09:00:00,133.96447890890326,229.3228640114515
 06/01  09:15:00,117.4829293639762,247.88425640743182
 06/01  09:30:00,262.0637098642569,267.296239857068
 06/01  09:45:00,111.22111702913944,283.02574507161927
 06/01  10:00:00,145.25690068493623,298.3051798607011
 06/01  10:15:00,117.32449443081418,313.1499959290627
 06/01  10:30:00,71.11333333333333,327.55288438090986
 06/01  10:45:00,163.3186802737241,359.22281224491667
 06/01  11:00:00,110.98000000000002,404.0698307141945
 06/01  11:15:00,220.50646474075495,437.10227185912436
 06/01  11:30:00,44.97999999999999,470.40220203177716
 06/01  11:45:00,72.57999999999998,452.40261088190164
 06/01  12:00:00,143.3167933165467,434.32045772962294
 06/01  12:15:00,95.64666666666666,416.16805344296966
 06/01  12:30:00,117.31139034118716,382.2567298355346
 06/01  12:45:00,68.04666666666667,381.253850237491
 06/01  13:00:00,163.3056450260139,379.02742616599926
 06/01  13:15:00,110.98000000000002,377.0471035837229
 06/01  13:30:00,126.49919272731243,374.7222320891898
 06/01  13:45:00,64.98,367.11376185296825
 06/01  14:00:00,89.51333333333334,359.2464529717882
 06/01  14:15:00,163.31041662460115,351.08406852433876
 06/01  14:30:00,98.71333333333334,342.639079729485
 06/01  14:45:00,117.3058329432104,330.1696055071116
 06/01  15:00:00,64.98,317.32737813000995
 06/01  15:15:00,577.3085009331511,303.97067746762485
 06/01  15:30:00,524.98,290.0647043166489
 06/01  15:45:00,187.64666666666668,270.78266558177273
 06/01  16:00:00,117.3073844603797,252.28863832935735
 06/01  16:15:00,86.44666666666667,234.41607840539746
 06/01  16:30:00,7940.010368002264,211.2936040562468
 06/01  16:45:00,413.23724456151615,208.55384248377024
 06/01  17:00:00,298.18,197.48161763977117
 06/01  17:15:00,163.30535515771797,184.90420289288124
 06/01  17:30:00,110.98000000000002,170.26670715896236
 06/01  17:45:00,1981.3124169169944,149.93352337110863
 06/01  18:00:00,1919.78,130.29532291404368
 06/01  18:15:00,709.979562114888,111.39912657614535
 06/01  18:30:00,44.97999999999999,93.71955131186827
 06/01  18:45:00,87.91333333333333,72.26920493822617
 06/01  19:00:00,163.31546645658926,54.164410884451904
 06/01  19:15:00,7908.307427378575,37.68307111380331
 06/01  19:30:00,619.6610933382427,19.236905440566233
 06/01  19:45:00,83.38,14.998996999579447
 06/01  20:00:00,163.33161006875108,10.730500830930412
 06/01  20:15:00,104.84666666666666,6.439386319909447
 06/01  20:30:00,117.33564967924552,2.1440749127648675
 06/01  20:45:00,64.98,0.0
 06/01  21:00:00,325.2073575919946,0.0
 06/01  21:15:00,278.98,0.0
 06/01  21:30:00,303.75457444304044,0.0
 06/01  21:45:00,285.342037407034,0.0
 06/01  22:00:00,248.31333333333333,0.0
 06/01  22:15:00,2947.391838935532,0.0
 06/01  22:30:00,87.91333333333333,0.0
 06/01  22:45:00,97.3692223399066,0.0
 06/01  23:00:00,44.97999999999999,0.0
 06/01  23:15:00,2003.5492364617855,0.0
 06/01  23:30:00,1886.0447233886723,0.0
 06/01  23:45:00,154.9392966666665,0.0
 06/01  24:00:00,195.0659985920519,0.0
 06/02  00:15:00,164.13929666666667,0.0
 06/02  00:30:00,241.0653245222265,0.0
 06/02  00:45:00,231.8493869232941,0.0
 06/02  01:00:00,142.67263,0.0
 06/02  01:15:00,123.4183249986038,0.0
 06/02  01:30:00,87.91333333333333,0.0
 06/02  01:45:00,143.37792048872234,0.0
 06/02  02:00:00,112.69630111689506,0.0
 06/02  02:15:00,44.97999999999999,0.0
 06/02  02:30:00,115.77449349201471,0.0
 06/02  02:45:00,143.35965048751916,0.0
 06/02  03:00:00,84.84666666666666,0.0
 06/02  03:15:00,97.37257727767256,0.0
 06/02  03:30:00,44.97999999999999,0.0
 06/02  03:45:00,137.25344021177293,0.0
 06/02  04:00:00,143.37359969789145,0.0
 06/02  04:15:00,63.38,0.0
 06/02  04:30:00,97.3874819763778,0.0
 06/02  04:45:00,112.70728566133856,3.627504620031897
 06/02  05:00:00,90.98,6.494169140042591
 06/02  05:15:00,158.9877860442867,9.023742468980606
 06/02  05:30:00,377.3873553719741,11.785114131659943
 06/02  05:45:00,90.98,26.698325641087617
 06/02  06:00:00,143.38714302043567,40.525819113731814
 06/02  06:15:00,143.37417138181772,53.04971545564535
 06/02  06:30:00,90.98,65.75211520174385
 06/02  06:45:00,97.39006809388025,79.62867330729013
 06/02  07:00:00,97.37749798475777,97.03523981185128
 06/02  07:15:00,78.71333333333334,116.80717269533405
 06/02  07:30:00,2195.449135534494,138.88751797927776
 06/02  07:45:00,554.2437156293265,162.5535105673648
 06/02  08:00:00,1021.2485963898326,187.5301794908881
 06/02  08:15:00,157.0595530052346,213.4941026469208
 06/02  08:30:00,189.3887855295139,240.33565182792432
 06/02  08:45:00,1253.2272617965832,269.06460512788715
 06/02  09:00:00,133.36842828622076,294.2355865960085
 06/02  09:15:00,324.48098045582174,320.823313957862
 06/02  09:30:00,631.2683084741781,348.1408168644371
 06/02  09:45:00,110.98000000000002,352.9662293277413
 06/02  10:00:00,144.98255929078084,355.7851299718453
 06/02  10:15:00,64.98,345.21464279465727
 06/02  10:30:00,123.52486300361431,342.8571589106754
 06/02  10:45:00,163.3751099405244,389.359487480435
 06/02  11:00:00,110.98000000000002,424.7417835303629
 06/02  11:15:00,103.51591450364396,460.249086140286
 06/02  11:30:00,97.36535361453814,495.8751306888816
 06/02  11:45:00,72.57999999999998,477.9282111502284
 06/02  12:00:00,143.3713602409218,458.9891779002373
 06/02  12:15:00,148.38418608921046,439.997149585095
 06/02  12:30:00,117.35839168788048,404.10188701591477
 06/02  12:45:00,68.04666666666667,444.21525934374654
 06/02  13:00:00,163.3711451322399,467.2339827023702
 06/02  13:15:00,110.98000000000002,488.01505474543757
 06/02  13:30:00,126.5803500847986,507.26577482033144
 06/02  13:45:00,117.36429162578618,493.52402611168714
 06/02  14:00:00,89.51333333333334,479.7050461381082
 06/02  14:15:00,163.37563813579692,466.1067875532169
 06/02  14:30:00,151.09538234466112,452.25354813426907
 06/02  14:45:00,64.98,483.42514876876044
 06/02  15:00:00,117.3770125305841,519.0796383184552
 06/02  15:15:00,577.3788728364462,550.4581063923121
 06/02  15:30:00,524.98,566.3901345814446
 06/02  15:45:00,240.0373675064429,494.0548524413166
 06/02  16:00:00,64.98,416.9309275970709
 06/02  16:15:00,138.8474644285463,352.7392329142526
 06/02  16:30:00,7932.947811971773,288.1170103178995
 06/02  16:45:00,441.3356692455864,238.6028074252552
 06/02  17:00:00,350.5688119028814,188.13314991758074
 06/02  17:15:00,110.98000000000002,147.90807301982736
 06/02  17:30:00,163.38053198427562,110.57839364594041
 06/02  17:45:00,1981.3854521556063,112.38432870612995
 06/02  18:00:00,1919.78,109.08994968618946
 06/02  18:15:00,710.0494483824891,103.07139010173444
 06/02  18:30:00,97.37950513168263,93.08374116019382
 06/02  18:45:00,295.5320877006244,73.91817688295978
 06/02  19:00:00,110.98000000000002,60.77187213395851
 06/02  19:15:00,7915.164320965421,49.38345662926042
 06/02  19:30:00,616.3778672886482,38.117006216496904
 06/02  19:45:00,673.6497080465434,29.914270248811142
 06/02  20:00:00,972.664119130041,21.651861462255084
 06/02  20:15:00,809.2232294627108,13.071826876888515
 06/02  20:30:00,790.993131806761,4.401977175124013
 06/02  20:45:00,792.1756003639682,0.0
 06/02  21:00:00,272.8466666666667,0.0
 06/02  21:15:00,331.382123950543,0.0
 06/02  21:30:00,251.38,0.0
 06/02  21:45:00,285.39923136314536,0.0
 06/02  22:00:00,300.7208841237121,0.0
 06/02  22:15:00,1857.708824828558,0.0
 06/02  22:30:00,87.91333333333333,0.0
 06/02  22:45:00,97.39232874496004,0.0
 06/02  23:00:00,97.38076477488718,0.0
 06/02  23:15:00,136.32598000000002,0.0
 06/02  23:30:00,982.6081200108432,0.0
 06/02  23:45:00,154.99918085722177,0.0
 06/02  24:00:00,90.32598,0.0
 06/03  00:15:00,164.21753986421797,0.0
 06/03  00:30:00,188.73968634763136,0.0
 06/03  00:45:00,127.12598,0.0
 06/03  01:00:00,142.75894375420242,0.0
 06/03  01:15:00,1068.9263784468535,0.0
 06/03  01:30:00,1376.4749048612189,0.0
 06/03  01:45:00,136.32598000000002,0.0
 06/03  02:00:00,158.08548226269906,0.0
 06/03  02:15:00,130.66336072732847,0.0
 06/03  02:30:00,63.38,0.0
 06/03  02:45:00,143.4139351901418,0.0
 06/03  03:00:00,137.26964821227847,0.0
 06/03  03:15:00,97.39075427185996,0.0
 06/03  03:30:00,44.97999999999999,0.0
 06/03  03:45:00,137.2744420690649,0.0
 06/03  04:00:00,143.39546349942628,0.0
 06/03  04:15:00,63.38,0.0
 06/03  04:30:00,97.412697805658,0.0
 06/03  04:45:00,112.73404588640204,3.6665562781598484
 06/03  05:00:00,143.38852898733109,6.562200922682222
 06/03  05:15:00,106.58,9.11433382832626
 06/03  05:30:00,377.4046844120896,11.899551267596824
 06/03  05:45:00,143.3919084658831,20.86457844299767
 06/03  06:00:00,90.98,29.814184985544298
 06/03  06:15:00,143.40746740425055,38.368502870056176
 06/03  06:30:00,143.3945246948329,46.85408171498494
 06/03  06:45:00,97.3813072246266,58.39193250609781
 06/03  07:00:00,44.97999999999999,70.31323879150278
 06/03  07:15:00,131.12789851507614,82.37584437363485
 06/03  07:30:00,143.3790996016632,94.60000614720039
 06/03  07:45:00,1329.0414171930856,117.57965269514428
 06/03  08:00:00,1056.609757216263,142.13227266488573
 06/03  08:15:00,141.75039530506575,170.86044786857832
 06/03  08:30:00,189.38603095616003,199.38143247731023
 06/03  08:45:00,189.36977453696232,217.28269919590753
 06/03  09:00:00,1377.6017432373226,235.82861466061823
 06/03  09:15:00,117.36375459999924,255.28868037645282
 06/03  09:30:00,95.64666666666666,275.2952416501276
 06/03  09:45:00,391.4007997390431,270.2987911080811
 06/03  10:00:00,145.6821481316275,263.86496438835036
 06/03  10:15:00,7877.558870315293,245.77878150425295
 06/03  10:30:00,893.8880992307647,236.26290154675416
 06/03  10:45:00,690.1890174921558,217.4642263873608
 06/03  11:00:00,652.2421260313733,198.50832321516037
 06/03  11:15:00,51.11333333333332,179.45891799171943
 06/03  11:30:00,97.38127287025372,160.26460965140618
 06/03  11:45:00,72.57999999999998,162.27733927086229
 06/03  12:00:00,143.40001379545038,164.17080078106437
 06/03  12:15:00,128.05291846505298,165.76629190076844
 06/03  12:30:00,97.37219171670704,167.32290644904845
 06/03  12:45:00,48.04666666666666,166.2385015631947
 06/03  13:00:00,143.3857110565486,165.1256625088467
 06/03  13:15:00,143.37165825281966,164.12587435715693
 06/03  13:30:00,54.17999999999999,163.0867137639739
 06/03  13:45:00,97.38520256798628,160.08234762458392
 06/03  14:00:00,121.90437295772028,157.0568871342708
 06/03  14:15:00,90.98,153.9077930527363
 06/03  14:30:00,131.1162451306012,150.7443115368021
 06/03  14:45:00,97.36779702103208,144.8820203663946
 06/03  15:00:00,44.97999999999999,139.06840417606216
 06/03  15:15:00,2463.7801771829395,133.35480066028762
 06/03  15:30:00,929.9867638640897,127.68634628824145
 06/03  15:45:00,842.2130313303065,120.70877479024091
 06/03  16:00:00,491.4719242635939,113.78624711789763
 06/03  16:15:00,7934.200454180687,106.92647941823049
 06/03  16:30:00,2210.460609941259,100.12390797876392
 06/03  16:45:00,1334.6790011176004,92.19217017954048
 06/03  17:00:00,1219.6796800378204,84.31564703941733
 06/03  17:15:00,838.5554852337011,76.51762657675043
 06/03  17:30:00,810.5396021516116,68.76807275176164
 06/03  17:45:00,2173.7938317302924,61.249920626635685
 06/03  18:00:00,2501.851570738043,53.68796111375703
 06/03  18:15:00,1462.2061993757516,46.1450275388798
 06/03  18:30:00,1007.4616845941024,38.58117913954977
 06/03  18:45:00,998.0973695442024,32.11680820466246
 06/03  19:00:00,780.5014243824911,25.636012608844666
 06/03  19:15:00,416.5346438714988,19.124241584762014
 06/03  19:30:00,431.6160621715445,12.61688826868354
 06/03  19:45:00,460.8753284811594,9.834101832612456
 06/03  20:00:00,498.6463641967286,7.049386505828682
 06/03  20:15:00,494.1090353172264,4.260148660065647
 06/03  20:30:00,457.0224536652327,1.4781976016629197
 06/03  20:45:00,468.185626509422,0.0
 06/03  21:00:00,547.3516064362335,0.0
 06/03  21:15:00,558.90703343227,0.0
 06/03  21:30:00,531.250930956213,0.0
 06/03  21:45:00,517.9117288523647,0.0
 06/03  22:00:00,543.3598002405677,0.0
 06/03  22:15:00,292.31333333333333,0.0
 06/03  22:30:00,140.33180750029743,0.0
 06/03  22:45:00,97.38654602050327,0.0
 06/03  23:00:00,44.97999999999999,0.0
 06/03  23:15:00,143.4041221544839,0.0
 06/03  23:30:00,143.39200502211958,0.0
 06/03  23:45:00,57.246666666666655,0.0
 06/03  24:00:00,97.40916262359518,0.0
 06/04  00:15:00,118.86362138659932,0.0
 06/04  00:30:00,143.38454067380803,0.0
 06/04  00:45:00,81.78,0.0
 06/04  01:00:00,97.40142980835952,0.0
 06/04  01:15:00,97.38954003919648,0.0
 06/04  01:30:00,87.91333333333333,0.0
 06/04  01:45:00,143.40738381030457,0.0
 06/04  02:00:00,112.72902209060692,0.0
 06/04  02:15:00,97.3833418106084,0.0
 06/04  02:30:00,63.38,0.0
 06/04  02:45:00,143.40047561736793,0.0
 06/04  03:00:00,137.25481716976412,0.0
 06/04  03:15:00,44.97999999999999,0.0
 06/04  03:30:00,97.40754211677977,0.0
 06/04  03:45:00,137.2633615227982,0.0
 06/04  04:00:00,143.38578939549734,0.0
 06/04  04:15:00,63.38,0.0
 06/04  04:30:00,97.4055622982961,0.0
 06/04  04:45:00,112.7280262956168,7.925983337714377
 06/04  05:00:00,90.98,14.30802327152567
 06/04  05:15:00,159.01426161378856,19.23645456639524
 06/04  05:30:00,377.4181376416993,25.338306569849006
 06/04  05:45:00,143.3919252552518,37.52852507681729
 06/04  06:00:00,90.98,49.61051791772735
 06/04  06:15:00,143.4104566249016,60.5841495587885
 06/04  06:30:00,143.39844476916437,72.01748927851898
 06/04  06:45:00,44.97999999999999,85.78286988897631
 06/04  07:00:00,97.41556833240078,106.17036191339952
 06/04  07:15:00,131.13591261423846,130.6456895438835
 06/04  07:30:00,143.38924648675385,158.54913273022493
 06/04  07:45:00,834.8774905751683,188.94924414734677
 06/04  08:00:00,1312.6948268087062,218.27890802350996
 06/04  08:15:00,417.0951186695913,246.272053667828
 06/04  08:30:00,399.6230176141348,268.92332149802644
 06/04  08:45:00,380.8032476481849,291.7264033205285
 06/04  09:00:00,1273.365070945547,311.09872025462704
 06/04  09:15:00,657.7553715044406,330.78882368047675
 06/04  09:30:00,741.9357403648929,350.8496269972026
 06/04  09:45:00,700.1290054393788,355.01333940597414
 06/04  10:00:00,656.3618506231436,357.0538792201042
 06/04  10:15:00,7907.609130198945,346.46570668674167
 06/04  10:30:00,2665.9987657454826,344.01683715999417
 06/04  10:45:00,1575.7236077513005,409.2583357425042
 06/04  11:00:00,1160.6698385011284,464.192594709219
 06/04  11:15:00,51.11333333333332,533.3676523105336
 06/04  11:30:00,97.38622374099371,589.3726124065516
 06/04  11:45:00,124.9746843859239,596.9604794337646
 06/04  12:00:00,90.98,603.6460266138737
 06/04  12:15:00,128.05486887894696,615.9436304729637
 06/04  12:30:00,97.37080386957578,625.6145144998617
 06/04  12:45:00,48.04666666666666,604.8645159190377
 06/04  13:00:00,143.3763560221236,582.0700253659458
 06/04  13:15:00,90.98,541.2590856746002
 06/04  13:30:00,106.58556873474252,515.0245872828561
 06/04  13:45:00,97.36946541266744,561.0112159373754
 06/04  14:00:00,69.51333333333332,588.1519069888128
 06/04  14:15:00,143.37859506439807,625.7461502153826
 06/04  14:30:00,131.09607729806785,645.6553481856672
 06/04  14:45:00,44.97999999999999,619.8504739657458
 06/04  15:00:00,97.37219451857275,593.0921303834797
 06/04  15:15:00,1323.5913101859426,564.2117448790976
 06/04  15:30:00,667.7066795969571,534.1809054540554
 06/04  15:45:00,512.6873548263735,496.8864048814945
 06/04  16:00:00,488.551288249659,459.8736327438901
 06/04  16:15:00,7926.842635041626,423.50053119280255
 06/04  16:30:00,1225.30942096748,380.7143206243943
 06/04  16:45:00,849.9125385259463,322.9216117677661
 06/04  17:00:00,896.4120077256396,270.7302302542159
 06/04  17:15:00,658.1409098409632,220.83187848551256
 06/04  17:30:00,819.5880937814728,182.29743058548345
 06/04  17:45:00,2089.903100150551,159.71954188278406
 06/04  18:00:00,2255.520093992829,136.82601054960327
 06/04  18:15:00,1352.7799460527135,117.35624667306243
 06/04  18:30:00,995.6421364094324,99.45021398687848
 06/04  18:45:00,959.2600202026472,81.32468478648221
 06/04  19:00:00,636.3005513885686,66.39052715137163
 06/04  19:15:00,620.5162587948124,54.44084415882245
 06/04  19:30:00,630.718795508074,42.72382579341182
 06/04  19:45:00,375.6098369559234,33.77231686914919
 06/04  20:00:00,423.65993858287953,24.752295585246195
 06/04  20:15:00,415.6175086904333,15.532370289981834
 06/04  20:30:00,374.0122791177504,5.891763788817084
 06/04  20:45:00,380.6877773705179,0.0
 06/04  21:00:00,440.93990279524576,0.0
 06/04  21:15:00,463.7068232080516,0.0
 06/04  21:30:00,447.0534962598024,0.0
 06/04  21:45:00,447.1150223297913,0.0
 06/04  22:00:00,486.3866691706464,0.0
 06/04  22:15:00,292.31333333333333,0.0
 06/04  22:30:00,140.33446895501714,0.0
 06/04  22:45:00,97.38932105762989,0.0
 06/04  23:00:00,44.97999999999999,0.0
 06/04  23:15:00,1105.1273032409506,0.0
 06/04  23:30:00,203.0944003076169,0.0
 06/04  23:45:00,139.97649779188592,0.0
 06/04  24:00:00,134.04685521123216,0.0
 06/05  00:15:00,122.85016253384924,0.0
 06/05  00:30:00,143.39398292076828,0.0
 06/05  00:45:00,81.78,0.0
 06/05  01:00:00,97.41550526484008,0.0
 06/05  01:15:00,97.40562778032046,0.0
 06/05  01:30:00,140.3290728740164,0.0
 06/05  01:45:00,90.98,0.0
 06/05  02:00:00,112.75149739205142,0.0
 06/05  02:15:00,97.40914621716206,0.0
 06/05  02:30:00,115.8001748662125,0.0
 06/05  02:45:00,90.98,0.0
 06/05  03:00:00,137.29126241925638,0.0
 06/05  03:15:00,97.41476837193191,0.0
 06/05  03:30:00,97.40482873932912,0.0
 06/05  03:45:00,84.84666666666666,0.0
 06/05  04:00:00,143.42669405632702,0.0
 06/05  04:15:00,115.81705976086906,0.0
 06/05  04:30:00,97.40733305959,0.0
 06/05  04:45:00,60.313333333333325,8.768016635548491
 06/05  05:00:00,143.42957476510506,15.975076812075455
 06/05  05:15:00,159.0190299940611,21.261918680348938
 06/05  05:30:00,377.42404866192487,28.05448837657312
 06/05  05:45:00,101.540619018152,37.59085558446032
 06/05  06:00:00,132.85445552432117,47.58369511317275
 06/05  06:15:00,143.41505853001618,56.3602855436493
 06/05  06:30:00,143.40166346286242,65.72389261533091
 06/05  06:45:00,44.97999999999999,76.80683393159524
 06/05  07:00:00,97.41535785604776,98.77440109489905
 06/05  07:15:00,131.13441645826427,129.02767628524245
 06/05  07:30:00,143.3863085747683,167.60810634937292
 06/05  07:45:00,856.1651995836265,202.10709745868266
 06/05  08:00:00,1298.4041785172562,237.590556625874
 06/05  08:15:00,380.2708519936927,272.186706368883
 06/05  08:30:00,371.9544528867525,305.458629538072
 06/05  08:45:00,350.9932644205344,341.8476304243565
 06/05  09:00:00,1161.293181667651,378.27518777441514
 06/05  09:15:00,536.935933948979,420.99729472313766
 06/05  09:30:00,628.5321620587483,456.64419034193446
 06/05  09:45:00,574.3582589787874,486.91037953037943
 06/05  10:00:00,521.4045968096635,515.8165888474266
 06/05  10:15:00,7905.166309985825,543.164746043253
 06/05  10:30:00,1988.8366371191023,568.7586373025008
 06/05  10:45:00,1255.879565104287,562.660693583005
 06/05  11:00:00,952.7666598949976,564.2647149705607
 06/05  11:15:00,51.11333333333332,568.6645152917125
 06/05  11:30:00,97.36272096178836,570.3779363955772
 06/05  11:45:00,72.57999999999998,582.5147012943004
 06/05  12:00:00,143.3725958940894,592.894765038587
 06/05  12:15:00,128.02304799592184,600.6103208470485
 06/05  12:30:00,44.97999999999999,607.0412183941901
 06/05  12:45:00,100.43194971428812,585.579011094499
 06/05  13:00:00,90.98,563.4393890148776
 06/05  13:15:00,143.372870674779,523.2732470394835
 06/05  13:30:00,106.55540284099314,497.1752621499336
 06/05  13:45:00,44.97999999999999,483.48546970036034
 06/05  14:00:00,121.89459274498094,468.59308428720124
 06/05  14:15:00,90.98,458.95310945151925
 06/05  14:30:00,131.09792289146876,448.2681758080007
 06/05  14:45:00,97.34530665643268,401.3617466528654
 06/05  15:00:00,44.97999999999999,367.0814951641724
 06/05  15:15:00,1289.8133642705266,332.22970886504595
 06/05  15:30:00,628.2584244258467,298.10674611220446
 06/05  15:45:00,496.1773138347347,295.9008716096614
 06/05  16:00:00,258.1768660813702,299.7719408269044
 06/05  16:15:00,7931.45851835813,292.6314196576829
 06/05  16:30:00,1237.6997093703849,283.7214933038078
 06/05  16:45:00,720.1335657373376,265.08959863596215
 06/05  17:00:00,720.7874914066279,245.55743310738163
 06/05  17:15:00,406.13150880663983,225.83385825045332
 06/05  17:30:00,633.2330868454732,204.6442924698332
 06/05  17:45:00,1978.1111753173773,170.01898280480748
 06/05  18:00:00,1972.1659100708216,139.18915605044447
 06/05  18:15:00,1122.2457511972375,111.86708449900173
 06/05  18:30:00,1099.700095329279,90.144628737715
 06/05  18:45:00,1070.042170141622,72.69591212810447
 06/05  19:00:00,629.430323335762,57.36933562087123
 06/05  19:15:00,254.59078078000783,44.32980638758182
 06/05  19:30:00,327.04035821238256,29.42527776221387
 06/05  19:45:00,383.4232575114398,22.842772465044074
 06/05  20:00:00,441.7235854990473,16.223033452933176
 06/05  20:15:00,435.8720069633848,9.582045502928727
 06/05  20:30:00,395.7503598182685,2.941829276445145
 06/05  20:45:00,405.4137856023327,0.0
 06/05  21:00:00,326.1103950631868,0.0
 06/05  21:15:00,454.6436066426726,0.0
 06/05  21:30:00,390.5809889056171,0.0
 06/05  21:45:00,380.2281138154661,0.0
 06/05  22:00:00,409.88529790857433,0.0
 06/05  22:15:00,292.31333333333333,0.0
 06/05  22:30:00,140.31987421599132,0.0
 06/05  22:45:00,97.37230803705845,0.0
 06/05  23:00:00,44.97999999999999,0.0
 06/05  23:15:00,143.38605706820914,0.0
 06/05  23:30:00,143.3723480443993,0.0
 06/05  23:45:00,57.246666666666655,0.0
 06/05  24:00:00,97.38667794028989,0.0
 06/06  00:15:00,118.84015306790108,0.0
 06/06  00:30:00,90.98,0.0
 06/06  00:45:00,134.18899252889275,0.0
 06/06  01:00:00,97.37599428100096,0.0
 06/06  01:15:00,44.97999999999999,0.0
 06/06  01:30:00,140.32623829397997,0.0
 06/06  01:45:00,143.38073464845382,0.0
 06/06  02:00:00,60.313333333333325,0.0
 06/06  02:15:00,97.3976403193604,0.0
 06/06  02:30:00,115.78511217512344,0.0
 06/06  02:45:00,90.98,0.0
 06/06  03:00:00,137.26826347088044,0.0
 06/06  03:15:00,97.3888984508196,0.0
 06/06  03:30:00,44.97999999999999,0.0
 06/06  03:45:00,137.27142234994622,0.0
 06/06  04:00:00,143.39210997876197,0.0
 06/06  04:15:00,115.77975922000256,0.0
 06/06  04:30:00,44.97999999999999,0.0
 06/06  04:45:00,112.73035429791445,2.5060790091078005
 06/06  05:00:00,143.3849051418139,4.2470475904084095
 06/06  05:15:00,106.58,5.754777943370925
 06/06  05:30:00,377.40172402089127,7.427209375668219
 06/06  05:45:00,143.3894397057578,13.018987651873369
 06/06  06:00:00,90.98,18.614417544268576
 06/06  06:15:00,143.40594630381895,24.20838455932943
 06/06  06:30:00,143.39340174346728,29.80203082573761
 06/06  06:45:00,97.38063784373774,46.647033290443176
 06/06  07:00:00,44.97999999999999,62.663831773149276
 06/06  07:15:00,131.12835916520925,78.83197699577423
 06/06  07:30:00,143.38019280577043,95.25714139575132
 06/06  07:45:00,972.0948041889716,107.8088665993858
 06/06  08:00:00,1459.6066058157846,120.63467585209878
 06/06  08:15:00,400.1349070263807,133.73939131656343
 06/06  08:30:00,381.7732853553659,147.0659697711836
 06/06  08:45:00,355.4608121602935,174.8639019311853
 06/06  09:00:00,1113.6859019220883,209.77826416664612
 06/06  09:15:00,438.79380474696376,241.83370023981377
 06/06  09:30:00,557.2077242202965,275.24779429191534
 06/06  09:45:00,501.0551233640284,290.7336770158633
 06/06  10:00:00,465.6010684612136,305.9342092805876
 06/06  10:15:00,7904.563293967911,321.2148391412153
 06/06  10:30:00,1866.844512884405,336.1719621608692
 06/06  10:45:00,1249.0506206117327,322.4041657518419
 06/06  11:00:00,995.1276254745026,308.07645129986423
 06/06  11:15:00,51.11333333333332,278.5873933503192
 06/06  11:30:00,97.36624516798727,262.7135551388691
 06/06  11:45:00,72.57999999999998,265.6381162220563
 06/06  12:00:00,143.37431678333522,268.2400753117253
 06/06  12:15:00,128.02453512735258,271.0431937583796
 06/06  12:30:00,44.97999999999999,273.754485121545
 06/06  12:45:00,100.43278417234188,272.73246690250727
 06/06  13:00:00,90.98,271.6540492645269
 06/06  13:15:00,143.373402002775,270.2103316406718
 06/06  13:30:00,106.55606972579236,268.6879899384732
 06/06  13:45:00,44.97999999999999,238.21070960913107
 06/06  14:00:00,121.89552365055604,208.27030238109876
 06/06  14:15:00,90.98,178.89109136888575
 06/06  14:30:00,131.10454896522916,149.66800497403779
 06/06  14:45:00,97.35528535713092,144.39849421884188
 06/06  15:00:00,44.97999999999999,139.01426318717967
 06/06  15:15:00,2144.1488469668566,133.57500435473108
 06/06  15:30:00,952.0422841635088,128.16809898906408
 06/06  15:45:00,858.0821509355022,121.07338402567468
 06/06  16:00:00,501.3381884572311,114.02175773846882
 06/06  16:15:00,7928.296166196142,107.21308538933323
 06/06  16:30:00,2313.45243929782,100.41808420795525
 06/06  16:45:00,1530.6752269168203,92.89668106992266
 06/06  17:00:00,1375.3760069418192,85.40515955519668
 06/06  17:15:00,963.7488560087156,77.7806270956178
 06/06  17:30:00,1231.9936177565417,70.19916957586973
 06/06  17:45:00,2317.0102672813023,62.48347363230995
 06/06  18:00:00,2508.3480906691766,54.744924989670096
 06/06  18:15:00,1378.539018316898,46.9865630498837
 06/06  18:30:00,908.76090840919,39.22169152163175
 06/06  18:45:00,647.8852525568019,32.75146297493301
 06/06  19:00:00,511.3063721555017,26.27472267296389
 06/06  19:15:00,502.34842858473456,19.804565602456982
 06/06  19:30:00,518.1420471005002,13.327412562311023
 06/06  19:45:00,551.1926756174694,10.745298637937404
 06/06  20:00:00,592.0448781630325,8.157234530502423
 06/06  20:15:00,588.6019505219011,5.55813377405338
 06/06  20:30:00,549.4094442049194,2.9610588497872237
 06/06  20:45:00,560.247073592479,0.0
 06/06  21:00:00,638.5054955714089,0.0
 06/06  21:15:00,648.6325478218469,0.0
 06/06  21:30:00,619.1064365161734,0.0
 06/06  21:45:00,604.5028799594023,0.0
 06/06  22:00:00,628.4538992274375,0.0
 06/06  22:15:00,292.31333333333333,0.0
 06/06  22:30:00,140.32768274651352,0.0
 06/06  22:45:00,97.38180871991143,0.0
 06/06  23:00:00,44.97999999999999,0.0
 06/06  23:15:00,2014.9010964931017,0.0
 06/06  23:30:00,1305.927454153648,0.0
 06/06  23:45:00,1503.3613333333335,0.0
 06/06  24:00:00,118.06516398455308,0.0
 06/07  00:15:00,118.8667729471399,0.0
 06/07  00:30:00,90.98,0.0
 06/07  00:45:00,134.20720399069455,0.0
 06/07  01:00:00,97.39501728418992,0.0
 06/07  01:15:00,97.38231383121354,0.0
 06/07  01:30:00,87.91333333333333,0.0
 06/07  01:45:00,143.39860656067498,0.0
 06/07  02:00:00,112.71924300380032,0.0
 06/07  02:15:00,44.97999999999999,0.0
 06/07  02:30:00,115.8009195790395,0.0
 06/07  02:45:00,143.38760193732867,0.0
 06/07  03:00:00,84.84666666666666,0.0
 06/07  03:15:00,97.40239697805652,0.0
 06/07  03:30:00,97.38927427253958,0.0
 06/07  03:45:00,137.2425620162529,0.0
 06/07  04:00:00,90.98,0.0
 06/07  04:15:00,115.79089658368105,0.0
 06/07  04:30:00,97.37744303837,0.0
 06/07  04:45:00,60.313333333333325,4.994997542531566
 06/07  05:00:00,143.39215233144958,9.221873525923625
 06/07  05:15:00,158.97811288286218,12.991320073702003
 06/07  05:30:00,324.97999999999985,17.062867588305124
 06/07  05:45:00,143.3913466227271,30.519786054971828
 06/07  06:00:00,143.37704124583382,43.13126634401768
 06/07  06:15:00,90.98,54.39617028961898
 06/07  06:30:00,143.39144547325773,66.14986073538664
 06/07  06:45:00,97.37790232321032,74.30762398991679
 06/07  07:00:00,44.97999999999999,82.93511076527017
 06/07  07:15:00,131.12376568717303,90.1852163056768
 06/07  07:30:00,143.37483268439726,94.8697200738031
 06/07  07:45:00,846.5765432650421,107.3737852229825
 06/07  08:00:00,1469.5548106429428,120.14395390883146
 06/07  08:15:00,487.4048129026014,133.27968808405427
 06/07  08:30:00,459.3162402286448,146.6653226397099
 06/07  08:45:00,447.47574837364925,158.7567078671255
 06/07  09:00:00,1365.2753420590848,170.94621909076045
 06/07  09:15:00,730.1708967902697,183.20481134922377
 06/07  09:30:00,835.4601258493032,195.55330655160083
 06/07  09:45:00,784.7742061447688,205.74022460136482
 06/07  10:00:00,741.178162458635,216.05585313913977
 06/07  10:15:00,7908.741904925046,226.25124392557333
 06/07  10:30:00,2925.1566950866327,236.46697480649516
 06/07  10:45:00,1687.0850656721543,217.2148522911569
 06/07  11:00:00,1263.7559272076217,197.9900902929313
 06/07  11:15:00,51.11333333333332,178.80214793489844
 06/07  11:30:00,97.37811276993348,159.37792607824477
 06/07  11:45:00,72.57999999999998,161.247692536764
 06/07  12:00:00,143.37610691711447,162.93885668132077
 06/07  12:15:00,128.02925301208367,164.78267282177865
 06/07  12:30:00,44.97999999999999,166.59707860239598
 06/07  12:45:00,100.44431139413535,274.19041694750956
 06/07  13:00:00,143.36473467033014,357.1473339684772
 06/07  13:15:00,90.98,451.23548015336985
 06/07  13:30:00,106.56878679296396,527.9910113220581
 06/07  13:45:00,44.97999999999999,464.9941979894645
 06/07  14:00:00,121.9041680130342,390.72576920392675
 06/07  14:15:00,143.3570088068195,318.2540233440808
 06/07  14:30:00,78.71333333333334,248.92250520651712
 06/07  14:45:00,97.37150645811884,240.805198739529
 06/07  15:00:00,97.35840180672548,232.14369699434275
 06/07  15:15:00,1942.679424439359,223.21356385424428
 06/07  15:30:00,1144.2432483049197,214.23445170982768
 06/07  15:45:00,810.6175166096141,217.1062694744398
 06/07  16:00:00,625.4658529478542,219.65505926409435
 06/07  16:15:00,7929.113452165817,221.8392907382644
 06/07  16:30:00,2696.9971292521013,223.6434968780959
 06/07  16:45:00,1632.8176601055434,204.5657290638153
 06/07  17:00:00,1387.9241323007466,185.9527237476825
 06/07  17:15:00,964.3463608194568,167.73644775206483
 06/07  17:30:00,1229.535308185708,149.83691036857655
 06/07  17:45:00,2365.4639710887504,131.9641465385358
 06/07  18:00:00,2428.047935652832,114.61433745357411
 06/07  18:15:00,1318.0335615184554,98.02995907486854
 06/07  18:30:00,904.2981816798916,82.05931798606272
 06/07  18:45:00,710.9913020922908,67.04996842281535
 06/07  19:00:00,590.3787024205266,52.556776848004034
 06/07  19:15:00,584.9391299630952,38.30303503497657
 06/07  19:30:00,604.0978829635562,22.85410883021179
 06/07  19:45:00,638.3039893468913,17.514270563002803
 06/07  20:00:00,680.215952510257,12.16102584700306
 06/07  20:15:00,681.2149338709172,6.816426289747376
 06/07  20:30:00,651.4432719854362,1.4714267216525294
 06/07  20:45:00,666.7935344830104,0.0
 06/07  21:00:00,749.1122390607634,0.0
 06/07  21:15:00,769.4154853714913,0.0
 06/07  21:30:00,752.7549590701769,0.0
 06/07  21:45:00,750.0360018472668,0.0
 06/07  22:00:00,786.6402066937849,0.0
 06/07  22:15:00,292.31333333333333,0.0
 06/07  22:30:00,140.33783666898074,0.0
 06/07  22:45:00,97.3932193748635,0.0
 06/07  23:00:00,44.97999999999999,0.0
 06/07  23:15:00,1918.779102515328,0.0
 06/07  23:30:00,1017.117855241904,0.0
 06/07  23:45:00,194.42140623491355,0.0
 06/07  24:00:00,129.71635999999995,0.0
 06/08  00:15:00,152.77500912789867,0.0
 06/08  00:30:00,143.4192126276281,0.0
 06/08  00:45:00,134.19398626518657,0.0
 06/08  01:00:00,44.97999999999999,0.0
 06/08  01:15:00,97.41644798246011,0.0
 06/08  01:30:00,140.34034059340425,0.0
 06/08  01:45:00,143.39755690086918,0.0
 06/08  02:00:00,60.313333333333325,0.0
 06/08  02:15:00,97.42080651521847,0.0
 06/08  02:30:00,115.8116560708262,0.0
 06/08  02:45:00,143.40248902783674,0.0
 06/08  03:00:00,84.84666666666666,0.0
 06/08  03:15:00,97.42464803353892,0.0
 06/08  03:30:00,97.41402982116249,0.0
 06/08  03:45:00,137.26986782804863,0.0
 06/08  04:00:00,90.98,0.0
 06/08  04:15:00,115.82403061921706,0.0
 06/08  04:30:00,97.41417178605974,0.0
 06/08  04:45:00,112.73754778884962,9.34551564163105
 06/08  05:00:00,90.98,16.35815095899697
 06/08  05:15:00,159.02572227931296,21.50126669856578
 06/08  05:30:00,377.4155806527364,28.125947996870327
 06/08  05:45:00,143.40531014893114,36.77718861502471
 06/08  06:00:00,90.98,45.42187386786373
 06/08  06:15:00,143.42480317752768,54.00412901130585
 06/08  06:30:00,143.41290305677705,62.54659777757469
 06/08  06:45:00,97.4006808418512,70.56708961127593
 06/08  07:00:00,44.97999999999999,79.10393260692582
 06/08  07:15:00,131.15092080916213,87.58423698798359
 06/08  07:30:00,1126.5247858721686,96.02143105170069
 06/08  07:45:00,847.3288385805764,108.9412330740365
 06/08  08:00:00,1582.4979514393156,122.11134812959955
 06/08  08:15:00,703.3764468367234,135.40494095111717
 06/08  08:30:00,608.1984101487135,148.867132250705
 06/08  08:45:00,1698.912316503753,142.1715068045058
 06/08  09:00:00,919.249118449138,135.231252093513
 06/08  09:15:00,1081.0897756269942,128.29631151105917
 06/08  09:30:00,1090.152476897906,121.13342927825764
 06/08  09:45:00,1072.956105565971,177.37825084435042
 06/08  10:00:00,1026.3738673269606,231.1407076544731
 06/08  10:15:00,958.202705687756,286.4347574305086
 06/08  10:30:00,925.83293368339,343.1599605181568
 06/08  10:45:00,932.6928602724328,407.23070932290176
 06/08  11:00:00,892.4633891913894,461.395036383881
 06/08  11:15:00,557.3448619366625,528.7260714591029
 06/08  11:30:00,410.8237249404804,583.2898979611572
 06/08  11:45:00,526.0095038941986,519.9052748374005
 06/08  12:00:00,426.3693878116692,441.91845485718113
 06/08  12:15:00,905.377226579404,376.6591914368628
 06/08  12:30:00,543.1270353214663,292.9307190060121
 06/08  12:45:00,684.7594868928795,321.18801328528446
 06/08  13:00:00,643.9303482777705,347.6327718810383
 06/08  13:15:00,626.381605231008,372.44439698708584
 06/08  13:30:00,564.8420298406863,396.47974141636905
 06/08  13:45:00,528.969254424684,425.56680505034956
 06/08  14:00:00,528.9748091249949,438.18420099089263
 06/08  14:15:00,519.843932180918,449.1163875019538
 06/08  14:30:00,471.6282557138994,458.2047312234031
 06/08  14:45:00,423.75675532186347,397.2100457969022
 06/08  15:00:00,422.0822490115235,339.31801229321553
 06/08  15:15:00,894.8038008039343,274.51963739806587
 06/08  15:30:00,862.6937672376524,214.04145001950866
 06/08  15:45:00,550.426773298469,218.5769002955823
 06/08  16:00:00,489.13892645660167,222.15448384575689
 06/08  16:15:00,660.7825390040493,224.50407873520362
 06/08  16:30:00,7953.708349802722,226.42599722241053
 06/08  16:45:00,2785.551235505905,185.6557604107971
 06/08  17:00:00,1817.0306936828963,146.35364888914162
 06/08  17:15:00,1264.6109929943066,108.30909925115564
 06/08  17:30:00,1107.105721784244,71.21533513545955
 06/08  17:45:00,2767.582645753963,69.67494952520956
 06/08  18:00:00,2850.8261816818213,67.96912960475001
 06/08  18:15:00,1675.022534033228,66.09204987054295
 06/08  18:30:00,1270.692297517215,64.08131183453814
 06/08  18:45:00,828.0970882783522,53.91994009678637
 06/08  19:00:00,733.6400230917875,43.9292652451316
 06/08  19:15:00,7924.08054011041,33.595672250718515
 06/08  19:30:00,3054.589586792233,23.136520368593754
 06/08  19:45:00,1765.5347394120186,17.738182459801255
 06/08  20:00:00,1357.7463950218296,12.32833953586993
 06/08  20:15:00,1116.3743417257217,6.89739305868887
 06/08  20:30:00,952.2051471761636,1.48635325473557
 06/08  20:45:00,890.2337818701063,1.162871976737446
 06/08  21:00:00,897.5297265849266,0.0
 06/08  21:15:00,905.9454823903006,0.0
 06/08  21:30:00,869.815581674432,0.0
 06/08  21:45:00,855.2766647188736,0.0
 06/08  22:00:00,878.050380041662,0.0
 06/08  22:15:00,1139.1589549279342,0.0
 06/08  22:30:00,87.91333333333333,0.0
 06/08  22:45:00,97.42115546643822,0.0
 06/08  23:00:00,97.4035217183212,0.0
 06/08  23:15:00,1951.154,0.0
 06/08  23:30:00,1886.099442400315,0.0
 06/08  23:45:00,207.3834850690543,0.0
 06/08  24:00:00,195.11480450633903,0.0
 06/09  00:15:00,164.13929666666667,0.0
 06/09  00:30:00,241.1181482733914,0.0
 06/09  00:45:00,231.9085868188205,0.0
 06/09  01:00:00,195.09897911350615,0.0
 06/09  01:15:00,71.031368,0.0
 06/09  01:30:00,140.36080752118062,0.0
 06/09  01:45:00,143.41739993091286,0.0
 06/09  02:00:00,112.74053843453174,0.0
 06/09  02:15:00,97.39655048885184,0.0
 06/09  02:30:00,63.38,0.0
 06/09  02:45:00,143.4171364168884,0.0
 06/09  03:00:00,137.273160961955,0.0
 06/09  03:15:00,97.39602452200374,0.0
 06/09  03:30:00,44.97999999999999,0.0
 06/09  03:45:00,137.2837428565675,0.0
 06/09  04:00:00,143.4067356946603,0.0
 06/09  04:15:00,115.79643779407117,0.0
 06/09  04:30:00,44.97999999999999,0.0
 06/09  04:45:00,112.75121313823271,2.725913117511164
 06/09  05:00:00,143.40777095918446,4.678815948819596
 06/09  05:15:00,158.9972199356858,6.374798760476587
 06/09  05:30:00,324.97999999999985,8.250222926510608
 06/09  05:45:00,143.41800901547282,13.705799608507547
 06/09  06:00:00,143.40752875391013,19.16226844618214
 06/09  06:15:00,143.39690275660394,24.62255661603308
 06/09  06:30:00,90.98,30.08352080812156
 06/09  06:45:00,97.4175297796568,37.81199210652026
 06/09  07:00:00,97.40697316093888,45.53230149684734
 06/09  07:15:00,131.12926404286532,53.23673519918488
 06/09  07:30:00,1060.1515886810134,60.79029880087828
 06/09  07:45:00,930.0090406793348,68.56016938173313
 06/09  08:00:00,1736.3843780180378,76.3699103614067
 06/09  08:15:00,787.3426215038091,84.20886079779353
 06/09  08:30:00,781.3918015423909,92.08389856152705
 06/09  08:45:00,1978.9746151175243,99.43173479768468
 06/09  09:00:00,1951.3275391573036,106.8112028247301
 06/09  09:15:00,1005.8526136634356,114.12720680357245
 06/09  09:30:00,1176.379088627631,121.43274995631621
 06/09  09:45:00,1188.063784025158,150.00029724264195
 06/09  10:00:00,1153.6408548554898,178.46951059285368
 06/09  10:15:00,1098.8723495302363,208.00842872188383
 06/09  10:30:00,1081.367781460748,238.0464338427411
 06/09  10:45:00,1109.9346589693305,245.1403929861192
 06/09  11:00:00,1089.811537042945,252.54095301455033
 06/09  11:15:00,740.9703536347229,259.70086208167373
 06/09  11:30:00,559.8505985790744,266.7679848311652
 06/09  11:45:00,647.5202897972454,269.77447144897803
 06/09  12:00:00,591.3956360324603,272.74035694554817
 06/09  12:15:00,1094.3906468806238,275.67318969989736
 06/09  12:30:00,815.1785286379439,278.557319356286
 06/09  12:45:00,906.2986179887434,277.59852796167036
 06/09  13:00:00,862.1070561583598,276.5800659231321
 06/09  13:15:00,843.4989949338664,274.6318597581175
 06/09  13:30:00,795.602771259696,272.6985044849697
 06/09  13:45:00,768.2375874720485,307.89787374133215
 06/09  14:00:00,771.9080012349143,325.9831216778886
 06/09  14:15:00,768.3292400110446,344.3156863886147
 06/09  14:30:00,728.7487967251895,361.5388800706813
 06/09  14:45:00,682.1834575247453,324.91553012669374
 06/09  15:00:00,682.0653557004772,289.83488971963715
 06/09  15:15:00,1125.1960215846234,255.45752740745704
 06/09  15:30:00,1067.6286940350594,213.2034159212684
 06/09  15:45:00,739.7339622660588,201.9496443677292
 06/09  16:00:00,663.1749999562946,190.2898104660647
 06/09  16:15:00,850.8967704821637,178.6392870746261
 06/09  16:30:00,7963.182105586373,166.82480200344656
 06/09  16:45:00,3599.046565426271,153.12500842029152
 06/09  17:00:00,2009.555488152001,139.78993189813997
 06/09  17:15:00,1338.4185373274838,126.82146970545185
 06/09  17:30:00,1138.63710261682,114.29591315762498
 06/09  17:45:00,2925.768085909235,111.6711028240198
 06/09  18:00:00,2778.0383927496,108.06581853636732
 06/09  18:15:00,1641.881663550755,101.81713065143515
 06/09  18:30:00,1304.0510812928935,94.24146082105187
 06/09  18:45:00,914.2413516287274,74.41661267008543
 06/09  19:00:00,840.6010299624447,56.89704149650172
 06/09  19:15:00,7932.723335657484,41.51655754703579
 06/09  19:30:00,3601.975533701978,23.661376085462507
 06/09  19:45:00,1853.5180369988984,18.690050431145114
 06/09  20:00:00,1398.848729968983,13.699199212947676
 06/09  20:15:00,1170.0796113071067,8.704907329541895
 06/09  20:30:00,1025.9869624921475,3.7021516780936867
 06/09  20:45:00,983.6365247928176,2.896299040737425
 06/09  21:00:00,1008.15689093271,0.0
 06/09  21:15:00,1018.7291828150604,0.0
 06/09  21:30:00,987.6129147436396,0.0
 06/09  21:45:00,971.7380054449252,0.0
 06/09  22:00:00,994.8254306944236,0.0
 06/09  22:15:00,1253.9448843043542,0.0
 06/09  22:30:00,87.91333333333333,0.0
 06/09  22:45:00,97.40436368168264,0.0
 06/09  23:00:00,97.38523083626686,0.0
 06/09  23:15:00,136.32598000000002,0.0
 06/09  23:30:00,982.6166936479136,0.0
 06/09  23:45:00,155.00766212098392,0.0
 06/09  24:00:00,90.32598,0.0
 06/10  00:15:00,164.2287776654021,0.0
 06/10  00:30:00,188.75232993461356,0.0
 06/10  00:45:00,179.54256019977058,0.0
 06/10  01:00:00,90.32598,0.0
 06/10  01:15:00,1068.9318618904724,0.0
 06/10  01:30:00,1376.4844848625107,0.0
 06/10  01:45:00,188.76418944411347,0.0
 06/10  02:00:00,105.65931333333332,0.0
 06/10  02:15:00,130.6729199847832,0.0
 06/10  02:30:00,115.80954622482828,0.0
 06/10  02:45:00,143.3998507405169,0.0
 06/10  03:00:00,84.84666666666666,0.0
 06/10  03:15:00,97.4210236572837,0.0
 06/10  03:30:00,97.41005593747134,0.0
 06/10  03:45:00,137.26554941716688,0.0
 06/10  04:00:00,90.98,0.0
 06/10  04:15:00,115.81959902353344,0.0
 06/10  04:30:00,97.41001126201786,0.0
 06/10  04:45:00,112.73372634860316,4.4788944383366145
 06/10  05:00:00,90.98,7.414625569276898
 06/10  05:15:00,159.02037485955665,9.956726260502599
 06/10  05:30:00,377.4233069181144,12.754745984618184
 06/10  05:45:00,143.3952095052544,21.961863006950207
 06/10  06:00:00,90.98,31.107123055313533
 06/10  06:15:00,143.4122901783338,39.86261694670691
 06/10  06:30:00,143.40062839693448,48.54140230330869
 06/10  06:45:00,97.38875389022478,51.63019000386933
 06/10  07:00:00,44.97999999999999,54.69072515081962
 06/10  07:15:00,131.13994411558642,57.63134127724202
 06/10  07:30:00,143.39447537255128,60.50500430135881
 06/10  07:45:00,1077.9984287339184,68.26605821205898
 06/10  08:00:00,1965.3845428315024,76.05693415896864
 06/10  08:15:00,850.0127323558681,83.8524939645085
 06/10  08:30:00,844.369267217168,91.69122371979886
 06/10  08:45:00,835.5741227886152,117.76824853696988
 06/10  09:00:00,2028.0040604298315,144.21047095484298
 06/10  09:15:00,1486.7615229161054,171.08515870739961
 06/10  09:30:00,1304.1852733695778,198.3649419979957
 06/10  09:45:00,1271.3916710387905,185.13975158980105
 06/10  10:00:00,1229.3422533589185,171.9345393233562
 06/10  10:15:00,7942.697422463599,158.63142107017583
 06/10  10:30:00,4022.173657047807,145.13849170898695
 06/10  10:45:00,1967.8550240503496,149.32019538029215
 06/10  11:00:00,1497.860986246474,153.3874485222499
 06/10  11:15:00,51.11333333333332,157.15685927415956
 06/10  11:30:00,97.39565555390648,160.89969442092726
 06/10  11:45:00,124.96994627829731,189.5998642520498
 06/10  12:00:00,90.98,218.1871933088809
 06/10  12:15:00,128.0458016807793,247.1672843341446
 06/10  12:30:00,44.97999999999999,276.26267331318826
 06/10  12:45:00,100.45521367939216,274.7830655254483
 06/10  13:00:00,143.37246981716743,273.59657197123937
 06/10  13:15:00,90.98,272.01475499279684
 06/10  13:30:00,106.58015713091451,270.31674146428594
 06/10  13:45:00,97.36307115404207,239.4015076423731
 06/10  14:00:00,69.51333333333332,209.09388242755327
 06/10  14:15:00,143.372739660442,179.46231684705415
 06/10  14:30:00,131.09180067047038,150.04255792944502
 06/10  14:45:00,44.97999999999999,145.01790225313306
 06/10  15:00:00,97.3719978244885,139.83649879570345
 06/10  15:15:00,2120.2858593813576,134.60626260665344
 06/10  15:30:00,1697.141479707301,129.3882127278447
 06/10  15:45:00,1223.4695663851555,122.49093759276946
 06/10  16:00:00,1172.1064134975122,115.63679310958248
 06/10  16:15:00,7961.218817754621,108.89939322471406
 06/10  16:30:00,4008.520131103936,102.20379958006541
 06/10  16:45:00,2010.3445436675624,94.36635920504567
 06/10  17:00:00,1674.4472956073512,86.56700268474212
 06/10  17:15:00,1303.4157939327872,78.77365284982132
 06/10  17:30:00,1811.9326619025503,71.02569733025771
 06/10  17:45:00,2816.4276141379064,63.32455680517859
 06/10  18:00:00,3048.2076478622603,55.60252009614932
 06/10  18:15:00,1910.615611051659,47.8128842167116
 06/10  18:30:00,1452.4027421078797,40.0204037959249
 06/10  18:45:00,1218.4911330395228,33.714825833778676
 06/10  19:00:00,1125.57366265949,27.406807914924272
 06/10  19:15:00,1141.7478930320592,21.10236325521226
 06/10  19:30:00,1148.2524673289795,14.799282835175697
 06/10  19:45:00,1175.0220869555496,11.653299762764814
 06/10  20:00:00,1200.7620664351948,8.505984060120761
 06/10  20:15:00,1196.724482275743,5.359212051888728
 06/10  20:30:00,1156.445771947942,2.2148527042307222
 06/10  20:45:00,1169.412394949358,1.7327960919154064
 06/10  21:00:00,1212.9297646475318,0.0
 06/10  21:15:00,1235.98686527557,0.0
 06/10  21:30:00,1214.6469618105086,0.0
 06/10  21:45:00,1205.398726882924,0.0
 06/10  22:00:00,1225.734656780405,0.0
 06/10  22:15:00,292.3133333333333,0.0
 06/10  22:30:00,140.3391376841393,0.0
 06/10  22:45:00,97.3986408208688,0.0
 06/10  23:00:00,44.97999999999999,0.0
 06/10  23:15:00,143.4023309208152,0.0
 06/10  23:30:00,143.3912821715063,0.0
 06/10  23:45:00,57.246666666666655,0.0
 06/10  24:00:00,97.41104376054548,0.0
 06/11  00:15:00,118.86681486679028,0.0
 06/11  00:30:00,143.38917747131413,0.0
 06/11  00:45:00,81.78,0.0
 06/11  01:00:00,97.40931208851224,0.0
 06/11  01:15:00,97.39822781306732,0.0
 06/11  01:30:00,87.91333333333333,0.0
 06/11  01:45:00,143.41758736369692,0.0
 06/11  02:00:00,112.7400560344019,0.0
 06/11  02:15:00,97.3948971775581,0.0
 06/11  02:30:00,63.38,0.0
 06/11  02:45:00,143.41268245198742,0.0
 06/11  03:00:00,137.26745126162828,0.0
 06/11  03:15:00,97.38934050330764,0.0
 06/11  03:30:00,44.97999999999999,0.0
 06/11  03:45:00,137.275012493662,0.0
 06/11  04:00:00,143.39706172904832,0.0
 06/11  04:15:00,63.38,0.0
 06/11  04:30:00,97.41600632520388,0.0
 06/11  04:45:00,112.73821555632486,2.7115920007067538
 06/11  05:00:00,143.3936188670533,4.652192938513398
 06/11  05:15:00,106.58,6.338402385216224
 06/11  05:30:00,377.4117500628389,8.203604915119392
 06/11  05:45:00,143.40003272853485,13.816616954729952
 06/11  06:00:00,143.38810666356474,19.431699459208442
 06/11  06:15:00,90.98,25.049703291811134
 06/11  06:30:00,143.4070987570699,30.669822071779887
 06/11  06:45:00,97.3957796464117,38.17248280902525
 06/11  07:00:00,44.97999999999999,45.67452658411806
 06/11  07:15:00,131.1475394886497,53.16769850334944
 06/11  07:30:00,143.40248161923995,60.51924030595319
 06/11  07:45:00,1279.7042711902748,68.46067228735008
 06/11  08:00:00,2257.6770646146,76.45386280602338
 06/11  08:15:00,1242.1707235019182,84.4746770106001
 06/11  08:30:00,1028.3717480840214,92.53518763182005
 06/11  08:45:00,1005.6675215827594,99.69846536514923
 06/11  09:00:00,2300.0496995509707,106.89025999726192
 06/11  09:15:00,1715.835419275053,114.10945647914733
 06/11  09:30:00,1660.6863207646647,121.35384541440311
 06/11  09:45:00,1527.182489877383,127.25359753336234
 06/11  10:00:00,1504.147477151254,133.19487534695597
 06/11  10:15:00,7943.501031814964,139.04744534814986
 06/11  10:30:00,5216.395297595893,144.90089963887897
 06/11  10:45:00,1738.9891475694278,148.84161632898082
 06/11  11:00:00,1607.1476225989302,152.77599226184267
 06/11  11:15:00,51.11333333333332,156.90136175401028
 06/11  11:30:00,97.39682667467116,161.01401468458673
 06/11  11:45:00,124.97459002814244,162.5946796504966
 06/11  12:00:00,90.98,164.17092371938463
 06/11  12:15:00,128.0554839894014,165.86820638295282
 06/11  12:30:00,97.37401059647958,167.51060828765569
 06/11  12:45:00,48.04666666666666,193.5209345367912
 06/11  13:00:00,143.38562124789465,219.2954701171981
 06/11  13:15:00,143.36951076351951,244.85897564532522
 06/11  13:30:00,54.17999999999999,270.33977169751773
 06/11  13:45:00,97.37818878176824,239.44913021450827
 06/11  14:00:00,121.89462016876128,209.60561821006104
 06/11  14:15:00,90.98,180.28316274404483
 06/11  14:30:00,131.1103591729503,151.1340495527862
 06/11  14:45:00,44.97999999999999,167.44067988517426
 06/11  15:00:00,97.39340782803664,183.2397269946133
 06/11  15:15:00,2215.762500992921,198.60791821407764
 06/11  15:30:00,1942.19037849864,213.6960474516742
 06/11  15:45:00,1484.5598671953155,201.86106851201953
 06/11  16:00:00,1338.4926348683273,190.25971499935514
 06/11  16:15:00,7964.967232909393,178.6742482937385
 06/11  16:30:00,4731.454139071308,166.92274026876655
 06/11  16:45:00,1862.4131128664535,153.2852071236342
 06/11  17:00:00,1741.6637884455606,140.01007791020282
 06/11  17:15:00,1386.429970859204,127.07599402380261
 06/11  17:30:00,1955.3923107130925,114.58630531740758
 06/11  17:45:00,2971.95360985521,95.82000684441118
 06/11  18:00:00,3190.4684881562807,77.38802236282893
 06/11  18:15:00,2049.5431605120816,59.24131636908433
 06/11  18:30:00,1711.3930425539934,40.70315093616881
 06/11  18:45:00,1353.5977858602894,34.25899095932432
 06/11  19:00:00,1273.0725383802735,27.77767302817161
 06/11  19:15:00,1292.6580614992304,21.293087666331477
 06/11  19:30:00,1295.367852937504,14.809446926134294
 06/11  19:45:00,1315.453261969435,11.669335843109934
 06/11  20:00:00,1336.9359022435476,8.526041584303355
 06/11  20:15:00,1328.994296818138,5.370077542932647
 06/11  20:30:00,1296.8680795968055,2.2187269412343973
 06/11  20:45:00,1307.8302396095091,1.7354020955880392
 06/11  21:00:00,1355.126129041878,0.0
 06/11  21:15:00,1370.3506563252151,0.0
 06/11  21:30:00,1355.3900734915974,0.0
 06/11  21:45:00,1342.9773266960133,0.0
 06/11  22:00:00,1364.647011196062,0.0
 06/11  22:15:00,292.3133333333333,0.0
 06/11  22:30:00,140.33950792873162,0.0
 06/11  22:45:00,97.39923538846568,0.0
 06/11  23:00:00,44.97999999999999,0.0
 06/11  23:15:00,1105.1227574530071,0.0
 06/11  23:30:00,203.0983356791528,0.0
 06/11  23:45:00,116.93512666666666,0.0
 06/11  24:00:00,157.0966425550183,0.0
 06/12  00:15:00,122.84236326489132,0.0
 06/12  00:30:00,143.38460261366106,0.0
 06/12  00:45:00,81.78,0.0
 06/12  01:00:00,97.4028215301305,0.0
 06/12  01:15:00,97.3911591382366,0.0
 06/12  01:30:00,87.91333333333333,0.0
 06/12  01:45:00,143.4094818231766,0.0
 06/12  02:00:00,112.7313557506598,0.0
 06/12  02:15:00,97.38625769499214,0.0
 06/12  02:30:00,63.38,0.0
 06/12  02:45:00,143.4046434651878,0.0
 06/12  03:00:00,137.25969570789763,0.0
 06/12  03:15:00,44.97999999999999,0.0
 06/12  03:30:00,97.41173854237142,0.0
 06/12  03:45:00,137.26714965228837,0.0
 06/12  04:00:00,143.38909818075786,0.0
 06/12  04:15:00,63.38,0.0
 06/12  04:30:00,97.40753502918938,0.0
 06/12  04:45:00,112.72928272898316,3.0983534918386066
 06/12  05:00:00,90.98,5.4269105120749845
 06/12  05:15:00,159.01371188690928,7.46003729372205
 06/12  05:30:00,377.4016579792405,9.696515479109959
 06/12  05:45:00,143.38938433871985,18.122404779323098
 06/12  06:00:00,90.98,26.547387874693527
 06/12  06:15:00,143.40618327085633,34.96420210710755
 06/12  06:30:00,143.3936275349103,43.099491138668
 06/12  06:45:00,44.97999999999999,55.98829495640736
 06/12  07:00:00,97.40966158373666,69.14129308984884
 06/12  07:15:00,131.13045712369646,82.5357656466561
 06/12  07:30:00,143.3843402749581,96.14305207384098
 06/12  07:45:00,1284.4913419303848,108.77578152792267
 06/12  08:00:00,2344.730546185375,121.67109482589663
 06/12  08:15:00,1164.5548867402767,134.77717799268555
 06/12  08:30:00,1100.0564997266206,148.0952885340854
 06/12  08:45:00,1100.865360475878,160.05802235396732
 06/12  09:00:00,2326.339171332796,172.40280117926235
 06/12  09:15:00,1814.4658371579235,185.02331967524313
 06/12  09:30:00,1648.0104056497908,197.92980154245097
 06/12  09:45:00,1542.8749754268738,208.07597784194624
 06/12  10:00:00,1499.6084663341776,217.97749936646778
 06/12  10:15:00,7943.501139594191,227.73038800443942
 06/12  10:30:00,5205.141107992955,237.27990054353592
 06/12  10:45:00,1727.4687782733097,244.4973900519187
 06/12  11:00:00,1592.6199157397195,251.72119324564792
 06/12  11:15:00,51.11333333333332,258.87395577959114
 06/12  11:30:00,97.38615693031832,265.990092853024
 06/12  11:45:00,72.57999999999998,268.7187671963357
 06/12  12:00:00,143.38645938447934,271.4309034522209
 06/12  12:15:00,128.03894951339072,274.17635457627324
 06/12  12:30:00,44.97999999999999,276.8395692717171
 06/12  12:45:00,100.4519313738829,275.4578717010798
 06/12  13:00:00,143.37120724189958,274.0427377780212
 06/12  13:15:00,90.98,272.7725075616556
 06/12  13:30:00,106.58494528862197,271.4175335126037
 06/12  13:45:00,97.3712280199272,266.42312623350716
 06/12  14:00:00,69.51333333333332,261.39942695061535
 06/12  14:15:00,143.3839553430209,255.79115838763315
 06/12  14:30:00,131.10208256313206,250.11828821853976
 06/12  14:45:00,44.97999999999999,241.33179880517352
 06/12  15:00:00,97.3795745191736,232.40495075097698
 06/12  15:15:00,2134.176369967618,223.9418813496373
 06/12  15:30:00,1888.451546118368,215.16851482998933
 06/12  15:45:00,1395.0520458588376,203.33157736666297
 06/12  16:00:00,1300.8731496053415,191.53073798580715
 06/12  16:15:00,7964.967424192637,179.75919309856835
 06/12  16:30:00,4494.898108794781,168.06447852320744
 06/12  16:45:00,1903.255271987233,154.24026964470227
 06/12  17:00:00,1714.204514569584,140.8132993183511
 06/12  17:15:00,1358.386671014653,127.82485821077867
 06/12  17:30:00,1944.1644152562,115.28825832392332
 06/12  17:45:00,2928.08602350768,102.57444157106494
 06/12  18:00:00,3126.6499885768512,90.03895933594369
 06/12  18:15:00,1989.3874237551283,77.69240809671238
 06/12  18:30:00,1674.97538644091,65.55751689657284
 06/12  18:45:00,1285.619820028602,55.3396920386088
 06/12  19:00:00,1210.2390867595554,45.259927568482965
 06/12  19:15:00,1230.0835278806485,34.947100240214695
 06/12  19:30:00,1239.139901706939,24.39336718586653
 06/12  19:45:00,1259.0501394059388,19.039163420083185
 06/12  20:00:00,1287.591272204544,13.675881211452225
 06/12  20:15:00,1278.3707837656827,8.311208336883558
 06/12  20:30:00,1243.693423683943,2.949940448639781
 06/12  20:45:00,1252.983662476286,2.307585097366898
 06/12  21:00:00,1301.1595892337718,0.0
 06/12  21:15:00,1315.0561230439391,0.0
 06/12  21:30:00,1300.6857529783888,0.0
 06/12  21:45:00,1289.2371938727954,0.0
 06/12  22:00:00,1312.3622402717035,0.0
 06/12  22:15:00,292.3133333333333,0.0
 06/12  22:30:00,140.33754101336046,0.0
 06/12  22:45:00,97.39721730773644,0.0
 06/12  23:00:00,44.97999999999999,0.0
 06/12  23:15:00,143.4002654873252,0.0
 06/12  23:30:00,143.3881867029041,0.0
 06/12  23:45:00,57.246666666666655,0.0
 06/12  24:00:00,97.40563168728926,0.0
 06/13  00:15:00,118.86040666601312,0.0
 06/13  00:30:00,143.3816953569626,0.0
 06/13  00:45:00,81.78,0.0
 06/13  01:00:00,97.39963604444058,0.0
 06/13  01:15:00,97.38795583731532,0.0
 06/13  01:30:00,87.91333333333333,0.0
 06/13  01:45:00,143.40640966723268,0.0
 06/13  02:00:00,112.72832090484594,0.0
 06/13  02:15:00,44.97999999999999,0.0
 06/13  02:30:00,115.8129478503017,0.0
 06/13  02:45:00,143.40137150873164,0.0
 06/13  03:00:00,137.25630602676102,0.0
 06/13  03:15:00,44.97999999999999,0.0
 06/13  03:30:00,97.4075430411294,0.0
 06/13  03:45:00,137.2624178582425,0.0
 06/13  04:00:00,90.98,0.0
 06/13  04:15:00,115.81367686735275,0.0
 06/13  04:30:00,97.40216211907467,0.0
 06/13  04:45:00,112.72382697563692,4.0627200842818985
 06/13  05:00:00,90.98,7.358578786493766
 06/13  05:15:00,159.00869500452404,10.26843094775289
 06/13  05:30:00,377.4117910333626,13.43980263541561
 06/13  05:45:00,143.38510588805022,17.73758852170557
 06/13  06:00:00,90.98,22.034526426123197
 06/13  06:15:00,143.40329239926004,26.334140595307556
 06/13  06:30:00,143.39150657782398,30.635137713188715
 06/13  06:45:00,44.97999999999999,38.129930720136585
 06/13  07:00:00,97.40953819726838,45.61944456370806
 06/13  07:15:00,131.13084017408391,53.09934826106778
 06/13  07:30:00,143.38526313627568,60.438246015645284
 06/13  07:45:00,1307.0121243809006,68.36467978175338
 06/13  08:00:00,2389.431572493147,76.3448080450273
 06/13  08:15:00,1213.2329260515062,84.39078521398329
 06/13  08:30:00,1141.8489746803257,92.48841782743891
 06/13  08:45:00,1142.0441398548376,118.45605175723975
 06/13  09:00:00,2359.7323767686416,144.76118561643418
 06/13  09:15:00,1819.19847054602,171.2134618355145
 06/13  09:30:00,1644.0895030570437,197.91098267434586
 06/13  09:45:00,1535.539264253539,207.3852403656761
 06/13  10:00:00,1489.8431422663318,216.93016280715335
 06/13  10:15:00,7943.501100881797,226.81997242990903
 06/13  10:30:00,5167.246520954851,236.68878049339634
 06/13  10:45:00,1735.609232298392,243.58159793487755
 06/13  11:00:00,1593.0658015647396,250.49373549609587
 06/13  11:15:00,51.11333333333332,257.5254379288344
 06/13  11:30:00,97.39353474613624,264.5239461140475
 06/13  11:45:00,124.96919904039488,240.11869001309643
 06/13  12:00:00,90.98,216.1144628005689
 06/13  12:15:00,128.05178249880385,192.67986227380342
 06/13  12:30:00,97.37494884270764,168.9466775263783
 06/13  12:45:00,48.04666666666666,168.62806357168643
 06/13  13:00:00,143.39766820543417,168.05671335800528
 06/13  13:15:00,143.38456961053808,166.8606415314612
 06/13  13:30:00,54.17999999999999,165.6306325476074
 06/13  13:45:00,97.3997821873488,175.1258435352192
 06/13  14:00:00,121.91984666486849,184.37605703541985
 06/13  14:15:00,90.98,193.68450952914938
 06/13  14:30:00,131.13378528889066,202.8901798822867
 06/13  14:45:00,97.38658799693604,205.96081792287183
 06/13  15:00:00,44.97999999999999,209.00253370165535
 06/13  15:15:00,2229.778793923012,211.92520555332626
 06/13  15:30:00,1948.939821823364,214.7066988412718
 06/13  15:45:00,1568.5688024487556,203.1563049384495
 06/13  16:00:00,1369.4802820790296,191.66737647006022
 06/13  16:15:00,7964.967523148162,180.112469503487
 06/13  16:30:00,4959.7977617268425,168.38836807971256
 06/13  16:45:00,1830.2042454209527,143.40876938376326
 06/13  17:00:00,1785.2552214159916,119.14109874866095
 06/13  17:15:00,1441.6139824291208,95.53251485355997
 06/13  17:30:00,2092.870629910565,72.47626792461499
 06/13  17:45:00,3035.2424512178395,71.00522299854148
 06/13  18:00:00,3289.093701867509,69.3941654432746
 06/13  18:15:00,2201.5045537175365,67.67907445888238
 06/13  18:30:00,2230.196728684429,65.82400255356262
 06/13  18:45:00,1369.141668643785,55.53297221925998
 06/13  19:00:00,1284.6966823497178,45.42124040002913
 06/13  19:15:00,1307.5580527351144,35.05278613670955
 06/13  19:30:00,1307.9395159469002,24.460853328042848
 06/13  19:45:00,1345.45042052489,19.271164827553235
 06/13  20:00:00,1373.92932215855,14.074241223892592
 06/13  20:15:00,1366.294087499184,8.882394205513512
 06/13  20:30:00,1328.4596672705986,3.694420399961302
 06/13  20:45:00,1339.5180107421425,2.887185138222528
 06/13  21:00:00,1386.6049786144954,0.0
 06/13  21:15:00,1401.3279421419757,0.0
 06/13  21:30:00,1392.9292135402347,0.0
 06/13  21:45:00,1381.358035462533,0.0
 06/13  22:00:00,1406.2901554103228,0.0
 06/13  22:15:00,292.31333333333333,0.0
 06/13  22:30:00,140.3395072568193,0.0
 06/13  22:45:00,97.39923462718322,0.0
 06/13  23:00:00,44.97999999999999,0.0
 06/13  23:15:00,2014.9055574693405,0.0
 06/13  23:30:00,1305.9184611412086,0.0
 06/13  23:45:00,1503.3613333333335,0.0
 06/13  24:00:00,118.0729649143927,0.0
 06/14  00:15:00,118.87262158223425,0.0
 06/14  00:30:00,143.3864182390115,0.0
 06/14  00:45:00,81.78,0.0
 06/14  01:00:00,97.40378213668517,0.0
 06/14  01:15:00,97.39280935252734,0.0
 06/14  01:30:00,87.91333333333333,0.0
 06/14  01:45:00,143.4126945617115,0.0
 06/14  02:00:00,112.735495750226,0.0
 06/14  02:15:00,97.39056911211166,0.0
 06/14  02:30:00,63.38,0.0
 06/14  02:45:00,143.40914348947743,0.0
 06/14  03:00:00,137.26431683530814,0.0
 06/14  03:15:00,44.97999999999999,0.0
 06/14  03:30:00,97.41747956169664,0.0
 06/14  03:45:00,137.27358356273635,0.0
 06/14  04:00:00,143.39627584985882,0.0
 06/14  04:15:00,63.38,0.0
 06/14  04:30:00,97.41468748866566,0.0
 06/14  04:45:00,112.73647460542878,4.074295960889787
 06/14  05:00:00,143.3913997096167,7.3852841726629395
 06/14  05:15:00,106.58,10.302066831530457
 06/14  05:30:00,377.4095861800527,13.478440340753814
 06/14  05:45:00,143.39783820366347,26.73016609956629
 06/14  06:00:00,90.98,39.03618250595302
 06/14  06:15:00,143.4145919236528,51.06360136582162
 06/14  06:30:00,143.4016896921944,62.895311791207725
 06/14  06:45:00,97.38846052251289,77.29132236230213
 06/14  07:00:00,44.97999999999999,92.88696167384909
 06/14  07:15:00,131.13669072371383,109.0383955063202
 06/14  07:30:00,143.3899277088053,125.68983405098598
 06/14  07:45:00,1367.370001404594,131.84583238638618
 06/14  08:00:00,2407.5632611817537,137.65625777589545
 06/14  08:15:00,1187.6842442168916,143.0079487701934
 06/14  08:30:00,1120.0783929952736,148.05502620111972
 06/14  08:45:00,1122.0362882953596,159.6125106650768
 06/14  09:00:00,2424.393904516404,171.4413683681293
 06/14  09:15:00,1788.8508370301888,184.12498365543425
 06/14  09:30:00,1660.755306665822,197.14248136746681
 06/14  09:45:00,1561.4533186355757,207.73174857523938
 06/14  10:00:00,1527.0669288068116,218.08045534372434
 06/14  10:15:00,7943.501332404979,227.73838054773643
 06/14  10:30:00,5334.402503231378,237.03132736127418
 06/14  10:45:00,1717.2677852363993,243.19505167049545
 06/14  11:00:00,1612.3927663277514,249.03315276320586
 06/14  11:15:00,51.11333333333332,256.968387292097
 06/14  11:30:00,97.39014945904172,264.7026257527555
 06/14  11:45:00,72.57999999999998,268.5017439364147
 06/14  12:00:00,143.39651592205746,272.1791111219972
 06/14  12:15:00,128.04818676061524,274.7931077356578
 06/14  12:30:00,44.97999999999999,277.28838137047677
 06/14  12:45:00,100.4587941633067,345.1176240403174
 06/14  13:00:00,143.3766592713963,409.8906820450644
 06/14  13:15:00,90.98,458.1608244873023
 06/14  13:30:00,106.58777693813828,504.7131703850656
 06/14  13:45:00,97.37263884262816,469.64954040518563
 06/14  14:00:00,69.51333333333332,436.6782106478578
 06/14  14:15:00,143.3826512291282,403.66301858603697
 06/14  14:30:00,131.09980851212134,358.2139251507914
 06/14  14:45:00,44.97999999999999,365.2976108632623
 06/14  15:00:00,97.37500300473712,381.3593843818142
 06/14  15:15:00,2054.236039602408,383.9581040275491
 06/14  15:30:00,1712.9671289045789,385.1018051267348
 06/14  15:45:00,1184.8000006520788,376.6379568961481
 06/14  16:00:00,1133.8514928030825,366.0624755035008
 06/14  16:15:00,7963.220555413497,360.2814801112969
 06/14  16:30:00,3790.228057734227,343.60101251190844
 06/14  16:45:00,1975.3819004813488,273.95826262763137
 06/14  17:00:00,1653.5844508141276,216.78723835238316
 06/14  17:15:00,1286.965764103877,161.642484404371
 06/14  17:30:00,1851.647651709725,116.02258910481565
 06/14  17:45:00,2819.748944460761,103.16947499730917
 06/14  18:00:00,2997.227662606415,90.46219824554919
 06/14  18:15:00,1861.6385023855516,78.12629635399661
 06/14  18:30:00,1560.850409517932,66.17452857630484
 06/14  18:45:00,1185.206724332622,55.986950436004264
 06/14  19:00:00,1113.4744209936523,45.92755215009066
 06/14  19:15:00,1129.971197448257,35.65906725612394
 06/14  19:30:00,1134.1735528505596,25.110509738407114
 06/14  19:45:00,1157.462667117942,19.759912577064043
 06/14  20:00:00,1179.8114787118773,14.401011468014381
 06/14  20:15:00,1174.0066442659097,9.046126265766832
 06/14  20:30:00,1139.7652180167283,3.6882657901256963
 06/14  20:45:00,1152.663804850799,2.8847314170480836
 06/14  21:00:00,1201.5688963753366,0.0
 06/14  21:15:00,1223.075098751007,0.0
 06/14  21:30:00,1204.1864451001356,0.0
 06/14  21:45:00,1194.798971591772,0.0
 06/14  22:00:00,1218.085348991044,0.0
 06/14  22:15:00,292.3133333333333,0.0
 06/14  22:30:00,140.34132035119654,0.0
 06/14  22:45:00,97.40252706337009,0.0
 06/14  23:00:00,44.97999999999999,0.0
 06/14  23:15:00,1918.7855262103376,0.0
 06/14  23:30:00,1017.1113767099514,0.0
 06/14  23:45:00,141.98302666666663,0.0
 06/14  24:00:00,182.15183147397363,0.0
 06/15  00:15:00,152.76606556188446,0.0
 06/15  00:30:00,143.409263909194,0.0
 06/15  00:45:00,81.78,0.0
 06/15  01:00:00,97.41469741211256,0.0
 06/15  01:15:00,97.40473983028662,0.0
 06/15  01:30:00,140.32810225285644,0.0
 06/15  01:45:00,90.98,0.0
 06/15  02:00:00,112.75037735113288,0.0
 06/15  02:15:00,97.40642195404855,0.0
 06/15  02:30:00,115.79566430220936,0.0
 06/15  02:45:00,90.98,0.0
 06/15  03:00:00,137.28269195922212,0.0
 06/15  03:15:00,97.4058967911931,0.0
 06/15  03:30:00,97.39569264246651,0.0
 06/15  03:45:00,84.84666666666666,0.0
 06/15  04:00:00,143.4173873871385,0.0
 06/15  04:15:00,115.80850030308513,0.0
 06/15  04:30:00,97.39966482072066,0.0
 06/15  04:45:00,60.313333333333325,5.853500995178622
 06/15  05:00:00,143.42444997079178,9.826856818638461
 06/15  05:15:00,159.01374931244504,13.982531290026422
 06/15  05:30:00,377.418724907571,18.138421675674333
 06/15  05:45:00,90.98,21.353408192228333
 06/15  06:00:00,143.42241591967917,24.59697716251723
 06/15  06:15:00,143.41025424200575,27.741234661506144
 06/15  06:30:00,143.39773263933037,30.870375656880448
 06/15  06:45:00,44.97999999999999,47.7718704522044
 06/15  07:00:00,97.41375077374386,63.759459053395176
 06/15  07:15:00,131.13448124235907,79.9509524412941
 06/15  07:30:00,1363.4725240149162,96.37461319002927
 06/15  07:45:00,1294.1679571048144,109.06753036082526
 06/15  08:00:00,2162.9712285719584,122.02890194768655
 06/15  08:15:00,1303.3648362950426,135.11617591588558
 06/15  08:30:00,1058.979513106651,148.33331657422187
 06/15  08:45:00,2223.5907131431222,175.3072977840608
 06/15  09:00:00,2122.2278928055266,208.5998927230343
 06/15  09:15:00,1421.4365923276346,239.74052401082955
 06/15  09:30:00,1417.2119753833676,272.3698757058136
 06/15  09:45:00,1400.203648838631,288.10115277888525
 06/15  10:00:00,1333.922493696863,303.91397730795956
 06/15  10:15:00,1288.3039042825783,319.3422547070609
 06/15  10:30:00,1274.971481976366,334.4463371855863
 06/15  10:45:00,1286.5037351309666,333.5161921643943
 06/15  11:00:00,1260.6177964126766,332.22904755853244
 06/15  11:15:00,902.0101701608788,315.1927003478357
 06/15  11:30:00,843.923293750611,312.60751404937304
 06/15  11:45:00,878.2812923890806,303.9186633655206
 06/15  12:00:00,819.1660221114496,295.0764218111292
 06/15  12:15:00,1298.741535874669,285.98905657365407
 06/15  12:30:00,969.4025303295864,276.71434879723256
 06/15  12:45:00,1075.037335656161,275.8151145607203
 06/15  13:00:00,1025.76928141712,274.67598383588347
 06/15  13:15:00,1009.9097094456253,273.05605156281405
 06/15  13:30:00,962.8183676810402,271.33578950999777
 06/15  13:45:00,943.664251788844,265.62447131628875
 06/15  14:00:00,955.591079719636,259.90755480866744
 06/15  14:15:00,966.5699802545108,254.75640146073712
 06/15  14:30:00,937.0428606914808,249.5440887230401
 06/15  14:45:00,896.6240986262469,241.4138458723906
 06/15  15:00:00,892.2924183622067,233.1145156549625
 06/15  15:15:00,1328.4440208934204,224.38388296994373
 06/15  15:30:00,1256.855708103795,215.4159077093205
 06/15  15:45:00,922.0298805405624,203.4614495879926
 06/15  16:00:00,844.1587642491129,191.60583281833073
 06/15  16:15:00,1027.2898384276968,179.81147581925032
 06/15  16:30:00,7968.323708744327,168.10860132913297
 06/15  16:45:00,3917.638463329494,154.48036870661542
 06/15  17:00:00,2081.287666832146,141.25226770366044
 06/15  17:15:00,1389.3936042190116,128.47464037011352
 06/15  17:30:00,1198.933261220422,116.15329110620185
 06/15  17:45:00,3033.5021058694865,103.49236867828648
 06/15  18:00:00,2839.996317840758,91.01915037598923
 06/15  18:15:00,1738.2045554365868,78.79448944945553
 06/15  18:30:00,1401.1859065846393,66.7441010689881
 06/15  18:45:00,1083.505869443289,58.42044890302931
 06/15  19:00:00,994.5388519934658,50.15826589825328
 06/15  19:15:00,7937.46809027257,42.10976245706866
 06/15  19:30:00,3861.5803581169134,34.00279760645857
 06/15  19:45:00,1936.789890806267,26.448501309564676
 06/15  20:00:00,1463.9935847940149,18.887590577530343
 06/15  20:15:00,1247.6970732009463,11.288852617900805
 06/15  20:30:00,1119.044245960432,3.692486754031
 06/15  20:45:00,1089.6827191452487,2.8870985398332385
 06/15  21:00:00,1124.1331574487326,0.0
 06/15  21:15:00,1145.2690860979935,0.0
 06/15  21:30:00,1122.815329212829,0.0
 06/15  21:45:00,1114.1213185511149,0.0
 06/15  22:00:00,1141.151648951064,0.0
 06/15  22:15:00,1409.6309808666274,0.0
 06/15  22:30:00,87.91333333333333,0.0
 06/15  22:45:00,97.40695196121698,0.0
 06/15  23:00:00,97.38904385599147,0.0
 06/15  23:15:00,1951.154,0.0
 06/15  23:30:00,1886.080951538671,0.0
 06/15  23:45:00,207.37078668777235,0.0
 06/15  24:00:00,142.67263,0.0
 06/16  00:15:00,216.5690357959978,0.0
 06/16  00:30:00,241.09015331390023,0.0
 06/16  00:45:00,231.87773079695612,0.0
 06/16  01:00:00,142.67263,0.0
 06/16  01:15:00,123.45414562696357,0.0
 06/16  01:30:00,140.32464821504004,0.0
 06/16  01:45:00,90.98,0.0
 06/16  02:00:00,112.74342333153776,0.0
 06/16  02:15:00,97.39826807364892,0.0
 06/16  02:30:00,115.7862684997882,0.0
 06/16  02:45:00,90.98,0.0
 06/16  03:00:00,137.27074652962744,0.0
 06/16  03:15:00,97.39301170474144,0.0
 06/16  03:30:00,44.97999999999999,0.0
 06/16  03:45:00,137.2793306326596,0.0
 06/16  04:00:00,143.40197949062917,0.0
 06/16  04:15:00,115.79055259090612,0.0
 06/16  04:30:00,44.97999999999999,0.0
 06/16  04:45:00,112.74286133026068,5.2331546624411045
 06/16  05:00:00,143.39826067317074,9.375967709118665
 06/16  05:15:00,106.58,13.684704588624413
 06/16  05:30:00,377.41610356946615,17.98699419787734
 06/16  05:45:00,143.4043795783731,29.709783639534994
 06/16  06:00:00,143.3924456290169,40.929067359493914
 06/16  06:15:00,90.98,51.97081652579879
 06/16  06:30:00,143.40829935313883,62.8810467597824
 06/16  06:45:00,97.39530299692976,77.24724115734125
 06/16  07:00:00,97.38199014866822,92.83645838217153
 06/16  07:15:00,78.71333333333334,108.98458030557248
 06/16  07:30:00,1237.5723127746576,125.63678691069254
 06/16  07:45:00,1184.1776611535506,170.948454221021
 06/16  08:00:00,2008.718303050649,222.5779315269117
 06/16  08:15:00,1163.794330290071,279.5307345962057
 06/16  08:30:00,949.395691223084,343.2255780524626
 06/16  08:45:00,2029.7297207722845,367.1003242120023
 06/16  09:00:00,1994.035172015054,404.933874068608
 06/16  09:15:00,1037.4240696561617,452.0328996029616
 06/16  09:30:00,1163.212312998447,503.21368329432283
 06/16  09:45:00,1180.5592199524244,525.3286195518218
 06/16  10:00:00,1119.0508144327148,539.7604221811964
 06/16  10:15:00,1076.463170189944,552.2884932223923
 06/16  10:30:00,1057.3973520239506,559.8693141362926
 06/16  10:45:00,1071.9624891781336,539.1137562013022
 06/16  11:00:00,1041.3578199996286,524.8609531788597
 06/16  11:15:00,844.8771684402518,507.1954944145682
 06/16  11:30:00,740.127960626826,473.58345688351204
 06/16  11:45:00,772.0487995130284,459.09462845533557
 06/16  12:00:00,712.3831701606094,442.39543271046006
 06/16  12:15:00,1020.2499654322464,424.6418523763912
 06/16  12:30:00,697.4750959232553,391.15990897252834
 06/16  12:45:00,770.1578538735916,429.86503261145555
 06/16  13:00:00,728.9568233302043,450.9662956526525
 06/16  13:15:00,700.8815422663886,472.63342491081033
 06/16  13:30:00,637.6445175553972,493.1593713216242
 06/16  13:45:00,602.2305886128112,504.38518301909363
 06/16  14:00:00,595.6959637715269,527.2725436100832
 06/16  14:15:00,576.5586794643664,530.2656214274115
 06/16  14:30:00,519.960525024806,530.6747797532537
 06/16  14:45:00,450.6053285319901,505.70090525881847
 06/16  15:00:00,423.1224073283265,479.9616691287513
 06/16  15:15:00,852.9612075522375,461.4470755145298
 06/16  15:30:00,781.2736607263327,442.10288384612414
 06/16  15:45:00,423.9071819505431,428.6297122627656
 06/16  16:00:00,325.6202269584759,412.54090233723605
 06/16  16:15:00,491.6614797507669,393.1183930794186
 06/16  16:30:00,7951.330970739009,371.20869494958805
 06/16  16:45:00,2068.139171826639,334.43031357610073
 06/16  17:00:00,1451.4775553231784,298.4219134984404
 06/16  17:15:00,994.524266642288,262.7167001770169
 06/16  17:30:00,919.1061468436228,228.0651985782361
 06/16  17:45:00,2676.863254313569,195.6574446948536
 06/16  18:00:00,2319.0313087986306,164.26402542703417
 06/16  18:15:00,1272.9533595546288,134.94140048631684
 06/16  18:30:00,1014.2405150638192,107.7500276964339
 06/16  18:45:00,690.2799457052654,82.67550514743725
 06/16  19:00:00,559.8587685248958,65.59206556533708
 06/16  19:15:00,7921.848756090269,57.21153430530625
 06/16  19:30:00,2321.525643161951,47.30127253933029
 06/16  19:45:00,1479.8046328039004,38.106662077941245
 06/16  20:00:00,1197.7841260675068,29.225311138829042
 06/16  20:15:00,1006.8717164689328,19.419997717254276
 06/16  20:30:00,852.2505607630325,8.788805747892331
 06/16  20:45:00,782.3028464923879,6.854090855491268
 06/16  21:00:00,773.3851584590303,0.0
 06/16  21:15:00,740.1246825668329,0.0
 06/16  21:30:00,694.0650671931932,0.0
 06/16  21:45:00,669.673436323815,0.0
 06/16  22:00:00,685.3347949233523,0.0
 06/16  22:15:00,1229.4485968777287,0.0
 06/16  22:30:00,87.91333333333333,0.0
 06/16  22:45:00,97.39331494763448,0.0
 06/16  23:00:00,97.37533549313812,0.0
 06/16  23:15:00,136.32598000000002,0.0
 06/16  23:30:00,982.6042102044504,0.0
 06/16  23:45:00,154.99402385682464,0.0
 06/16  24:00:00,90.32598,0.0
 06/17  00:15:00,164.2122503009679,0.0
 06/17  00:30:00,188.73391563353368,0.0
 06/17  00:45:00,127.12598,0.0
 06/17  01:00:00,142.7523520622957,0.0
 06/17  01:15:00,1068.9236672787815,0.0
 06/17  01:30:00,1376.4705304818926,0.0
 06/17  01:45:00,136.32598000000002,0.0
 06/17  02:00:00,158.09379353855712,0.0
 06/17  02:15:00,130.64751238532529,0.0
 06/17  02:30:00,63.38,0.0
 06/17  02:45:00,143.41394551514293,0.0
 06/17  03:00:00,137.27015158645287,0.0
 06/17  03:15:00,97.39448446968032,0.0
 06/17  03:30:00,44.97999999999999,0.0
 06/17  03:45:00,137.28576120247772,0.0
 06/17  04:00:00,143.41103798057026,0.0
 06/17  04:15:00,115.80059820139152,0.0
 06/17  04:30:00,44.97999999999999,0.0
 06/17  04:45:00,112.75480988682617,9.762053056886792
 06/17  05:00:00,143.4111087908363,15.7088476479192
 06/17  05:15:00,159.00009147372776,22.543546711957106
 06/17  05:30:00,324.97999999999985,29.40871489082473
 06/17  05:45:00,143.41960032755668,39.24923135337438
 06/17  06:00:00,143.40847496145338,49.3002496398376
 06/17  06:15:00,143.3949442534864,58.05846922712874
 06/17  06:30:00,90.98,67.37762144814597
 06/17  06:45:00,97.40868180665244,76.55633438966467
 06/17  07:00:00,97.39426022732889,96.58478812094486
 06/17  07:15:00,78.71333333333334,125.70709061531461
 06/17  07:30:00,143.40437812664857,162.79656894643136
 06/17  07:45:00,1084.8651110564344,197.33575756694162
 06/17  08:00:00,1567.5364494202552,236.70417586957825
 06/17  08:15:00,653.1037971269421,279.67525933239443
 06/17  08:30:00,593.7276598213814,328.90351443578584
 06/17  08:45:00,578.1766624042048,369.37818986803023
 06/17  09:00:00,1342.390045670117,410.2296140537783
 06/17  09:15:00,669.7295407259871,452.7744347916589
 06/17  09:30:00,771.1927353049575,496.1250516646291
 06/17  09:45:00,708.6958352203043,526.9232036534249
 06/17  10:00:00,646.9422126529175,554.3362511672582
 06/17  10:15:00,7907.238630847703,576.4302912978955
 06/17  10:30:00,2504.991112900077,594.9881271498509
 06/17  10:45:00,1481.6162447583945,606.731580721239
 06/17  11:00:00,1093.989315919299,613.4420496354683
 06/17  11:15:00,51.11333333333332,619.6401110330166
 06/17  11:30:00,97.34117610706087,622.8520279478618
 06/17  11:45:00,72.57999999999998,633.62120802971
 06/17  12:00:00,143.3415423314686,642.1626271386162
 06/17  12:15:00,75.64666666666666,649.3486850869748
 06/17  12:30:00,97.34334584901468,654.8218700362161
 06/17  12:45:00,48.04666666666666,654.2731636822696
 06/17  13:00:00,143.3446547490678,652.2838752001114
 06/17  13:15:00,90.98,651.5946623276373
 06/17  13:30:00,106.54120076730172,648.7553987503547
 06/17  13:45:00,44.97999999999999,637.5150073306609
 06/17  14:00:00,121.86968150770602,624.659540049248
 06/17  14:15:00,90.98,607.1954781145714
 06/17  14:30:00,131.07092642265968,579.0173883448474
 06/17  14:45:00,44.97999999999999,566.9884112406247
 06/17  15:00:00,97.33906790538464,542.9743951178556
 06/17  15:15:00,981.7600837892278,518.9622145213808
 06/17  15:30:00,524.98,493.3545386502194
 06/17  15:45:00,239.996293637015,462.04392763103937
 06/17  16:00:00,64.98,430.3993372150537
 06/17  16:15:00,7922.02223313532,403.09667715111243
 06/17  16:30:00,498.1156776221934,373.4458757060842
 06/17  16:45:00,157.78,331.62141745071693
 06/17  17:00:00,350.5336491551363,296.2302379774482
 06/17  17:15:00,110.98000000000002,260.43558205986784
 06/17  17:30:00,1391.1595386966123,225.52694878151107
 06/17  17:45:00,1928.980000000003,188.95122917750766
 06/17  18:00:00,1972.1332477038636,156.14917444711864
 06/17  18:15:00,657.6466666666668,127.63055858472413
 06/17  18:30:00,97.34007599430376,104.23024735457227
 06/17  18:45:00,573.6355540564052,83.07438368226836
 06/17  19:00:00,110.98000000000002,67.30296765947341
 06/17  19:15:00,186.17829688627484,56.3321987227765
 06/17  19:30:00,117.8687437567126,45.76918886229723
 06/17  19:45:00,270.23803428216274,36.900555492484706
 06/17  20:00:00,282.8724090156426,28.355278920930495
 06/17  20:15:00,296.8220200125404,18.91736167018148
 06/17  20:30:00,297.0231491169433,8.697843974111574
 06/17  20:45:00,357.1891310694413,6.78217176109986
 06/17  21:00:00,443.5993799921148,0.0
 06/17  21:15:00,278.98,0.0
 06/17  21:30:00,303.7536587154672,0.0
 06/17  21:45:00,232.98,0.0
 06/17  22:00:00,300.70257856470494,0.0
 06/17  22:15:00,344.68790692702225,0.0
 06/17  22:30:00,87.91333333333333,0.0
 06/17  22:45:00,97.36732000734769,0.0
 06/17  23:00:00,44.97999999999999,0.0
 06/17  23:15:00,143.3818866966197,0.0
 06/17  23:30:00,143.3696136937249,0.0
 06/17  23:45:00,57.246666666666655,0.0
 06/17  24:00:00,97.38732699676636,0.0
 06/18  00:15:00,118.8405851045165,0.0
 06/18  00:30:00,90.98,0.0
 06/18  00:45:00,134.1887914781755,0.0
 06/18  01:00:00,97.37560857756372,0.0
 06/18  01:15:00,44.97999999999999,0.0
 06/18  01:30:00,140.32464898902447,0.0
 06/18  01:45:00,143.378580319231,0.0
 06/18  02:00:00,60.313333333333325,0.0
 06/18  02:15:00,97.39554117626024,0.0
 06/18  02:30:00,115.78387306850657,0.0
 06/18  02:45:00,90.98,0.0
 06/18  03:00:00,137.26912419551485,0.0
 06/18  03:15:00,97.38899651526027,0.0
 06/18  03:30:00,44.97999999999999,0.0
 06/18  03:45:00,137.26968957642575,0.0
 06/18  04:00:00,143.3893217402898,0.0
 06/18  04:15:00,115.77614434931536,0.0
 06/18  04:30:00,44.97999999999999,0.0
 06/18  04:45:00,112.7249294134896,8.462317032750752
 06/18  05:00:00,143.37845814551113,14.277551395094125
 06/18  05:15:00,106.58,20.7235481349459
 06/18  05:30:00,377.3917170044581,27.225075137237095
 06/18  05:45:00,143.37737426060713,32.47698416908365
 06/18  06:00:00,90.98,37.694475361680915
 06/18  06:15:00,143.38870415512497,42.85849044309306
 06/18  06:30:00,143.37270153526583,47.978185729474944
 06/18  06:45:00,44.97999999999999,59.294897058899544
 06/18  07:00:00,97.38144456085791,70.95839185486635
 06/18  07:15:00,131.096980241079,82.72250948188349
 06/18  07:30:00,90.98,94.59280413533803
 06/18  07:45:00,1575.3036309606205,116.80579961289507
 06/18  08:00:00,2202.8256601341886,140.23384177115108
 06/18  08:15:00,465.04979145256857,164.97116964139835
 06/18  08:30:00,387.4889322010881,194.1131097521993
 06/18  08:45:00,341.542322041638,195.9891041279741
 06/18  09:00:00,983.9823010221728,192.43030399684466
 06/18  09:15:00,64.98,192.4984654989415
 06/18  09:30:00,316.21967771476744,191.69950170726372
 06/18  09:45:00,381.4287443448023,201.57027157726577
 06/18  10:00:00,276.6400424947076,211.29138699237825
 06/18  10:15:00,7903.2580297860995,221.47062951312583
 06/18  10:30:00,1085.423086956493,231.7007820323649
 06/18  10:45:00,713.2150835421456,295.70738527598866
 06/18  11:00:00,548.229083949622,363.1533452868361
 06/18  11:15:00,51.11333333333332,420.02732223623116
 06/18  11:30:00,97.33971384140015,490.72169613454463
 06/18  11:45:00,72.57999999999998,489.69957796744376
 06/18  12:00:00,143.33905398470537,489.21602618858844
 06/18  12:15:00,75.64666666666666,473.970713734256
 06/18  12:30:00,97.3421745834649,471.45437791256575
 06/18  12:45:00,48.04666666666666,463.07770116990173
 06/18  13:00:00,143.3451936839295,453.8969548990735
 06/18  13:15:00,90.98,443.90523348586817
 06/18  13:30:00,106.54846950080072,433.2268598949927
 06/18  13:45:00,56.21117060907216,416.72474272801765
 06/18  14:00:00,110.642090372517,400.091910307237
 06/18  14:15:00,143.33272734262638,369.9665535477685
 06/18  14:30:00,78.71333333333334,353.8939969521986
 06/18  14:45:00,97.33568839765924,340.7603617568927
 06/18  15:00:00,44.97999999999999,327.38373787247195
 06/18  15:15:00,945.0031522788316,312.79001745631126
 06/18  15:30:00,524.98,298.19340315793715
 06/18  15:45:00,240.00006926650025,279.27513394926626
 06/18  16:00:00,64.98,260.92862396313103
 06/18  16:15:00,7925.526873274753,243.9228452422397
 06/18  16:30:00,602.8048664131395,227.38533175404797
 06/18  16:45:00,157.78,203.4332257939288
 06/18  17:00:00,350.54179724462904,185.87830891444017
 06/18  17:15:00,163.32270501264622,168.48869326181
 06/18  17:30:00,110.98000000000002,151.37252011340067
 06/18  17:45:00,1981.3441098539877,133.88015644810636
 06/18  18:00:00,1919.78,116.94155401935097
 06/18  18:15:00,710.0103668261063,100.62414490081017
 06/18  18:30:00,44.97999999999999,84.99195606521499
 06/18  18:45:00,140.27743804305078,71.52872436369867
 06/18  19:00:00,110.98000000000002,58.62646850199674
 06/18  19:15:00,132.67036249646864,46.371317556894624
 06/18  19:30:00,64.98,33.93663019826009
 06/18  19:45:00,135.7405095124264,27.288575897856784
 06/18  20:00:00,110.98000000000002,20.596853853996475
 06/18  20:15:00,157.21315434644555,13.917149304383031
 06/18  20:30:00,64.98,7.224646655448115
 06/18  20:45:00,117.35577767894586,5.636732721669408
 06/18  21:00:00,157.20700079589415,0.0
 06/18  21:15:00,278.98,0.0
 06/18  21:30:00,303.75340458052386,0.0
 06/18  21:45:00,232.98,0.0
 06/18  22:00:00,300.7013930848494,0.0
 06/18  22:15:00,344.686441576412,0.0
 06/18  22:30:00,87.91333333333333,0.0
 06/18  22:45:00,97.3652044124511,0.0
 06/18  23:00:00,44.97999999999999,0.0
 06/18  23:15:00,1105.0951229885936,0.0
 06/18  23:30:00,203.0652568140728,0.0
 06/18  23:45:00,116.93512666666666,0.0
 06/18  24:00:00,157.05705809936433,0.0
 06/19  00:15:00,70.42589733333332,0.0
 06/19  00:30:00,143.3777520982481,0.0
 06/19  00:45:00,134.1617977164004,0.0
 06/19  01:00:00,44.97999999999999,0.0
 06/19  01:15:00,97.37194311327602,0.0
 06/19  01:30:00,140.29024223185166,0.0
 06/19  01:45:00,90.98,0.0
 06/19  02:00:00,112.70196910325264,0.0
 06/19  02:15:00,44.97999999999999,0.0
 06/19  02:30:00,115.77880975762272,0.0
 06/19  02:45:00,143.36332804361913,0.0
 06/19  03:00:00,84.84666666666666,0.0
 06/19  03:15:00,97.37426266720308,0.0
 06/19  03:30:00,97.35941420404468,0.0
 06/19  03:45:00,84.84666666666666,0.0
 06/19  04:00:00,143.3715017549912,0.0
 06/19  04:15:00,63.38,0.0
 06/19  04:30:00,97.38015362994685,0.0
 06/19  04:45:00,112.69708688297156,3.991864836475933
 06/19  05:00:00,90.98,7.219754165510402
 06/19  05:15:00,158.9722877940827,10.072974153238428
 06/19  05:30:00,377.3688018681229,13.182306881633005
 06/19  05:45:00,90.98,28.142759361590493
 06/19  06:00:00,143.36469197191053,41.99433398683192
 06/19  06:15:00,90.98,54.39737673038587
 06/19  06:30:00,143.3712423991377,66.97591957558986
 06/19  06:45:00,97.3536728564671,78.15355872194887
 06/19  07:00:00,44.97999999999999,93.59208129288241
 06/19  07:15:00,131.09170942528058,107.26518194315298
 06/19  07:30:00,90.98,120.96040923288678
 06/19  07:45:00,2044.1921227066252,127.63261584008409
 06/19  08:00:00,2342.8942025119395,133.68601502982855
 06/19  08:15:00,458.360615300504,139.43412697039216
 06/19  08:30:00,352.7597036100722,144.69316049526194
 06/19  08:45:00,189.6898905529821,156.86566662009466
 06/19  09:00:00,1224.6580099258383,169.1512454445408
 06/19  09:15:00,117.34721213039936,181.42066132878685
 06/19  09:30:00,242.58784122328933,193.79978391772042
 06/19  09:45:00,433.4217011717626,203.70368542722505
 06/19  10:00:00,257.2971603366692,213.73171268466177
 06/19  10:15:00,7910.029837542279,223.70352889010843
 06/19  10:30:00,1026.8412914908345,233.7086781534502
 06/19  10:45:00,532.5283893332933,240.3603540587319
 06/19  11:00:00,400.64256067820673,246.9695050810767
 06/19  11:15:00,51.11333333333332,253.8595872026892
 06/19  11:30:00,97.3431613105208,260.71937022786636
 06/19  11:45:00,72.57999999999998,236.68253076252128
 06/19  12:00:00,143.34899002515616,212.73836278629938
 06/19  12:15:00,75.64666666666666,188.52117044825633
 06/19  12:30:00,97.35377291645707,164.23255182967836
 06/19  12:45:00,48.04666666666666,163.84183264987342
 06/19  13:00:00,143.3583469442982,163.261080660373
 06/19  13:15:00,143.34090617209887,162.74272707879965
 06/19  13:30:00,54.17999999999999,162.1835111352841
 06/19  13:45:00,97.34734712359898,159.09334781812464
 06/19  14:00:00,69.51333333333332,155.98664970625373
 06/19  14:15:00,143.3551496399564,152.92420169169998
 06/19  14:30:00,78.71333333333334,149.83874600435203
 06/19  14:45:00,97.36471670827665,144.65601350632164
 06/19  15:00:00,97.34925339066552,139.49882535908557
 06/19  15:15:00,2343.1899711232454,134.25360447603683
 06/19  15:30:00,673.0712671981851,129.04772281876473
 06/19  15:45:00,919.1623826944732,122.3615888746685
 06/19  16:00:00,438.0506216287647,115.72796929174638
 06/19  16:15:00,7932.935394303273,109.1452539409378
 06/19  16:30:00,1768.7218860389332,102.612541402584
 06/19  16:45:00,1011.132855506866,106.42195135747119
 06/19  17:00:00,948.6029115115764,110.00067053865632
 06/19  17:15:00,580.9012911887419,113.28141323495082
 06/19  17:30:00,682.5869824212526,116.2282551724374
 06/19  17:45:00,2015.066666221642,113.7660563234171
 06/19  18:00:00,1972.1618682004037,110.14156392177293
 06/19  18:15:00,955.5822660624738,103.68107765985343
 06/19  18:30:00,785.8191183668829,95.67939651999872
 06/19  18:45:00,797.8529527248558,81.01522029248652
 06/19  19:00:00,407.1694156215828,68.46852857419509
 06/19  19:15:00,425.278754882113,58.4745768775737
 06/19  19:30:00,485.1651441742727,48.773337100428215
 06/19  19:45:00,280.31407737673345,38.93712862223146
 06/19  20:00:00,333.3544592009201,28.911794519486513
 06/19  20:15:00,340.2234153517249,18.533420785925365
 06/19  20:30:00,317.6031123182488,7.318190739688465
 06/19  20:45:00,344.3896903600426,5.714181721578946
 06/19  21:00:00,408.6921473572117,0.0
 06/19  21:15:00,331.99428573232,0.0
 06/19  21:30:00,304.45956999607205,0.0
 06/19  21:45:00,338.9968874348565,0.0
 06/19  22:00:00,410.170765267713,0.0
 06/19  22:15:00,292.31333333333333,0.0
 06/19  22:30:00,140.32798587809486,0.0
 06/19  22:45:00,44.97999999999999,0.0
 06/19  23:00:00,97.39651527638816,0.0
 06/19  23:15:00,143.3816881430245,0.0
 06/19  23:30:00,90.98,0.0
 06/19  23:45:00,109.6593582089067,0.0
 06/19  24:00:00,97.37745146533668,0.0
 06/20  00:15:00,66.44666666666666,0.0
 06/20  00:30:00,143.38979361002373,0.0
 06/20  00:45:00,134.1753630220765,0.0
 06/20  01:00:00,44.97999999999999,0.0
 06/20  01:15:00,97.38863061264937,0.0
 06/20  01:30:00,140.3085705849884,0.0
 06/20  01:45:00,90.98,0.0
 06/20  02:00:00,112.72335070601927,0.0
 06/20  02:15:00,97.37638918606754,0.0
 06/20  02:30:00,63.38,0.0
 06/20  02:45:00,143.3905842870355,0.0
 06/20  03:00:00,137.2437317889465,0.0
 06/20  03:15:00,44.97999999999999,0.0
 06/20  03:30:00,97.39007336415408,0.0
 06/20  03:45:00,137.2425036448665,0.0
 06/20  04:00:00,90.98,0.0
 06/20  04:15:00,115.78945846674164,0.0
 06/20  04:30:00,97.37603741655404,0.0
 06/20  04:45:00,60.313333333333325,4.604803118087665
 06/20  05:00:00,143.3907663329285,7.690648676619886
 06/20  05:15:00,158.97616848016622,10.379527833155496
 06/20  05:30:00,324.97999999999985,13.335796581651946
 06/20  05:45:00,143.3880774014721,22.254994254067707
 06/20  06:00:00,143.37318175949935,31.088502940230114
 06/20  06:15:00,90.98,39.536806882249984
 06/20  06:30:00,143.38344535720125,47.900282252943136
 06/20  06:45:00,97.36760878603728,59.019754412210354
 06/20  07:00:00,44.97999999999999,70.53478430305209
 06/20  07:15:00,131.11063133150208,82.23724448637775
 06/20  07:30:00,143.3613130029613,94.08385929810711
 06/20  07:45:00,961.1195347448707,106.32586189582763
 06/20  08:00:00,1234.4417380974403,118.8251697577533
 06/20  08:15:00,321.69368337240905,131.55928847835412
 06/20  08:30:00,349.0977154056127,144.5034148854563
 06/20  08:45:00,278.28182343310914,156.3447099651259
 06/20  09:00:00,1470.3685901389583,168.30199232250663
 06/20  09:15:00,413.77984680899374,180.43105780016015
 06/20  09:30:00,432.271936320311,192.66236949325491
 06/20  09:45:00,419.8894637011824,202.4220552654138
 06/20  10:00:00,414.3509521087283,212.31773984522863
 06/20  10:15:00,7903.975050548643,222.32285745447385
 06/20  10:30:00,1722.810514629326,232.3972856902849
 06/20  10:45:00,1174.7842119239133,239.36551511514372
 06/20  11:00:00,937.7717921355364,246.3269039282177
 06/20  11:15:00,51.11333333333332,253.05442437260805
 06/20  11:30:00,97.3493719789177,259.7028656539067
 06/20  11:45:00,72.57999999999998,262.60839771191894
 06/20  12:00:00,143.35288124242828,265.47212774872753
 06/20  12:15:00,75.64666666666666,268.590266463927
 06/20  12:30:00,97.35882483965956,271.6094114408279
 06/20  12:45:00,100.40785159556457,270.6482227223923
 06/20  13:00:00,90.98,269.6267109077856
 06/20  13:15:00,143.3455679891755,268.25060837221076
 06/20  13:30:00,54.17999999999999,266.75303209308885
 06/20  13:45:00,97.34761436196982,261.66702842222253
 06/20  14:00:00,69.51333333333332,256.53898156553674
 06/20  14:15:00,143.36045603221328,252.66502528097897
 06/20  14:30:00,131.08642147705237,248.68477009158994
 06/20  14:45:00,44.97999999999999,341.48457378767216
 06/20  15:00:00,97.38330552558642,402.1020221140026
 06/20  15:15:00,1740.5765277149433,465.1280201278185
 06/20  15:30:00,606.5195321579633,509.6588822427808
 06/20  15:45:00,569.6037624330279,488.58433073246374
 06/20  16:00:00,402.73742818089386,473.8504350287638
 06/20  16:15:00,7931.340909923327,446.0010577618091
 06/20  16:30:00,501.31716443298114,413.82771529985143
 06/20  16:45:00,210.1466365623997,362.89646830242486
 06/20  17:00:00,298.18,315.9871999649958
 06/20  17:15:00,163.34730338683883,269.10059217278723
 06/20  17:30:00,704.0700808228623,232.4266166676278
 06/20  17:45:00,2022.50981269858,192.5401365180397
 06/20  18:00:00,1919.78,155.92944696497537
 06/20  18:15:00,710.0222685327619,126.5176512058037
 06/20  18:30:00,760.746977092796,102.26196138164602
 06/20  18:45:00,968.6832364604038,82.99111091005483
 06/20  19:00:00,163.87033070573634,67.81801755904188
 06/20  19:15:00,354.52724408028155,57.93546206007058
 06/20  19:30:00,467.320896018968,46.9762925503033
 06/20  19:45:00,552.8095666997015,37.35322637890869
 06/20  20:00:00,163.84181321187168,27.5640917061731
 06/20  20:15:00,258.6592607173433,17.553487809861497
 06/20  20:30:00,251.30299365711187,6.548203445112119
 06/20  20:45:00,315.49186442297065,5.11521546588488
 06/20  21:00:00,416.08295759143607,0.0
 06/20  21:15:00,278.98,0.0
 06/20  21:30:00,303.769224831334,0.0
 06/20  21:45:00,232.98,0.0
 06/20  22:00:00,300.7188278941682,0.0
 06/20  22:15:00,344.7077950859493,0.0
 06/20  22:30:00,87.91333333333333,0.0
 06/20  22:45:00,97.39492401979852,0.0
 06/20  23:00:00,97.3851033897934,0.0
 06/20  23:15:00,1962.4762666666668,0.0
 06/20  23:30:00,1305.9260297491544,0.0
 06/20  23:45:00,1555.7666878386206,0.0
 06/20  24:00:00,65.64239999999998,0.0
 06/21  00:15:00,118.8678612113651,0.0
 06/21  00:30:00,143.38988737712623,0.0
 06/21  00:45:00,134.1785434706036,0.0
 06/21  01:00:00,44.97999999999999,0.0
 06/21  01:15:00,97.39912944476696,0.0
 06/21  01:30:00,140.3227140537698,0.0
 06/21  01:45:00,90.98,0.0
 06/21  02:00:00,112.74572424581464,0.0
 06/21  02:15:00,97.40175682805952,0.0
 06/21  02:30:00,115.79104403725228,0.0
 06/21  02:45:00,90.98,0.0
 06/21  03:00:00,137.27839830565796,0.0
 06/21  03:15:00,97.39967750675176,0.0
 06/21  03:30:00,44.97999999999999,0.0
 06/21  03:45:00,137.28332721204674,0.0
 06/21  04:00:00,143.40436370947975,0.0
 06/21  04:15:00,115.79313969022314,0.0
 06/21  04:30:00,44.97999999999999,0.0
 06/21  04:45:00,112.74578523443898,9.670612485773114
 06/21  05:00:00,143.40144653890823,17.01658024375557
 06/21  05:15:00,158.988802137023,22.199454611113296
 06/21  05:30:00,324.97999999999985,28.994278750590638
 06/21  05:45:00,143.4049580266046,38.60700130284862
 06/21  06:00:00,143.39199783825498,48.4695712430329
 06/21  06:15:00,90.98,57.13419095807974
 06/21  06:30:00,143.40574232097214,66.4059516841699
 06/21  06:45:00,97.39162438308016,75.70104952729135
 06/21  07:00:00,89.24688906674038,95.71918657315499
 06/21  07:15:00,86.8421439860444,124.49124073471106
 06/21  07:30:00,143.38821024964926,161.90634479453757
 06/21  07:45:00,1418.4991227776586,198.37594674718622
 06/21  08:00:00,1312.1624526006349,237.74260758023172
 06/21  08:15:00,307.5658594811181,279.081494398718
 06/21  08:30:00,225.64396072294383,321.90598959164095
 06/21  08:45:00,189.70178353643223,359.07423776361804
 06/21  09:00:00,1483.7687510521876,393.37020213981236
 06/21  09:15:00,64.98,424.4760785499096
 06/21  09:30:00,455.49261771084974,452.6951380857961
 06/21  09:45:00,419.42679733518514,484.11974453648213
 06/21  10:00:00,326.7450691074957,514.1615989317866
 06/21  10:15:00,7902.9315716834035,545.800302995955
 06/21  10:30:00,1164.8973980501423,576.4737618324194
 06/21  10:45:00,780.9265795179524,601.4305263392994
 06/21  11:00:00,617.7029131129636,625.3270362175105
 06/21  11:15:00,51.11333333333332,646.0992480368711
 06/21  11:30:00,97.362602346937,665.3981661571073
 06/21  11:45:00,72.57999999999998,638.8249815574937
 06/21  12:00:00,143.36775763735045,597.9050215734385
 06/21  12:15:00,128.0169814997713,566.4792088775179
 06/21  12:30:00,44.97999999999999,517.9099271726972
 06/21  12:45:00,100.42320601969077,466.0338056883338
 06/21  13:00:00,90.98,412.80090487791244
 06/21  13:15:00,143.3623508884801,343.5096918199158
 06/21  13:30:00,106.54449153266144,289.38665482926496
 06/21  13:45:00,44.97999999999999,243.60543861176777
 06/21  14:00:00,121.88331536770568,212.6218102670559
 06/21  14:15:00,90.98,182.08476846909022
 06/21  14:30:00,131.0922490751338,151.88120669575176
 06/21  14:45:00,44.97999999999999,146.7426003294317
 06/21  15:00:00,97.36823424711204,141.53700674738855
 06/21  15:15:00,1810.1228404013077,136.322872748871
 06/21  15:30:00,1168.268941057177,131.1353978257952
 06/21  15:45:00,738.2882087894753,141.01384556426456
 06/21  16:00:00,698.2848596320794,150.6608688656563
 06/21  16:15:00,7935.659571194592,160.177839895387
 06/21  16:30:00,1713.6248958017277,169.39972986818316
 06/21  16:45:00,1039.0943916145543,144.61841127483936
 06/21  17:00:00,1024.3664462538131,120.34776048685906
 06/21  17:15:00,701.9806941547569,96.431539650041
 06/21  17:30:00,692.8910825292874,72.87305399091308
 06/21  17:45:00,2113.2473703641813,65.23480616922922
 06/21  18:00:00,2396.3270462417545,57.58328338629502
 06/21  18:15:00,1456.1850501493343,49.84039403966424
 06/21  18:30:00,1052.8279203503284,42.0902131209776
 06/21  18:45:00,1008.6480978988512,35.632479564045525
 06/21  19:00:00,714.1986930932718,29.16917192811958
 06/21  19:15:00,658.328438860179,22.676282867905215
 06/21  19:30:00,635.3103697674683,16.19745288947009
 06/21  19:45:00,363.9466021847022,12.68576110611834
 06/21  20:00:00,399.5232471777712,9.180146516112249
 06/21  20:15:00,389.1582380254017,5.685298127968295
 06/21  20:30:00,345.6909192260059,2.196872210188045
 06/21  20:45:00,350.0784681368235,1.7180957392755287
 06/21  21:00:00,397.93453991481306,0.0
 06/21  21:15:00,428.9996178646579,0.0
 06/21  21:30:00,398.5187303217244,0.0
 06/21  21:45:00,384.118514852496,0.0
 06/21  22:00:00,408.5143885459861,0.0
 06/21  22:15:00,292.31333333333333,0.0
 06/21  22:30:00,140.32459793801502,0.0
 06/21  22:45:00,44.97999999999999,0.0
 06/21  23:00:00,97.3893925932937,0.0
 06/21  23:15:00,1918.7624236702727,0.0
 06/21  23:30:00,964.680125333334,0.0
 06/21  23:45:00,194.3904592086325,0.0
 06/21  24:00:00,182.1142372954565,0.0
 06/22  00:15:00,100.34121066666664,0.0
 06/22  00:30:00,143.38583529018993,0.0
 06/22  00:45:00,134.17160484908624,0.0
 06/22  01:00:00,44.97999999999999,0.0
 06/22  01:15:00,97.38422317799925,0.0
 06/22  01:30:00,140.3029650727259,0.0
 06/22  01:45:00,90.98,0.0
 06/22  02:00:00,112.7152015926194,0.0
 06/22  02:15:00,97.36768600590108,0.0
 06/22  02:30:00,63.38,0.0
 06/22  02:45:00,143.3810299986697,0.0
 06/22  03:00:00,137.23359605037268,0.0
 06/22  03:15:00,44.97999999999999,0.0
 06/22  03:30:00,97.38268470765794,0.0
 06/22  03:45:00,137.23659355080267,0.0
 06/22  04:00:00,90.98,0.0
 06/22  04:15:00,115.78631120767596,0.0
 06/22  04:30:00,97.37365252483276,0.0
 06/22  04:45:00,60.313333333333325,7.668986988387985
 06/22  05:00:00,143.39044073771072,13.809259621208708
 06/22  05:15:00,158.97815968487407,18.777260275933656
 06/22  05:30:00,324.97999999999985,24.65064496364374
 06/22  05:45:00,143.3956206871199,36.71557402796102
 06/22  06:00:00,143.38373324898328,48.60223754716964
 06/22  06:15:00,90.98,60.29915433256728
 06/22  06:30:00,143.39970564089563,71.8578876473864
 06/22  06:45:00,97.38697563208456,84.18911648349946
 06/22  07:00:00,44.97999999999999,101.16851324988895
 06/22  07:15:00,131.13485865511015,123.88726907979142
 06/22  07:30:00,889.3358403430113,150.6208930201908
 06/22  07:45:00,612.7041139251332,179.99497600328542
 06/22  08:00:00,1131.3318236983723,211.05241163579979
 06/22  08:15:00,302.07116766091804,243.46637706761996
 06/22  08:30:00,306.7762941108489,276.92587966917955
 06/22  08:45:00,1058.161199177447,269.379031729501
 06/22  09:00:00,302.614311482567,256.0432995029477
 06/22  09:15:00,524.5513265084447,230.31784070185836
 06/22  09:30:00,529.3672479403684,199.08295706604656
 06/22  09:45:00,554.220365329176,209.48254682791048
 06/22  10:00:00,533.0704900367494,219.5192320695079
 06/22  10:15:00,503.3988237093965,229.77250683867098
 06/22  10:30:00,512.309001836562,239.88400668772556
 06/22  10:45:00,561.4631722058294,221.0704268000303
 06/22  11:00:00,568.1310358781755,202.15563111117226
 06/22  11:15:00,276.5906315514575,182.74144650306633
 06/22  11:30:00,264.7231812622784,163.3040152212216
 06/22  11:45:00,333.8574461132648,164.9515227241239
 06/22  12:00:00,276.18117431554225,166.51098725950933
 06/22  12:15:00,867.452802912069,168.16108205947722
 06/22  12:30:00,117.37559557764315,169.7755769322913
 06/22  12:45:00,362.337466389144,169.02178579839713
 06/22  13:00:00,456.0950079837049,168.23914562160843
 06/22  13:15:00,380.8418851819668,167.53715638505327
 06/22  13:30:00,367.6656382765203,166.79975763475335
 06/22  13:45:00,361.3950946547884,189.13933246132513
 06/22  14:00:00,385.6756894132854,211.42578697936835
 06/22  14:15:00,385.0036556520543,233.0055163562527
 06/22  14:30:00,342.05117840448764,254.35492593397382
 06/22  14:45:00,274.09514703289443,301.28929506386834
 06/22  15:00:00,242.5677329579624,344.10509288135677
 06/22  15:15:00,575.5012135844747,371.4475514821427
 06/22  15:30:00,577.3812808366574,395.2506777839711
 06/22  15:45:00,240.03109378532275,407.1790657880453
 06/22  16:00:00,218.31500246152967,405.31715179196243
 06/22  16:15:00,251.51204704269247,399.6754265946015
 06/22  16:30:00,7947.517008511922,389.6103139169844
 06/22  16:45:00,818.9739448409255,362.0930709107467
 06/22  17:00:00,558.3632608136575,336.9846434263038
 06/22  17:15:00,248.62780628710857,302.5457121562722
 06/22  17:30:00,1079.7929432426586,264.57934469645835
 06/22  17:45:00,2084.0288670225523,216.3051661320115
 06/22  18:00:00,2111.269305819629,173.77369321561625
 06/22  18:15:00,1351.422617685675,136.6547140493611
 06/22  18:30:00,1137.5540627611922,108.4904729207221
 06/22  18:45:00,1078.8119604305182,83.88505260677113
 06/22  19:00:00,698.4835961751922,68.38611831996631
 06/22  19:15:00,7929.101735840143,58.69692062849056
 06/22  19:30:00,2584.88783465748,49.43065007877586
 06/22  19:45:00,931.441599845852,39.723302438378475
 06/22  20:00:00,881.6984834268981,30.354479301545666
 06/22  20:15:00,793.4745761720864,20.023713388448655
 06/22  20:30:00,697.6882740460717,8.797119003801866
 06/22  20:45:00,668.4132518957313,6.8553661182078365
 06/22  21:00:00,686.5450759902594,0.0
 06/22  21:15:00,583.5019266725863,0.0
 06/22  21:30:00,543.9231618204517,0.0
 06/22  21:45:00,524.6768528372952,0.0
 06/22  22:00:00,546.6199242048374,0.0
 06/22  22:15:00,1188.0096492039845,0.0
 06/22  22:30:00,87.91333333333333,0.0
 06/22  22:45:00,97.39379090903788,0.0
 06/22  23:00:00,97.37235407414698,0.0
 06/22  23:15:00,1951.154,0.0
 06/22  23:30:00,1886.072254352132,0.0
 06/22  23:45:00,207.3588637112475,0.0
 06/22  24:00:00,142.67263,0.0
 06/23  00:15:00,216.5498160696956,0.0
 06/23  00:30:00,241.0705323048506,0.0
 06/23  00:45:00,179.47263000000004,0.0
 06/23  01:00:00,195.0872026635346,0.0
 06/23  01:15:00,123.43207796207624,0.0
 06/23  01:30:00,87.91333333333333,0.0
 06/23  01:45:00,143.39423427165607,0.0
 06/23  02:00:00,112.71344746698824,0.0
 06/23  02:15:00,44.97999999999999,0.0
 06/23  02:30:00,115.79479558535598,0.0
 06/23  02:45:00,143.3814459681312,0.0
 06/23  03:00:00,84.84666666666666,0.0
 06/23  03:15:00,97.39609936905782,0.0
 06/23  03:30:00,97.38277331347994,0.0
 06/23  03:45:00,84.84666666666666,0.0
 06/23  04:00:00,143.3973986889963,0.0
 06/23  04:15:00,115.78510835022384,0.0
 06/23  04:30:00,44.97999999999999,0.0
 06/23  04:45:00,112.73541602751196,4.608662703364854
 06/23  05:00:00,143.39017208982065,7.685616287910943
 06/23  05:15:00,158.97613349729883,10.373681177909447
 06/23  05:30:00,324.97999999999985,13.329946749486664
 06/23  05:45:00,143.38952497598595,28.418507458054336
 06/23  06:00:00,143.375169429845,42.39915840981298
 06/23  06:15:00,90.98,54.956367205469974
 06/23  06:30:00,143.3895977631997,67.71901575501617
 06/23  06:45:00,97.37595245573522,80.65801947819728
 06/23  07:00:00,44.97999999999999,97.51022037841545
 06/23  07:15:00,131.1217130396727,116.71959145648765
 06/23  07:30:00,941.3189127720508,138.26344441862202
 06/23  07:45:00,588.3243766508123,161.22705018069172
 06/23  08:00:00,1062.134183005338,185.452601486345
 06/23  08:15:00,309.5796810805628,210.73821009023607
 06/23  08:30:00,322.85233201706086,236.89651309593043
 06/23  08:45:00,1057.3617467483757,264.6604489664809
 06/23  09:00:00,265.50908424014347,289.39687236583154
 06/23  09:15:00,502.1314801383677,314.718972021076
 06/23  09:30:00,488.3170661727716,340.5728007489581
 06/23  09:45:00,493.4526585740025,376.73110970236166
 06/23  10:00:00,455.2371735577404,423.7674118552348
 06/23  10:15:00,407.1495552601202,464.4804115628012
 06/23  10:30:00,395.518233418656,506.48825328036213
 06/23  10:45:00,420.7403041241712,507.39572885729723
 06/23  11:00:00,401.7495447738807,506.51982642084533
 06/23  11:15:00,199.7115208538214,504.3951341946002
 06/23  11:30:00,44.97999999999999,487.00170279652303
 06/23  11:45:00,178.7153674187359,496.5314146350601
 06/23  12:00:00,144.02662640154088,504.67948183920447
 06/23  12:15:00,511.95987900210906,509.7543045419518
 06/23  12:30:00,64.98,513.8465533683465
 06/23  12:45:00,120.44021106761488,511.3946981979375
 06/23  13:00:00,163.66991056657065,508.15295899984113
 06/23  13:15:00,163.3475345994972,505.7333507459017
 06/23  13:30:00,74.18,502.5835845105454
 06/23  13:45:00,117.35329603938136,515.267242912764
 06/23  14:00:00,89.51333333333334,526.050714732607
 06/23  14:15:00,163.36387996200932,547.1001683353084
 06/23  14:30:00,145.79336285124492,551.4845012730945
 06/23  14:45:00,70.270742113703,510.8944517458944
 06/23  15:00:00,117.37011921472246,460.3221714350682
 06/23  15:15:00,524.98,423.76133567248803
 06/23  15:30:00,577.3755573134241,388.1576336875882
 06/23  15:45:00,240.0365223290433,347.9909410936737
 06/23  16:00:00,64.98,301.5627397678506
 06/23  16:15:00,267.5113350374384,267.4024633594686
 06/23  16:30:00,7946.662762544547,228.82983005098458
 06/23  16:45:00,363.47419856076,227.3007242871759
 06/23  17:00:00,350.5622532906161,217.01022042676806
 06/23  17:15:00,110.98000000000002,204.44113377797166
 06/23  17:30:00,755.0456448619049,189.75286679287402
 06/23  17:45:00,1963.0153142626923,168.77032557277494
 06/23  18:00:00,1972.165784991354,148.1688671503909
 06/23  18:15:00,937.0434723702792,128.29513169710538
 06/23  18:30:00,1004.3530326983182,109.28207472497819
 06/23  18:45:00,1083.7279731993244,89.98883926532538
 06/23  19:00:00,603.817719468889,73.690122866109
 06/23  19:15:00,7927.525949190211,61.30812726971615
 06/23  19:30:00,2148.383805231595,49.10243221355225
 06/23  19:45:00,492.8569115656624,39.60347480073324
 06/23  20:00:00,561.9441532816472,29.96644089522718
 06/23  20:15:00,544.6702499765294,20.147109422182584
 06/23  20:30:00,500.219195271254,9.525034345483553
 06/23  20:45:00,521.7228681172345,7.416867934389107
 06/23  21:00:00,581.5630626181942,0.0
 06/23  21:15:00,279.0050578439408,0.0
 06/23  21:30:00,304.0033767937407,0.0
 06/23  21:45:00,338.6816683742201,0.0
 06/23  22:00:00,420.9370134286953,0.0
 06/23  22:15:00,1676.221473557339,0.0
 06/23  22:30:00,87.91333333333333,0.0
 06/23  22:45:00,97.40058753535747,0.0
 06/23  23:00:00,97.37980564381672,0.0
 06/23  23:15:00,136.32598000000002,0.0
 06/23  23:30:00,982.6080573962277,0.0
 06/23  23:45:00,154.99742109937085,0.0
 06/23  24:00:00,90.32598,0.0
 06/24  00:15:00,164.21499300014594,0.0
 06/24  00:30:00,188.73659210151877,0.0
 06/24  00:45:00,127.12598,0.0
 06/24  01:00:00,142.7546958192259,0.0
 06/24  01:15:00,1068.9234654113102,0.0
 06/24  01:30:00,1376.473655178337,0.0
 06/24  01:45:00,136.32598000000002,0.0
 06/24  02:00:00,158.0879057938366,0.0
 06/24  02:15:00,130.66631495524155,0.0
 06/24  02:30:00,63.38,0.0
 06/24  02:45:00,143.41720639216146,0.0
 06/24  03:00:00,137.27315473987875,0.0
 06/24  03:15:00,97.3946593077972,0.0
 06/24  03:30:00,44.97999999999999,0.0
 06/24  03:45:00,137.27911726324422,0.0
 06/24  04:00:00,143.4005493229708,0.0
 06/24  04:15:00,115.79112755246196,0.0
 06/24  04:30:00,44.97999999999999,0.0
 06/24  04:45:00,112.74823209036408,9.512214606050206
 06/24  05:00:00,143.4063570203205,16.71906378314928
 06/24  05:15:00,158.9947285366432,21.812615708560756
 06/24  05:30:00,324.97999999999985,28.490959222261957
 06/24  05:45:00,143.41305253110158,38.30914094513825
 06/24  06:00:00,143.40119055426487,48.35546189619976
 06/24  06:15:00,90.98,57.16058436778354
 06/24  06:30:00,143.41285050905867,66.52919777125364
 06/24  06:45:00,97.39742377160556,75.95728085998776
 06/24  07:00:00,97.3813870293372,95.794632466324
 06/24  07:15:00,78.71333333333334,123.79556816611142
 06/24  07:30:00,143.39222663087062,158.45665974574996
 06/24  07:45:00,1191.3825399601883,194.51962913081752
 06/24  08:00:00,1278.009721497213,232.73991874771195
 06/24  08:15:00,294.9067762970309,273.43398924792115
 06/24  08:30:00,310.8199167795598,315.9798692446916
 06/24  08:45:00,189.92093102510972,356.18454852206446
 06/24  09:00:00,1623.9190004185896,396.26048034409683
 06/24  09:15:00,417.16942481809417,436.1008714082702
 06/24  09:30:00,407.641796976071,475.4330119651364
 06/24  09:45:00,375.4981000136951,508.971275152138
 06/24  10:00:00,350.50704574141923,541.5036942801353
 06/24  10:15:00,7902.837051950028,576.879755202056
 06/24  10:30:00,1286.350146041532,607.7003169904139
 06/24  10:45:00,851.9642397901524,623.6137523277221
 06/24  11:00:00,650.2827116093483,640.1326072516055
 06/24  11:15:00,51.11333333333332,654.3383337486338
 06/24  11:30:00,97.34905762045672,665.7620739207982
 06/24  11:45:00,72.57999999999998,671.7147751181958
 06/24  12:00:00,143.3514183955224,675.6669095075163
 06/24  12:15:00,75.64666666666666,677.3687225797362
 06/24  12:30:00,97.3524169592332,677.078168724447
 06/24  12:45:00,48.04666666666666,678.4003968334362
 06/24  13:00:00,143.35235895137745,677.7685417700628
 06/24  13:15:00,143.33315367454793,675.1252888122931
 06/24  13:30:00,54.17999999999999,670.6206051729264
 06/24  13:45:00,97.33564246202198,659.4598264942349
 06/24  14:00:00,69.51333333333332,646.6958974565323
 06/24  14:15:00,143.33618736730517,631.6456119447497
 06/24  14:30:00,78.71333333333334,614.9363488326117
 06/24  14:45:00,97.33420688263014,593.3274268754722
 06/24  15:00:00,44.97999999999999,570.121011038695
 06/24  15:15:00,577.3349060394955,546.6846396117948
 06/24  15:30:00,524.98,521.4383052156462
 06/24  15:45:00,240.00625052508315,488.3229317533702
 06/24  16:00:00,64.98,455.1222898441231
 06/24  16:15:00,7927.430177274223,421.0332420648236
 06/24  16:30:00,594.3968547960749,380.6418556606327
 06/24  16:45:00,210.12883743610013,334.513667112903
 06/24  17:00:00,298.18,291.68125316739145
 06/24  17:15:00,163.33270119759106,252.72208625717522
 06/24  17:30:00,110.98000000000002,214.5225064582849
 06/24  17:45:00,1981.3497784569336,179.35398350753692
 06/24  18:00:00,1919.78,147.82295374000992
 06/24  18:15:00,710.016333666175,120.3054466763914
 06/24  18:30:00,44.97999999999999,97.27666725490707
 06/24  18:45:00,140.28141725515894,77.03005634502107
 06/24  19:00:00,110.98000000000002,59.26062299347218
 06/24  19:15:00,132.68701919437316,43.5717885364152
 06/24  19:30:00,117.33567598597524,26.80469423295875
 06/24  19:45:00,83.38,21.740260712210596
 06/24  20:00:00,163.34102917447547,16.66281724217742
 06/24  20:15:00,104.84666666666666,11.590284097650322
 06/24  20:30:00,117.34828204363151,6.514573064476018
 06/24  20:45:00,64.98,5.08273844737924
 06/24  21:00:00,157.2227040839903,0.0
 06/24  21:15:00,278.98,0.0
 06/24  21:30:00,303.76606588915064,0.0
 06/24  21:45:00,285.3509469446522,0.0
 06/24  22:00:00,248.31333333333333,0.0
 06/24  22:15:00,344.6938144836346,0.0
 06/24  22:30:00,87.91333333333333,0.0
 06/24  22:45:00,97.36812777709996,0.0
 06/24  23:00:00,97.35140017183228,0.0
 06/24  23:15:00,90.98,0.0
 06/24  23:30:00,143.35916784080044,0.0
 06/24  23:45:00,57.246666666666655,0.0
 06/24  24:00:00,97.36683438908742,0.0
 06/25  00:15:00,118.81606555702557,0.0
 06/25  00:30:00,90.98,0.0
 06/25  00:45:00,134.1555997398047,0.0
 06/25  01:00:00,44.97999999999999,0.0
 06/25  01:15:00,97.36274064926091,0.0
 06/25  01:30:00,140.2796960923846,0.0
 06/25  01:45:00,90.98,0.0
 06/25  02:00:00,112.68862251155656,0.0
 06/25  02:15:00,44.97999999999999,0.0
 06/25  02:30:00,115.76407624769584,0.0
 06/25  02:45:00,143.34784013726787,0.0
 06/25  03:00:00,84.84666666666666,0.0
 06/25  03:15:00,97.35659405794244,0.0
 06/25  03:30:00,44.97999999999999,0.0
 06/25  03:45:00,137.2314562530658,0.0
 06/25  04:00:00,143.3481589535868,0.0
 06/25  04:15:00,63.38,0.0
 06/25  04:30:00,97.35860973042192,0.0
 06/25  04:45:00,60.313333333333325,3.788443964147653
 06/25  05:00:00,143.3694150440689,6.823448736646985
 06/25  05:15:00,158.9527676054212,9.499473690185182
 06/25  05:30:00,324.97999999999985,12.418667348187489
 06/25  05:45:00,143.3608188165881,16.623166185382434
 06/25  06:00:00,90.98,20.826624287235248
 06/25  06:15:00,143.3690117273023,25.038956158220955
 06/25  06:30:00,143.35267339798386,29.25409553023965
 06/25  06:45:00,44.97999999999999,36.598453452909204
 06/25  07:00:00,97.361422644793,43.94357167679284
 06/25  07:15:00,78.71333333333334,51.290278997988814
 06/25  07:30:00,143.37004729835897,58.512044705101836
 06/25  07:45:00,2129.389422976931,66.12127163502883
 06/25  08:00:00,1375.278283244896,73.78907733209918
 06/25  08:15:00,141.39225023201027,81.49856718327953
 06/25  08:30:00,136.98,89.25806667982485
 06/25  08:45:00,189.35810827182627,96.33316080712316
 06/25  09:00:00,2040.021538761123,103.44741922951299
 06/25  09:15:00,64.98,110.54205225812726
 06/25  09:30:00,515.429780019927,117.6518834139323
 06/25  09:45:00,255.1795953003636,123.3926304300886
 06/25  10:00:00,92.58,129.19028219148805
 06/25  10:15:00,7897.552299921897,135.084899672482
 06/25  10:30:00,493.9441458716477,141.02424583580247
 06/25  10:45:00,163.3486058591905,170.43707851286823
 06/25  11:00:00,110.98000000000002,200.07359399716964
 06/25  11:15:00,103.4860177576888,229.8460225730546
 06/25  11:30:00,44.97999999999999,259.8279512569995
 06/25  11:45:00,124.95530818826572,303.3281959003493
 06/25  12:00:00,90.98,333.3813450198224
 06/25  12:15:00,128.02258216222825,363.9473742865085
 06/25  12:30:00,97.33473196270856,394.4205836614426
 06/25  12:45:00,48.04666666666666,453.47523314268324
 06/25  13:00:00,143.33242330236197,496.2857653793832
 06/25  13:15:00,90.98,550.2997653899282
 06/25  13:30:00,106.53160811422708,586.8527138218057
 06/25  13:45:00,44.97999999999999,572.246059287096
 06/25  14:00:00,121.86341089998255,558.0599487566632
 06/25  14:15:00,90.98,545.578564770158
 06/25  14:30:00,131.0636665876499,532.1883287171944
 06/25  14:45:00,44.97999999999999,530.0135698164403
 06/25  15:00:00,97.3304304805969,524.7718056946517
 06/25  15:15:00,524.98,515.5219259551116
 06/25  15:30:00,577.3296555480989,512.5210581201106
 06/25  15:45:00,187.64666666666668,491.1180583012918
 06/25  16:00:00,117.32857661945312,467.1252110010162
 06/25  16:15:00,7912.631262800027,440.01206821784695
 06/25  16:30:00,668.9874618616807,409.65928147215385
 06/25  16:45:00,157.78,371.2184333424641
 06/25  17:00:00,350.5323001312768,332.632156907702
 06/25  17:15:00,110.98000000000002,294.17393479402295
 06/25  17:30:00,163.33333652687446,255.72931457546557
 06/25  17:45:00,1928.980000000003,209.5569498220497
 06/25  18:00:00,1972.134753405006,169.08114004618824
 06/25  18:15:00,657.6466666666668,133.85699303487883
 06/25  18:30:00,97.33335687936128,107.45539817041276
 06/25  18:45:00,87.91333333333333,82.85324530419986
 06/25  19:00:00,163.33165456552672,64.85019625098343
 06/25  19:15:00,80.31333333333333,56.56647343731427
 06/25  19:30:00,117.33391880968556,46.809414029794254
 06/25  19:45:00,83.38,37.82195849666862
 06/25  20:00:00,163.33679321277486,28.664840064878724
 06/25  20:15:00,104.84666666666666,19.67329719147673
 06/25  20:30:00,117.34562951691824,9.371002865909402
 06/25  20:45:00,117.33016273193778,7.308840405656314
 06/25  21:00:00,104.84666666666666,0.0
 06/25  21:15:00,331.33975507029663,0.0
 06/25  21:30:00,251.38,0.0
 06/25  21:45:00,285.3484042984237,0.0
 06/25  22:00:00,248.31333333333333,0.0
 06/25  22:15:00,344.69238257790965,0.0
 06/25  22:30:00,87.91333333333333,0.0
 06/25  22:45:00,97.37207385987344,0.0
 06/25  23:00:00,97.3586335042785,0.0
 06/25  23:15:00,1052.6955840000005,0.0
 06/25  23:30:00,203.05877289069207,0.0
 06/25  23:45:00,169.32789086137927,0.0
 06/25  24:00:00,104.66846,0.0
 06/26  00:15:00,122.81447061260351,0.0
 06/26  00:30:00,90.98,0.0
 06/26  00:45:00,134.1821687673674,0.0
 06/26  01:00:00,97.36864193690714,0.0
 06/26  01:15:00,44.97999999999999,0.0
 06/26  01:30:00,140.3163440824373,0.0
 06/26  01:45:00,143.36973366202815,0.0
 06/26  02:00:00,60.313333333333325,0.0
 06/26  02:15:00,97.38459021543164,0.0
 06/26  02:30:00,115.77118169585654,0.0
 06/26  02:45:00,90.98,0.0
 06/26  03:00:00,137.2528766645618,0.0
 06/26  03:15:00,97.37274315277448,0.0
 06/26  03:30:00,44.97999999999999,0.0
 06/26  03:45:00,137.2542472670362,0.0
 06/26  04:00:00,143.3742889659354,0.0
 06/26  04:15:00,63.38,0.0
 06/26  04:30:00,97.38983634832746,0.0
 06/26  04:45:00,112.71027183462022,9.222286543923884
 06/26  05:00:00,90.98,16.16093069038663
 06/26  05:15:00,158.99041271697592,21.086439715453462
 06/26  05:30:00,377.3887752451957,27.53531895009444
 06/26  05:45:00,90.98,35.970143856292054
 06/26  06:00:00,143.38486415471107,43.76590178085476
 06/26  06:15:00,143.3663850716294,52.00064124644529
 06/26  06:30:00,90.98,60.05311048142593
 06/26  06:45:00,97.3694812571196,69.30437426154018
 06/26  07:00:00,44.97999999999999,88.41906843465607
 06/26  07:15:00,131.10190955746094,114.95467388320832
 06/26  07:30:00,143.34573403478345,147.1219761326849
 06/26  07:45:00,1535.5031361964504,181.1456515692736
 06/26  08:00:00,444.9800000000002,215.45306517914725
 06/26  08:15:00,141.3464527225399,249.4924895549561
 06/26  08:30:00,189.33418860477065,282.8641219820676
 06/26  08:45:00,136.98,315.369439810626
 06/26  09:00:00,133.31723496174894,354.5535738028
 06/26  09:15:00,64.98,388.2287333003698
 06/26  09:30:00,95.64666666666666,421.94625099527366
 06/26  09:45:00,163.32566685125693,439.6552650603512
 06/26  10:00:00,92.58,446.0652940553846
 06/26  10:15:00,7906.956573835361,458.6611736059843
 06/26  10:30:00,601.4644767117599,468.13060507371165
 06/26  10:45:00,110.98000000000002,469.1437842237824
 06/26  11:00:00,163.310478185475,468.4355821749456
 06/26  11:15:00,51.11333333333332,455.4427680412539
 06/26  11:30:00,97.30412846722214,452.27296418744584
 06/26  11:45:00,72.57999999999998,459.764047817294
 06/26  12:00:00,143.29741537009218,465.640961677635
 06/26  12:15:00,75.64666666666666,468.8746752383196
 06/26  12:30:00,44.97999999999999,457.8264468326078
 06/26  12:45:00,100.37161512971024,490.54668686518744
 06/26  13:00:00,90.98,507.23961318194836
 06/26  13:15:00,143.29665119686803,540.0867661079184
 06/26  13:30:00,54.17999999999999,557.6178305430548
 06/26  13:45:00,44.97999999999999,530.0953597512708
 06/26  14:00:00,121.8388062848995,503.12638311212896
 06/26  14:15:00,90.98,460.9936209393458
 06/26  14:30:00,131.029999702945,431.83995151693375
 06/26  14:45:00,44.97999999999999,414.9154911127371
 06/26  15:00:00,97.2873571222689,397.468507599079
 06/26  15:15:00,524.98,380.89800236542015
 06/26  15:30:00,524.98,364.37778052701515
 06/26  15:45:00,239.96426148580932,350.0948777170058
 06/26  16:00:00,64.98,334.7595727710276
 06/26  16:15:00,7921.721543171455,319.53126761170995
 06/26  16:30:00,669.8353689490989,302.8135952345892
 06/26  16:45:00,157.78,279.1637869616171
 06/26  17:00:00,350.49980434182754,255.86639533157734
 06/26  17:15:00,110.98000000000002,232.9618050165124
 06/26  17:30:00,163.29404686889131,210.6436383955685
 06/26  17:45:00,1928.980000000003,182.21175286095493
 06/26  18:00:00,1919.78,154.4131335997631
 06/26  18:15:00,709.9745809176736,127.52052720230236
 06/26  18:30:00,44.97999999999999,102.010169416694
 06/26  18:45:00,140.2489742937297,81.39921424167842
 06/26  19:00:00,110.98000000000002,66.19927840001297
 06/26  19:15:00,132.64103002532144,53.7032180165591
 06/26  19:30:00,64.98,41.773590431037285
 06/26  19:45:00,135.71122707637582,32.94902467517539
 06/26  20:00:00,110.98000000000002,23.9971269613773
 06/26  20:15:00,157.18232001355688,14.502172723558765
 06/26  20:30:00,64.98,5.002010097167787
 06/26  20:45:00,117.3207550839364,3.910622042757552
 06/26  21:00:00,104.84666666666666,0.0
 06/26  21:15:00,331.32561196722884,0.0
 06/26  21:30:00,251.38,0.0
 06/26  21:45:00,285.3296853324789,0.0
 06/26  22:00:00,248.31333333333333,0.0
 06/26  22:15:00,344.66645859931936,0.0
 06/26  22:30:00,87.91333333333333,0.0
 06/26  22:45:00,97.33551118594818,0.0
 06/26  23:00:00,44.97999999999999,0.0
 06/26  23:15:00,143.34108738546294,0.0
 06/26  23:30:00,90.98,0.0
 06/26  23:45:00,109.61763029041,0.0
 06/26  24:00:00,44.97999999999999,0.0
 06/27  00:15:00,118.82625878087411,0.0
 06/27  00:30:00,143.3422894540296,0.0
 06/27  00:45:00,81.78,0.0
 06/27  01:00:00,97.34900397536754,0.0
 06/27  01:15:00,44.97999999999999,0.0
 06/27  01:30:00,140.290298506504,0.0
 06/27  01:45:00,90.98,0.0
 06/27  02:00:00,112.69866258218325,0.0
 06/27  02:15:00,97.34833641265888,0.0
 06/27  02:30:00,63.38,0.0
 06/27  02:45:00,143.3555473800415,0.0
 06/27  03:00:00,84.84666666666666,0.0
 06/27  03:15:00,97.36208093908353,0.0
 06/27  03:30:00,97.34433960571762,0.0
 06/27  03:45:00,84.84666666666666,0.0
 06/27  04:00:00,143.35004720028437,0.0
 06/27  04:15:00,63.38,0.0
 06/27  04:30:00,97.35686815336952,0.0
 06/27  04:45:00,60.313333333333325,2.455138484616479
 06/27  05:00:00,143.3636935698643,4.160136221717654
 06/27  05:15:00,158.9465962376829,5.636947146757325
 06/27  05:30:00,324.97999999999985,7.27501727297649
 06/27  05:45:00,143.35365959482246,12.568811092420399
 06/27  06:00:00,90.98,17.86479929885415
 06/27  06:15:00,143.35988339550056,23.15962860785973
 06/27  06:30:00,143.34183777112565,28.45311695251137
 06/27  06:45:00,44.97999999999999,44.63625867590814
 06/27  07:00:00,97.3469688658594,59.86196589104806
 06/27  07:15:00,78.71333333333334,75.22564062031131
 06/27  07:30:00,143.35099988434658,90.86343571123848
 06/27  07:45:00,469.5133333333336,111.18989280367936
 06/27  08:00:00,497.354494657176,134.88701180483685
 06/27  08:15:00,88.98000000000002,160.03393050833438
 06/27  08:30:00,189.3578342738533,186.97317108824242
 06/27  08:45:00,189.33889365315477,230.5019431741218
 06/27  09:00:00,80.98000000000002,273.165649494447
 06/27  09:15:00,117.34008016971504,320.301536862678
 06/27  09:30:00,95.64666666666666,377.6706423620354
 06/27  09:45:00,163.33856606408796,379.91259983479193
 06/27  10:00:00,92.58,389.09274635038287
 06/27  10:15:00,7904.347178121096,396.1822961940736
 06/27  10:30:00,631.0703006641265,401.5058885203881
 06/27  10:45:00,110.98000000000002,416.61809780399557
 06/27  11:00:00,163.3345339439709,430.11656204718986
 06/27  11:15:00,51.11333333333332,441.1011642465629
 06/27  11:30:00,97.32732763848182,438.7702143095363
 06/27  11:45:00,72.57999999999998,444.2608326819461
 06/27  12:00:00,143.3186654272489,448.86347446831337
 06/27  12:15:00,75.64666666666666,456.1945810492379
 06/27  12:30:00,97.31387303381484,462.91120918409024
 06/27  12:45:00,48.04666666666666,462.98865699425306
 06/27  13:00:00,143.30874822945117,462.5184653452775
 06/27  13:15:00,90.98,459.73178623354346
 06/27  13:30:00,106.5039953207198,456.33460364603707
 06/27  13:45:00,44.97999999999999,446.8623933574279
 06/27  14:00:00,69.51333333333332,437.07605791174575
 06/27  14:15:00,143.3173052836608,428.36047816158646
 06/27  14:30:00,78.71333333333334,419.11601503025696
 06/27  14:45:00,97.31303387568155,386.3501185586417
 06/27  15:00:00,44.97999999999999,354.21919970488176
 06/27  15:15:00,577.3248803048957,324.0247626599287
 06/27  15:30:00,524.98,293.57776700140704
 06/27  15:45:00,240.00384040082437,261.98316673986216
 06/27  16:00:00,64.98,230.86241671978183
 06/27  16:15:00,7924.026359857919,199.65766893001728
 06/27  16:30:00,671.0562513063437,164.84664363732884
 06/27  16:45:00,210.12886807642843,140.8445734232159
 06/27  17:00:00,298.18,117.24949149174354
 06/27  17:15:00,163.33259334316188,94.03087652151198
 06/27  17:30:00,110.98000000000002,71.36741062355173
 06/27  17:45:00,1981.346645093716,64.03826985967905
 06/27  18:00:00,1919.78,56.679887530989305
 06/27  18:15:00,710.0179109338496,49.39463113252273
 06/27  18:30:00,44.97999999999999,42.05612761291677
 06/27  18:45:00,140.28555005844674,38.14265968462837
 06/27  19:00:00,110.98000000000002,34.20294190086223
 06/27  19:15:00,132.69554173010064,30.202789969615527
 06/27  19:30:00,117.34497288098264,26.204153111271445
 06/27  19:45:00,83.38,20.561454368217717
 06/27  20:00:00,163.35176881382515,14.92339778945125
 06/27  20:15:00,104.84666666666666,9.270267930881387
 06/27  20:30:00,117.3585704301693,3.626817860253029
 06/27  20:45:00,64.98,2.8333960748844524
 06/27  21:00:00,157.2320431399528,0.0
 06/27  21:15:00,331.34933699185234,0.0
 06/27  21:30:00,251.38,0.0
 06/27  21:45:00,285.35875848399274,0.0
 06/27  22:00:00,248.31333333333333,0.0
 06/27  22:15:00,344.7012992797946,0.0
 06/27  22:30:00,140.2974456483562,0.0
 06/27  22:45:00,44.97999999999999,0.0
 06/27  23:00:00,97.3608638906192,0.0
 06/27  23:15:00,1962.4762666666668,0.0
 06/27  23:30:00,1305.8962861531663,0.0
 06/27  23:45:00,1555.7343782619164,0.0
 06/27  24:00:00,65.64239999999998,0.0
 06/28  00:15:00,118.83822199495988,0.0
 06/28  00:30:00,90.98,0.0
 06/28  00:45:00,134.17553451647825,0.0
 06/28  01:00:00,97.36138180503426,0.0
 06/28  01:15:00,44.97999999999999,0.0
 06/28  01:30:00,140.31073790085017,0.0
 06/28  01:45:00,143.365170745544,0.0
 06/28  02:00:00,60.313333333333325,0.0
 06/28  02:15:00,97.38142329972868,0.0
 06/28  02:30:00,115.76807105835724,0.0
 06/28  02:45:00,90.98,0.0
 06/28  03:00:00,137.25009836108177,0.0
 06/28  03:15:00,97.36906819504236,0.0
 06/28  03:30:00,44.97999999999999,0.0
 06/28  03:45:00,137.24864690302616,0.0
 06/28  04:00:00,143.3674887024532,0.0
 06/28  04:15:00,63.38,0.0
 06/28  04:30:00,97.38124653457002,0.0
 06/28  04:45:00,60.313333333333325,3.8273773961793007
 06/28  05:00:00,143.3948196783187,6.8940770850622926
 06/28  05:15:00,158.98077827454844,9.599353721599083
 06/28  05:30:00,324.97999999999985,12.547596585972382
 06/28  05:45:00,143.39368501045237,25.26551125956014
 06/28  06:00:00,143.3795731809397,37.11510774207266
 06/28  06:15:00,90.98,48.74106443510862
 06/28  06:30:00,143.3920234407373,60.224076315499126
 06/28  06:45:00,97.37762966757064,74.24502431941016
 06/28  07:00:00,44.97999999999999,93.47686737451937
 06/28  07:15:00,131.12235420158137,120.78922868672815
 06/28  07:30:00,143.37354659670535,155.4647739842085
 06/28  07:45:00,469.5133333333336,179.374642998812
 06/28  08:00:00,497.38339393342176,201.105898245263
 06/28  08:15:00,141.38395577526478,220.161787700863
 06/28  08:30:00,136.98,236.5797079002498
 06/28  08:45:00,189.37315565444283,267.7995303208209
 06/28  09:00:00,133.35536847918075,299.6536014974192
 06/28  09:15:00,64.98,332.17939779950865
 06/28  09:30:00,148.0290638727907,365.153111456383
 06/28  09:45:00,110.98000000000002,394.9475928850965
 06/28  10:00:00,144.9686505807703,426.10660650572856
 06/28  10:15:00,7896.023396707204,468.20755147471436
 06/28  10:30:00,631.6864628370461,501.78378762067825
 06/28  10:45:00,163.35153648812582,502.67105904826025
 06/28  11:00:00,110.98000000000002,501.8532243170251
 06/28  11:15:00,103.49079651817824,486.92111703492606
 06/28  11:30:00,44.97999999999999,482.3291555896508
 06/28  11:45:00,124.96426171022068,511.4979993130811
 06/28  12:00:00,143.34703688619055,553.8268943046402
 06/28  12:15:00,75.64666666666666,580.712285350438
 06/28  12:30:00,97.3527697705504,606.6459866645963
 06/28  12:45:00,48.04666666666666,604.5883218458058
 06/28  13:00:00,143.35810432857636,601.6652734671833
 06/28  13:15:00,90.98,599.5277689640242
 06/28  13:30:00,106.5605546928464,595.9965245500033
 06/28  13:45:00,97.34096517086198,565.6534963395885
 06/28  14:00:00,69.51333333333332,534.9394305579661
 06/28  14:15:00,143.34309285700618,489.46634201002144
 06/28  14:30:00,78.71333333333334,457.76370879813607
 06/28  14:45:00,97.34544954306956,457.82881919471515
 06/28  15:00:00,44.97999999999999,455.6163351291659
 06/28  15:15:00,577.348314295094,463.0255835966248
 06/28  15:30:00,524.98,457.0627564161874
 06/28  15:45:00,240.01871874315384,415.01396654541827
 06/28  16:00:00,117.33339827083948,366.5890134820088
 06/28  16:15:00,7906.896356580599,328.85521037397353
 06/28  16:30:00,671.2146030848685,292.84455899288
 06/28  16:45:00,210.1340281280547,266.01321009145096
 06/28  17:00:00,298.18,240.07599363358224
 06/28  17:15:00,163.3380063881246,211.1988452023417
 06/28  17:30:00,110.98000000000002,188.4956529514349
 06/28  17:45:00,1981.3511415770852,164.1845973000537
 06/28  18:00:00,1919.78,140.94285469525653
 06/28  18:15:00,710.0191692606561,119.06687882511358
 06/28  18:30:00,44.97999999999999,98.60451427294694
 06/28  18:45:00,140.2879390780234,81.68072518415805
 06/28  19:00:00,163.33815167780747,66.91621331021774
 06/28  19:15:00,80.31333333333333,55.75383397622031
 06/28  19:30:00,117.34465760518052,43.200433660895285
 06/28  19:45:00,83.38,34.811379527251376
 06/28  20:00:00,163.3513482806809,26.35347981967781
 06/28  20:15:00,104.84666666666666,17.689337681515816
 06/28  20:30:00,117.36570546957212,8.751968508728522
 06/28  20:45:00,117.35295907744614,6.831078175249338
 06/28  21:00:00,104.84666666666666,0.0
 06/28  21:15:00,331.36689466838146,0.0
 06/28  21:30:00,251.38,0.0
 06/28  21:45:00,285.3780250638179,0.0
 06/28  22:00:00,300.6964705388877,0.0
 06/28  22:15:00,292.31333333333333,0.0
 06/28  22:30:00,140.30816083930927,0.0
 06/28  22:45:00,97.36006305247554,0.0
 06/28  23:00:00,44.97999999999999,0.0
 06/28  23:15:00,1918.757455719385,0.0
 06/28  23:30:00,964.680125333334,0.0
 06/28  23:45:00,194.3882740606712,0.0
 06/28  24:00:00,182.1164332376795,0.0
 06/29  00:15:00,100.34121066666664,0.0
 06/29  00:30:00,143.3850279760862,0.0
 06/29  00:45:00,134.17146277645034,0.0
 06/29  01:00:00,44.97999999999999,0.0
 06/29  01:15:00,97.38531968301842,0.0
 06/29  01:30:00,140.30463859306872,0.0
 06/29  01:45:00,90.98,0.0
 06/29  02:00:00,112.71816877842168,0.0
 06/29  02:15:00,97.37074069305427,0.0
 06/29  02:30:00,63.38,0.0
 06/29  02:45:00,143.38413701510905,0.0
 06/29  03:00:00,137.23674442081693,0.0
 06/29  03:15:00,44.97999999999999,0.0
 06/29  03:30:00,97.38468547391406,0.0
 06/29  03:45:00,137.23795818577747,0.0
 06/29  04:00:00,90.98,0.0
 06/29  04:15:00,115.7853746634165,0.0
 06/29  04:30:00,97.37108151752416,0.0
 06/29  04:45:00,60.313333333333325,4.797394905526555
 06/29  05:00:00,143.38403902123557,8.848925757909008
 06/29  05:15:00,158.96995805936774,12.446845983492677
 06/29  05:30:00,324.97999999999985,16.33150466402439
 06/29  05:45:00,143.38347734504083,27.648880027772705
 06/29  06:00:00,143.36938546050496,38.449686692128644
 06/29  06:15:00,90.98,49.097389366809765
 06/29  06:30:00,143.38184881779995,59.63199912974292
 06/29  06:45:00,97.3671196034147,72.54649685721836
 06/29  07:00:00,44.97999999999999,89.58538770866821
 06/29  07:15:00,131.11190173846092,109.67399532063494
 06/29  07:30:00,945.867913144638,132.9857472624811
 06/29  07:45:00,469.5133333333336,160.522441480738
 06/29  08:00:00,497.3869847617816,191.43986686244986
 06/29  08:15:00,88.98000000000002,225.65022312309904
 06/29  08:30:00,189.3762618182394,262.9654368253469
 06/29  08:45:00,189.35615778452825,270.86284294234883
 06/29  09:00:00,80.98000000000002,274.83748566018363
 06/29  09:15:00,117.35785766941342,268.0327757089521
 06/29  09:30:00,95.64666666666666,263.06852571315676
 06/29  09:45:00,163.36037138177835,317.22846842294854
 06/29  10:00:00,144.9406592931863,365.301459171132
 06/29  10:15:00,64.98,417.6569779478463
 06/29  10:30:00,123.47260644516736,482.34574063071545
 06/29  10:45:00,110.98000000000002,462.5592657821778
 06/29  11:00:00,163.3362660106667,430.5338415728902
 06/29  11:15:00,51.11333333333332,405.71023308364624
 06/29  11:30:00,97.33665962004906,378.10625823976943
 06/29  11:45:00,72.57999999999998,384.0057797617573
 06/29  12:00:00,143.33657417084345,374.289602712901
 06/29  12:15:00,95.64666666666666,378.97743874425123
 06/29  12:30:00,117.33637104167278,382.8208103042175
 06/29  12:45:00,68.04666666666667,382.1849294112756
 06/29  13:00:00,163.33577592807546,381.22248490249075
 06/29  13:15:00,110.98000000000002,379.8620829277254
 06/29  13:30:00,126.53443536464712,378.0660575130589
 06/29  13:45:00,64.98,371.030387990968
 06/29  14:00:00,141.86596406818856,363.70765476959855
 06/29  14:15:00,110.98000000000002,355.9207492412298
 06/29  14:30:00,151.06583436554166,347.80753503703477
 06/29  14:45:00,64.98,334.94061363375846
 06/29  15:00:00,117.33237138801064,322.04580692501867
 06/29  15:15:00,524.98,308.8372487253868
 06/29  15:30:00,577.3315272810596,295.61554055737867
 06/29  15:45:00,187.64666666666668,286.3393797763922
 06/29  16:00:00,117.3305350097992,276.3480425308618
 06/29  16:15:00,86.44666666666667,265.76016420802114
 06/29  16:30:00,7951.801944559069,254.42450533103886
 06/29  16:45:00,699.7013822580573,236.57962372651238
 06/29  17:00:00,298.18,219.14133304614552
 06/29  17:15:00,163.33257372733772,202.01789780362617
 06/29  17:30:00,110.98000000000002,185.26498179887594
 06/29  17:45:00,1981.3336552073797,165.97712833772223
 06/29  18:00:00,1919.78,146.7075803288444
 06/29  18:15:00,709.9986876422201,127.78340405352029
 06/29  18:30:00,44.97999999999999,109.1732351729225
 06/29  18:45:00,140.2691976629751,90.2477619854925
 06/29  19:00:00,110.98000000000002,73.4551352214993
 06/29  19:15:00,7922.705011585344,60.20616928775229
 06/29  19:30:00,624.7446374999089,47.20081909091593
 06/29  19:45:00,135.72655951463773,38.005020034945964
 06/29  20:00:00,110.98000000000002,28.644894228386644
 06/29  20:15:00,157.19992397980388,19.0759030431108
 06/29  20:30:00,64.98,8.674060261953253
 06/29  20:45:00,117.34088896921833,6.761165175553528
 06/29  21:00:00,104.84666666666666,0.0
 06/29  21:15:00,331.34943797997204,0.0
 06/29  21:30:00,251.38,0.0
 06/29  21:45:00,285.3588845312491,0.0
 06/29  22:00:00,300.6766605888393,0.0
 06/29  22:15:00,292.31333333333333,0.0
 06/29  22:30:00,140.29828859583506,0.0
 06/29  22:45:00,44.97999999999999,0.0
 06/29  23:00:00,97.36298976051454,0.0
 06/29  23:15:00,1951.154,0.0
 06/29  23:30:00,1886.0474340917383,0.0
 06/29  23:45:00,207.33216829706947,0.0
 06/29  24:00:00,142.67263,0.0
 06/30  00:15:00,216.5260214228471,0.0
 06/30  00:30:00,241.0441859833131,0.0
 06/30  00:45:00,179.47263000000004,0.0
 06/30  01:00:00,195.05586752051613,0.0
 06/30  01:15:00,71.031368,0.0
 06/30  01:30:00,140.30687788605954,0.0
 06/30  01:45:00,143.3580895167307,0.0
 06/30  02:00:00,60.313333333333325,0.0
 06/30  02:15:00,97.36872741791176,0.0
 06/30  02:30:00,63.38,0.0
 06/30  02:45:00,143.37936441212065,0.0
 06/30  03:00:00,137.2308680688245,0.0
 06/30  03:15:00,44.97999999999999,0.0
 06/30  03:30:00,97.37444714129124,0.0
 06/30  03:45:00,137.2255318807446,0.0
 06/30  04:00:00,90.98,0.0
 06/30  04:15:00,115.76835412047934,0.0
 06/30  04:30:00,44.97999999999999,0.0
 06/30  04:45:00,112.70987398335254,6.07786275714182
 06/30  05:00:00,143.3599295203168,10.635494601214527
 06/30  05:15:00,106.58,14.588386213214612
 06/30  05:30:00,377.3661958904927,19.039265434493956
 06/30  05:45:00,90.98,31.011449466123004
 06/30  06:00:00,143.3716307214888,42.551385530442424
 06/30  06:15:00,143.35359795744924,53.84393489488596
 06/30  06:30:00,90.98,64.94389265122312
 06/30  06:45:00,97.3580855246326,77.14581856086983
 06/30  07:00:00,44.97999999999999,92.37632110755936
 06/30  07:15:00,131.09511128218466,114.06171874594082
 06/30  07:30:00,143.34280910684467,140.07289316367715
 06/30  07:45:00,469.5133333333336,164.5861586470901
 06/30  08:00:00,497.3570903390573,187.94663648474943
 06/30  08:15:00,88.98000000000002,209.49767312243623
 06/30  08:30:00,189.34149397484956,225.7106568667249
 06/30  08:45:00,136.98,221.0700822916225
 06/30  09:00:00,133.33537454859288,213.86355854742774
 06/30  09:15:00,64.98,205.1202058794434
 06/30  09:30:00,148.00350865434922,194.04124935789042
 06/30  09:45:00,110.98000000000002,205.8364264763917
 06/30  10:00:00,144.93838349150124,209.3218561003692
 06/30  10:15:00,64.98,219.28589091856216
 06/30  10:30:00,123.48259891085029,228.6640164895972
 06/30  10:45:00,163.3349282719232,291.53092166415234
 06/30  11:00:00,110.98000000000002,355.20523287562236
 06/30  11:15:00,103.47365040036397,410.5982484385978
 06/30  11:30:00,44.97999999999999,479.7982244501054
 06/30  11:45:00,124.93596595414373,450.65670647873924
 06/30  12:00:00,90.98,435.0792592864052
 06/30  12:15:00,148.00659178748424,418.6453363779146
 06/30  12:30:00,64.98,385.4424064762504
 06/30  12:45:00,120.38800447398536,359.1541904720681
 06/30  13:00:00,110.98000000000002,332.17708579724183
 06/30  13:15:00,163.31631545086577,304.991725351707
 06/30  13:30:00,74.18,262.76762378117445
 06/30  13:45:00,117.31636802930451,297.91601369759536
 06/30  14:00:00,89.51333333333334,317.0570263879129
 06/30  14:15:00,163.31890621753024,335.2401557486228
 06/30  14:30:00,98.71333333333334,352.2989623828481
 06/30  14:45:00,117.32464308254094,405.696996049739
 06/30  15:00:00,64.98,452.20976150595317
 06/30  15:15:00,577.3392083254737,481.4660926723362
 06/30  15:30:00,524.98,505.45436932300504
 06/30  15:45:00,239.98560164281915,494.40796414611486
 06/30  16:00:00,64.98,471.59697206586
 06/30  16:15:00,138.78042924135434,444.7271149220326
 06/30  16:30:00,7932.384749106877,413.86291481551547
 06/30  16:45:00,717.5061429818599,336.4257629530208
 06/30  17:00:00,298.18,262.4443921397298
 06/30  17:15:00,163.3267074418703,201.91906960893402
 06/30  17:30:00,110.98000000000002,152.82026043163012
 06/30  17:45:00,1981.3227280442563,138.6633938159122
 06/30  18:00:00,1919.78,125.05372106625292
 06/30  18:15:00,710.0090872601452,112.41540035266519
 06/30  18:30:00,44.97999999999999,100.6051302893978
 06/30  18:45:00,140.28528689618918,83.67173883900891
 06/30  19:00:00,163.33984594162428,69.85072823197494
 06/30  19:15:00,7900.359185152469,56.223118993325286
 06/30  19:30:00,625.413698356312,42.63059959563878
 06/30  19:45:00,135.7467706343001,34.076505788463244
 06/30  20:00:00,110.98000000000002,25.435830106598292
 06/30  20:15:00,157.22295646635354,16.429581954358145
 06/30  20:30:00,64.98,7.290859983664453
 06/30  20:45:00,117.36635425104048,5.692617947449234
 06/30  21:00:00,157.21765599060828,0.0
 06/30  21:15:00,278.98,0.0
 06/30  21:30:00,303.7621149960995,0.0
 06/30  21:45:00,232.98,0.0
 06/30  22:00:00,300.707082903832,0.0
 06/30  22:15:00,344.6923506114924,0.0
 06/30  22:30:00,87.91333333333333,0.0
 06/30  22:45:00,97.371295790009,0.0
 06/30  23:00:00,68.53797902646198,0.0
 06/30  23:15:00,165.14914380110136,0.0
 06/30  23:30:00,982.5859136959816,0.0
 06/30  23:45:00,102.59264666666668,0.0
 06/30  24:00:00,142.72720033991848,0.0
 07/01  00:15:00,164.19213286563155,0.0
 07/01  00:30:00,136.32598000000002,0.0
 07/01  00:45:00,179.5239391172032,0.0
 07/01  01:00:00,142.7090355285158,0.0
 07/01  01:15:00,1016.493656,0.0
 07/01  01:30:00,1376.449157146577,0.0
 07/01  01:45:00,136.32598000000002,0.0
 07/01  02:00:00,158.06425595659604,0.0
 07/01  02:15:00,130.63658020354717,0.0
 07/01  02:30:00,63.38,0.0
 07/01  02:45:00,143.38057006763538,0.0
 07/01  03:00:00,137.23195670408197,0.0
 07/01  03:15:00,44.97999999999999,0.0
 07/01  03:30:00,97.37635662262898,0.0
 07/01  03:45:00,137.22780361004425,0.0
 07/01  04:00:00,90.98,0.0
 07/01  04:15:00,115.77244313757728,0.0
 07/01  04:30:00,44.97999999999999,0.0
 07/01  04:45:00,112.71711940754234,2.47787193140346
 07/01  05:00:00,143.36894557919348,4.196951370485912
 07/01  05:15:00,106.58,5.689058343527898
 07/01  05:30:00,377.3804742423646,7.344184933408634
 07/01  05:45:00,143.36561636127428,12.508240298095812
 07/01  06:00:00,90.98,17.678347169800954
 07/01  06:15:00,143.3761483322806,22.83556780753498
 07/01  06:30:00,143.35994445226592,27.98766509956069
 07/01  06:45:00,44.97999999999999,35.35359837864467
 07/01  07:00:00,97.36879236822996,42.70294917417151
 07/01  07:15:00,78.71333333333334,50.06603707099405
 07/01  07:30:00,143.37984413688318,57.33496135780007
 07/01  07:45:00,521.9111519176056,64.94416697964077
 07/01  08:00:00,444.9800000000002,72.60488140664164
 07/01  08:15:00,141.37705669197908,80.33844478237376
 07/01  08:30:00,189.37624292166757,88.11339532703401
 07/01  08:45:00,136.98,95.36994253725042
 07/01  09:00:00,133.37687972402523,102.64749081489384
 07/01  09:15:00,117.36199532171008,110.10976551642239
 07/01  09:30:00,95.64666666666666,117.59894611230034
 07/01  09:45:00,163.37396534138793,123.53704143152925
 07/01  10:00:00,92.58,129.54280115456422
 07/01  10:15:00,7907.734766981071,135.47409436975863
 07/01  10:30:00,631.9796575917413,141.43875381952833
 07/01  10:45:00,163.37046472360709,145.5380831466419
 07/01  11:00:00,110.98000000000002,149.65377333512077
 07/01  11:15:00,103.51262533374964,153.68775403063256
 07/01  11:30:00,97.3617444960886,157.71118266689376
 07/01  11:45:00,72.57999999999998,159.6163677417504
 07/01  12:00:00,143.3672024819469,161.51650996778406
 07/01  12:15:00,75.64666666666666,163.4514693152479
 07/01  12:30:00,97.37497642344157,165.34948395099758
 07/01  12:45:00,100.42490124902672,164.5261922563871
 07/01  13:00:00,90.98,163.68518633312783
 07/01  13:15:00,143.36446364868257,162.6371601002242
 07/01  13:30:00,54.17999999999999,161.524063637316
 07/01  13:45:00,97.36866876979448,158.21591589229527
 07/01  14:00:00,121.8833001765395,154.89411122069896
 07/01  14:15:00,90.98,152.29236929973658
 07/01  14:30:00,131.09453897593147,149.6305963259604
 07/01  14:45:00,44.97999999999999,144.64035545327954
 07/01  15:00:00,97.37329091151622,139.63561386231714
 07/01  15:15:00,577.3712408281838,134.53292276767456
 07/01  15:30:00,524.98,129.45036742056436
 07/01  15:45:00,240.03771414893683,122.8662658509202
 07/01  16:00:00,117.36975631259703,116.3181493931009
 07/01  16:15:00,7906.316568366206,109.64364301401952
 07/01  16:30:00,671.7438879954004,103.02615570787121
 07/01  16:45:00,210.1619142400677,95.4815149052359
 07/01  17:00:00,298.18,87.99535831089837
 07/01  17:15:00,163.3699303842772,80.55599285011824
 07/01  17:30:00,163.35288382456986,73.1717805718727
 07/01  17:45:00,1928.98,65.48414060481655
 07/01  18:00:00,1972.168283751494,57.84662086960611
 07/01  18:15:00,657.6466666666668,50.16885395401354
 07/01  18:30:00,97.36970018948264,42.49234922095501
 07/01  18:45:00,140.2999616868604,35.91797546936091
 07/01  19:00:00,110.98000000000002,29.339436106023374
 07/01  19:15:00,132.71055376601063,22.749352911383344
 07/01  19:30:00,64.98,16.148815905739557
 07/01  19:45:00,135.77612795961454,12.670360696110466
 07/01  20:00:00,163.36143931363853,9.182836787712288
 07/01  20:15:00,104.84666666666666,5.689612936238738
 07/01  20:30:00,117.37156208066938,2.199420586032392
 07/01  20:45:00,117.35585008882344,1.7205628622222087
 07/01  21:00:00,104.84666666666666,0.0
 07/01  21:15:00,331.3663995953465,0.0
 07/01  21:30:00,251.38,0.0
 07/01  21:45:00,285.3772401580276,0.0
 07/01  22:00:00,300.69542418375727,0.0
 07/01  22:15:00,292.31333333333333,0.0
 07/01  22:30:00,140.30765624796084,0.0
 07/01  22:45:00,97.35981187019593,0.0
 07/01  23:00:00,44.97999999999999,0.0
 07/01  23:15:00,143.372376920476,0.0
 07/01  23:30:00,90.98,0.0
 07/01  23:45:00,109.65135235030311,0.0
 07/01  24:00:00,97.37036016989484,0.0
 07/02  00:15:00,66.44666666666666,0.0
 07/02  00:30:00,143.38272507325684,0.0
 07/02  00:45:00,134.1683011365235,0.0
 07/02  01:00:00,44.97999999999999,0.0
 07/02  01:15:00,97.38163067943486,0.0
 07/02  01:30:00,140.30135358896186,0.0
 07/02  01:45:00,90.98,0.0
 07/02  02:00:00,112.71603426922503,0.0
 07/02  02:15:00,97.36890119217443,0.0
 07/02  02:30:00,63.38,0.0
 07/02  02:45:00,143.3831320677176,0.0
 07/02  03:00:00,137.23615621867583,0.0
 07/02  03:15:00,44.97999999999999,0.0
 07/02  03:30:00,97.38337893790784,0.0
 07/02  03:45:00,137.23615375687285,0.0
 07/02  04:00:00,90.98,0.0
 07/02  04:15:00,115.7840108069184,0.0
 07/02  04:30:00,97.37073712447304,0.0
 07/02  04:45:00,60.313333333333325,3.4581724473871045
 07/02  05:00:00,143.38618551116326,6.168451904847242
 07/02  05:15:00,158.97079207226042,8.527456158615665
 07/02  05:30:00,324.97999999999985,11.099484225199172
 07/02  05:45:00,143.38115195976656,19.80509648027156
 07/02  06:00:00,143.36516216423152,28.489976459116406
 07/02  06:15:00,90.98,36.848500081095544
 07/02  06:30:00,143.3764971652153,45.094366271626896
 07/02  06:45:00,44.97999999999999,56.03577597705777
 07/02  07:00:00,97.38728145194531,67.39619378617816
 07/02  07:15:00,131.1044952043541,78.91948576146655
 07/02  07:30:00,90.98,90.60306607180739
 07/02  07:45:00,521.9128776895766,112.7150882340154
 07/02  08:00:00,497.3758234213375,136.20022694352195
 07/02  08:15:00,88.98000000000002,160.91366663640446
 07/02  08:30:00,189.36879745049063,189.97026712742957
 07/02  08:45:00,136.98,192.29664840553596
 07/02  09:00:00,1754.1619995507451,189.15416641507522
 07/02  09:15:00,64.98,189.30211581219945
 07/02  09:30:00,148.01667233493788,188.71774979672608
 07/02  09:45:00,110.98000000000002,198.63712344393258
 07/02  10:00:00,144.94895422302525,208.5468268266292
 07/02  10:15:00,7891.339847216684,218.81218856376506
 07/02  10:30:00,593.4882825419905,238.8580066246692
 07/02  10:45:00,163.339574693337,270.0257566681227
 07/02  11:00:00,110.98000000000002,301.61669877139144
 07/02  11:15:00,103.4749727575348,333.50329169821333
 07/02  11:30:00,44.97999999999999,365.648651735547
 07/02  11:45:00,124.93956897914514,369.7280669971254
 07/02  12:00:00,90.98,373.8673811439859
 07/02  12:15:00,128.0050908415073,377.467167363701
 07/02  12:30:00,44.97999999999999,380.6119646992005
 07/02  12:45:00,100.40570996058958,379.2297915666722
 07/02  13:00:00,90.98,377.5921093875163
 07/02  13:15:00,143.33665014514136,376.0332512602331
 07/02  13:30:00,54.17999999999999,374.0795935094268
 07/02  13:45:00,97.33031970049288,390.55847817765783
 07/02  14:00:00,69.51333333333332,419.09073174861055
 07/02  14:15:00,143.3241326718577,431.7556938415478
 07/02  14:30:00,78.71333333333334,442.930589283071
 07/02  14:45:00,97.31866576776471,444.0037992038292
 07/02  15:00:00,44.97999999999999,454.4012995413784
 07/02  15:15:00,577.3182509313522,450.12158149277076
 07/02  15:30:00,524.98,443.8093559794253
 07/02  15:45:00,239.9709146889972,370.57695149625704
 07/02  16:00:00,64.98,294.28502927911376
 07/02  16:15:00,7919.361982560568,231.58885755672668
 07/02  16:30:00,670.0351422846811,166.99136991111965
 07/02  16:45:00,157.78,164.83726286376685
 07/02  17:00:00,350.5274936968466,161.6939042361919
 07/02  17:15:00,110.98000000000002,158.38861641402693
 07/02  17:30:00,163.33788787705294,154.55030988152768
 07/02  17:45:00,1928.980000000003,145.4385547266807
 07/02  18:00:00,1972.1508281542424,133.83173973795564
 07/02  18:15:00,710.0142281624592,120.12527626807801
 07/02  18:30:00,44.97999999999999,102.98332239422251
 07/02  18:45:00,140.27581317745796,80.1175514533229
 07/02  19:00:00,110.98000000000002,63.174522588840176
 07/02  19:15:00,132.66870516311587,49.13589495163112
 07/02  19:30:00,64.98,35.341195294825496
 07/02  19:45:00,135.74385733741912,28.286252038974194
 07/02  20:00:00,110.98000000000002,21.050646836353202
 07/02  20:15:00,157.22049630949317,13.798650752090234
 07/02  20:30:00,64.98,6.531723618620991
 07/02  20:45:00,117.36538105671455,5.101581418049066
 07/02  21:00:00,157.2177969517155,0.0
 07/02  21:15:00,278.98,0.0
 07/02  21:30:00,303.7644430193278,0.0
 07/02  21:45:00,232.98,0.0
 07/02  22:00:00,300.71223228865176,0.0
 07/02  22:15:00,344.6975332417534,0.0
 07/02  22:30:00,87.91333333333333,0.0
 07/02  22:45:00,97.37626856263878,0.0
 07/02  23:00:00,97.36174581872396,0.0
 07/02  23:15:00,1052.6955840000005,0.0
 07/02  23:30:00,203.07200416668968,0.0
 07/02  23:45:00,149.76406233153057,0.0
 07/02  24:00:00,124.23186798441164,0.0
 07/03  00:15:00,122.8194821274277,0.0
 07/03  00:30:00,90.98,0.0
 07/03  00:45:00,134.18534611806834,0.0
 07/03  01:00:00,97.37064021470734,0.0
 07/03  01:15:00,44.97999999999999,0.0
 07/03  01:30:00,140.31650177909833,0.0
 07/03  01:45:00,143.3688181734896,0.0
 07/03  02:00:00,60.313333333333325,0.0
 07/03  02:15:00,97.38197000423008,0.0
 07/03  02:30:00,115.76806174672892,0.0
 07/03  02:45:00,90.98,0.0
 07/03  03:00:00,137.2486943665701,0.0
 07/03  03:15:00,97.36882330627762,0.0
 07/03  03:30:00,44.97999999999999,0.0
 07/03  03:45:00,137.2511504250796,0.0
 07/03  04:00:00,143.37167509420036,0.0
 07/03  04:15:00,63.38,0.0
 07/03  04:30:00,97.38460534290397,0.0
 07/03  04:45:00,112.70346239238108,4.0272438814057745
 07/03  05:00:00,90.98,7.292063831185873
 07/03  05:15:00,158.98236823281803,10.181545645105848
 07/03  05:30:00,377.3810421450439,13.319103108447923
 07/03  05:45:00,90.98,21.297803586122242
 07/03  06:00:00,143.37868783664936,29.209689460646576
 07/03  06:15:00,90.98,36.84621493165212
 07/03  06:30:00,143.38905320232047,44.42596945739321
 07/03  06:45:00,97.3735402347182,61.699606531849895
 07/03  07:00:00,44.97999999999999,81.44893583778335
 07/03  07:15:00,131.114891225232,104.12943517570066
 07/03  07:30:00,143.36375459170904,130.02686036525597
 07/03  07:45:00,469.5133333333336,152.17370173661095
 07/03  08:00:00,497.3684613577683,175.48457736226283
 07/03  08:15:00,141.367380482743,200.04667759418905
 07/03  08:30:00,136.98,225.4460719841442
 07/03  08:45:00,189.35590634684883,262.2259030648214
 07/03  09:00:00,80.98000000000002,298.0586175611487
 07/03  09:15:00,117.35911618437936,336.1078408805807
 07/03  09:30:00,95.64666666666666,383.61911121872083
 07/03  09:45:00,163.35986182442318,408.3138075818315
 07/03  10:00:00,144.9392269497389,433.63493786705726
 07/03  10:15:00,7886.442003856546,459.32968336914183
 07/03  10:30:00,631.3921634803789,484.8940057457236
 07/03  10:45:00,163.33491831339097,504.1293535405737
 07/03  11:00:00,110.98000000000002,522.5308029197097
 07/03  11:15:00,103.46818740377988,538.9846623865641
 07/03  11:30:00,44.97999999999999,554.2765546101416
 07/03  11:45:00,124.93193781549428,613.8645486242594
 07/03  12:00:00,90.98,660.8554446884217
 07/03  12:15:00,127.99518374082751,710.463542436655
 07/03  12:30:00,44.97999999999999,757.1131401827088
 07/03  12:45:00,100.39156487795192,759.1735772445563
 07/03  13:00:00,90.98,759.9755089766527
 07/03  13:15:00,143.32051004572358,751.4947963795652
 07/03  13:30:00,54.17999999999999,747.0712467114629
 07/03  13:45:00,97.31541046468392,734.9657843121142
 07/03  14:00:00,69.51333333333332,720.7357972708656
 07/03  14:15:00,143.3112960434636,705.6345826154665
 07/03  14:30:00,78.71333333333334,688.1802455613774
 07/03  14:45:00,97.30880573632012,663.8708531062257
 07/03  15:00:00,44.97999999999999,637.8612681121081
 07/03  15:15:00,524.98,609.6111007248036
 07/03  15:30:00,577.3251720585968,582.4455609677981
 07/03  15:45:00,187.64666666666668,546.422427576326
 07/03  16:00:00,117.32231437018118,509.2195117909736
 07/03  16:15:00,7915.067245831113,470.50259912945006
 07/03  16:30:00,670.6040322039361,430.689155384384
 07/03  16:45:00,157.78,379.8040578698576
 07/03  17:00:00,350.5168081764455,332.3505253747899
 07/03  17:15:00,110.98000000000002,285.6393353112341
 07/03  17:30:00,163.31419610972907,247.13113043863814
 07/03  17:45:00,1928.980000000003,205.73144894749532
 07/03  18:00:00,1972.118033829416,167.11611645066995
 07/03  18:15:00,657.6466666666668,130.8974640363187
 07/03  18:30:00,97.32525724077884,100.99584267594979
 07/03  18:45:00,87.91333333333333,76.51313003297125
 07/03  19:00:00,163.32051143132168,59.82554236393678
 07/03  19:15:00,80.31333333333333,53.17970894907633
 07/03  19:30:00,117.3135904787156,45.44497124920847
 07/03  19:45:00,83.38,36.784583828566596
 07/03  20:00:00,163.3175027947679,28.474410402701917
 07/03  20:15:00,104.84666666666666,19.274769203160385
 07/03  20:30:00,117.32466546823014,9.354303285252367
 07/03  20:45:00,64.98,7.2926752702796
 07/03  21:00:00,157.20008175101512,0.0
 07/03  21:15:00,278.98,0.0
 07/03  21:30:00,303.74302260893984,0.0
 07/03  21:45:00,232.98,0.0
 07/03  22:00:00,300.6873511511812,0.0
 07/03  22:15:00,292.31333333333333,0.0
 07/03  22:30:00,140.29649253917745,0.0
 07/03  22:45:00,97.34743163043171,0.0
 07/03  23:00:00,44.97999999999999,0.0
 07/03  23:15:00,143.3570804406408,0.0
 07/03  23:30:00,90.98,0.0
 07/03  23:45:00,109.63310096388108,0.0
 07/03  24:00:00,97.35061171611238,0.0
 07/04  00:15:00,66.44666666666666,0.0
 07/04  00:30:00,143.360315612827,0.0
 07/04  00:45:00,81.78,0.0
 07/04  01:00:00,97.37021765099666,0.0
 07/04  01:15:00,97.35464537333463,0.0
 07/04  01:30:00,87.91333333333333,0.0
 07/04  01:45:00,143.36512748293953,0.0
 07/04  02:00:00,60.313333333333325,0.0
 07/04  02:15:00,97.37612454660557,0.0
 07/04  02:30:00,115.76137357901816,0.0
 07/04  02:45:00,90.98,0.0
 07/04  03:00:00,137.24013755181662,0.0
 07/04  03:15:00,97.35809881986545,0.0
 07/04  03:30:00,44.97999999999999,0.0
 07/04  03:45:00,137.23567747745625,0.0
 07/04  04:00:00,90.98,0.0
 07/04  04:15:00,115.78083936293189,0.0
 07/04  04:30:00,97.36681937412834,0.0
 07/04  04:45:00,60.313333333333325,8.008792080068476
 07/04  05:00:00,143.3804422345088,14.504877659024856
 07/04  05:15:00,158.9638819784417,19.21748804105465
 07/04  05:30:00,324.97999999999985,25.3680288112175
 07/04  05:45:00,143.3716537502277,33.61849203236418
 07/04  06:00:00,90.98,42.28068013516968
 07/04  06:15:00,143.3774475357053,49.72588023836978
 07/04  06:30:00,143.35892647709818,57.8452765534382
 07/04  06:45:00,44.97999999999999,67.8973203967673
 07/04  07:00:00,97.36204500415576,86.00663195951131
 07/04  07:15:00,78.71333333333334,114.13884672766346
 07/04  07:30:00,143.36237684655654,150.7255116679657
 07/04  07:45:00,521.8921245358315,183.95201834061322
 07/04  08:00:00,444.9800000000002,222.00855018699258
 07/04  08:15:00,141.34736000154615,264.13248932065324
 07/04  08:30:00,136.98,312.92739752302515
 07/04  08:45:00,189.3372104209992,355.6518425011556
 07/04  09:00:00,80.98000000000002,398.69502078056473
 07/04  09:15:00,117.33308420284816,441.7214951424165
 07/04  09:30:00,95.64666666666666,484.70141339722454
 07/04  09:45:00,163.32755318359216,523.9292675888687
 07/04  10:00:00,92.58,562.8169619320938
 07/04  10:15:00,7903.988085829244,600.0274087867981
 07/04  10:30:00,630.8239110970841,633.0939398257103
 07/04  10:45:00,110.98000000000002,656.0044633542814
 07/04  11:00:00,163.32189501730767,676.4385536695099
 07/04  11:15:00,51.11333333333332,695.7812081941565
 07/04  11:30:00,97.31522965730322,718.3199503872742
 07/04  11:45:00,72.57999999999998,727.1329972548355
 07/04  12:00:00,143.3076975326191,739.6196356957
 07/04  12:15:00,75.64666666666666,748.2674837852591
 07/04  12:30:00,97.30105828438298,754.4689987534196
 07/04  12:45:00,48.04666666666666,756.1004555371994
 07/04  13:00:00,90.98,755.1870365009985
 07/04  13:15:00,143.31111909972526,754.9473928686749
 07/04  13:30:00,54.17999999999999,751.8529569134058
 07/04  13:45:00,97.30458044175384,741.6221793646553
 07/04  14:00:00,69.51333333333332,728.9203509960929
 07/04  14:15:00,143.2977447401418,711.3943873028696
 07/04  14:30:00,78.71333333333334,691.6314009201433
 07/04  14:45:00,44.97999999999999,666.0568727097842
 07/04  15:00:00,97.30739696805128,638.8811184843578
 07/04  15:15:00,524.98,611.6290971338952
 07/04  15:30:00,577.3092316055017,582.6716962479227
 07/04  15:45:00,187.64666666666668,549.1822730503438
 07/04  16:00:00,117.30253411722155,511.8238961833209
 07/04  16:15:00,7906.699181674235,472.605432813199
 07/04  16:30:00,670.3294449210902,432.4061943469076
 07/04  16:45:00,157.78,385.968708640007
 07/04  17:00:00,350.5031928165988,340.8476182667538
 07/04  17:15:00,110.98000000000002,297.3558260701806
 07/04  17:30:00,163.29806940231975,255.84306183765403
 07/04  17:45:00,1928.980000000003,207.34659871486542
 07/04  18:00:00,1919.78,166.2434064581845
 07/04  18:15:00,709.9786535579973,130.19214512619712
 07/04  18:30:00,44.97999999999999,99.92992521340511
 07/04  18:45:00,140.24282145605758,74.45989211202907
 07/04  19:00:00,110.98000000000002,58.16617606659612
 07/04  19:15:00,132.64223215384143,50.9529512248825
 07/04  19:30:00,64.98,46.418640902229946
 07/04  19:45:00,135.71070753571843,37.50521931080354
 07/04  20:00:00,110.98000000000002,28.42789972174962
 07/04  20:15:00,157.18261139536108,19.5007903215972
 07/04  20:30:00,64.98,9.317703349720254
 07/04  20:45:00,117.32540080950236,7.268782643976255
 07/04  21:00:00,104.84666666666666,0.0
 07/04  21:15:00,331.3332811307873,0.0
 07/04  21:30:00,251.38,0.0
 07/04  21:45:00,285.3382084369147,0.0
 07/04  22:00:00,248.31333333333333,0.0
 07/04  22:15:00,344.6777641130878,0.0
 07/04  22:30:00,87.91333333333333,0.0
 07/04  22:45:00,97.35223030653704,0.0
 07/04  23:00:00,44.97999999999999,0.0
 07/04  23:15:00,2014.8540850857871,0.0
 07/04  23:30:00,1305.8769977336283,0.0
 07/04  23:45:00,1503.3613333333335,0.0
 07/04  24:00:00,118.0144362894763,0.0
 07/05  00:15:00,66.44666666666666,0.0
 07/05  00:30:00,143.34774664237608,0.0
 07/05  00:45:00,81.78,0.0
 07/05  01:00:00,97.35529721369218,0.0
 07/05  01:15:00,97.33900325125155,0.0
 07/05  01:30:00,87.91333333333333,0.0
 07/05  01:45:00,143.34841190419124,0.0
 07/05  02:00:00,60.313333333333325,0.0
 07/05  02:15:00,97.35685797928092,0.0
 07/05  02:30:00,63.38,0.0
 07/05  02:45:00,143.36373438819044,0.0
 07/05  03:00:00,137.21325533607558,0.0
 07/05  03:15:00,44.97999999999999,0.0
 07/05  03:30:00,97.35501445221294,0.0
 07/05  03:45:00,84.84666666666666,0.0
 07/05  04:00:00,143.36366761766917,0.0
 07/05  04:15:00,115.7472675863497,0.0
 07/05  04:30:00,44.97999999999999,0.0
 07/05  04:45:00,112.6894506518419,7.756904133233185
 07/05  05:00:00,90.98,14.005031987053684
 07/05  05:15:00,158.9644256290008,18.57742825766164
 07/05  05:30:00,377.3599489880975,24.547076360259673
 07/05  05:45:00,90.98,32.66868081802037
 07/05  06:00:00,143.3552485227968,40.3857536105821
 07/05  06:15:00,90.98,48.528012294222464
 07/05  06:30:00,143.35956440528057,56.55238601525517
 07/05  06:45:00,44.97999999999999,67.0174983218305
 07/05  07:00:00,97.3630045288065,85.73324392585663
 07/05  07:15:00,131.07657599327072,113.6904652686106
 07/05  07:30:00,90.98,148.09069231441796
 07/05  07:45:00,521.8887541021438,178.90954073774182
 07/05  08:00:00,444.9800000000002,215.8470943124624
 07/05  08:15:00,141.35089538461472,262.1267119833631
 07/05  08:30:00,136.98,310.8187635206282
 07/05  08:45:00,189.34167914360185,355.3002722224626
 07/05  09:00:00,80.98000000000002,400.21350575377943
 07/05  09:15:00,117.3384706502269,445.0817070767089
 07/05  09:30:00,95.64666666666666,489.485875173423
 07/05  09:45:00,163.3338718168829,522.8176435536901
 07/05  10:00:00,92.58,554.75779626711
 07/05  10:15:00,7907.084139234966,581.6717974779225
 07/05  10:30:00,630.8586747089083,605.1645410091179
 07/05  10:45:00,110.98000000000002,612.0410910369078
 07/05  11:00:00,163.32435732221754,610.8874157422554
 07/05  11:15:00,51.11333333333332,609.6696936964521
 07/05  11:30:00,97.31815555708128,604.2333618758795
 07/05  11:45:00,72.57999999999998,572.9309265973294
 07/05  12:00:00,143.3110936308014,551.1980192627665
 07/05  12:15:00,75.64666666666666,526.7231462361234
 07/05  12:30:00,97.30351096776496,486.1589804466844
 07/05  12:45:00,48.04666666666666,506.8838209743492
 07/05  13:00:00,90.98,539.3634046013816
 07/05  13:15:00,143.31116451492616,557.6625186357168
 07/05  13:30:00,54.17999999999999,574.7900588385489
 07/05  13:45:00,97.30212765757418,565.3806646630143
 07/05  14:00:00,69.51333333333332,555.0278018201687
 07/05  14:15:00,143.29198041094796,542.4328809852624
 07/05  14:30:00,78.71333333333334,528.5701064894066
 07/05  14:45:00,44.97999999999999,508.92788641167317
 07/05  15:00:00,97.29504935634604,488.470012233722
 07/05  15:15:00,524.98,467.155105150611
 07/05  15:30:00,577.2936498773151,445.15722539535295
 07/05  15:45:00,187.64666666666668,414.9827553083917
 07/05  16:00:00,64.98,377.7700063870051
 07/05  16:15:00,7926.6833366364,351.00347536288683
 07/05  16:30:00,670.0501841182307,325.751330161513
 07/05  16:45:00,157.78,312.25722020589393
 07/05  17:00:00,350.48624254865035,298.34371626000956
 07/05  17:15:00,110.98000000000002,273.01389552652324
 07/05  17:30:00,110.98000000000002,245.64184891387154
 07/05  17:45:00,1981.296279719034,206.04127648640466
 07/05  18:00:00,1919.78,167.99203333573362
 07/05  18:15:00,709.9632980228714,132.07993672146833
 07/05  18:30:00,44.97999999999999,99.18852023714466
 07/05  18:45:00,87.91333333333333,73.62167183823207
 07/05  19:00:00,163.29482462567486,57.11150887196155
 07/05  19:15:00,80.31333333333333,49.629894845524795
 07/05  19:30:00,117.29130740042524,44.863845330782404
 07/05  19:45:00,83.38,36.13549507584752
 07/05  20:00:00,110.98000000000002,27.2513713041974
 07/05  20:15:00,157.17488754674673,18.489399781699742
 07/05  20:30:00,64.98,8.489011570667117
 07/05  20:45:00,117.3070507613312,6.616394627380356
 07/05  21:00:00,104.84666666666666,0.0
 07/05  21:15:00,331.30615774808354,0.0
 07/05  21:30:00,251.38,0.0
 07/05  21:45:00,285.3053391032208,0.0
 07/05  22:00:00,248.31333333333333,0.0
 07/05  22:15:00,292.31333333333333,0.0
 07/05  22:30:00,140.26066948406643,0.0
 07/05  22:45:00,44.97999999999999,0.0
 07/05  23:00:00,97.33007101467926,0.0
 07/05  23:15:00,1866.3529999999996,0.0
 07/05  23:30:00,1017.0335678911068,0.0
 07/05  23:45:00,141.98302666666683,0.0
 07/05  24:00:00,182.0741052340064,0.0
 07/06  00:15:00,100.34121066666664,0.0
 07/06  00:30:00,143.339412318857,0.0
 07/06  00:45:00,81.78,0.0
 07/06  01:00:00,97.34123075748884,0.0
 07/06  01:15:00,44.97999999999999,0.0
 07/06  01:30:00,140.28187284109964,0.0
 07/06  01:45:00,143.33221683169765,0.0
 07/06  02:00:00,60.313333333333325,0.0
 07/06  02:15:00,97.3370490872456,0.0
 07/06  02:30:00,63.38,0.0
 07/06  02:45:00,143.33705649251235,0.0
 07/06  03:00:00,84.84666666666666,0.0
 07/06  03:15:00,97.33929146005494,0.0
 07/06  03:30:00,44.97999999999999,0.0
 07/06  03:45:00,137.2114845683068,0.0
 07/06  04:00:00,90.98,0.0
 07/06  04:15:00,115.75094813223882,0.0
 07/06  04:30:00,97.33366284932494,0.0
 07/06  04:45:00,60.313333333333325,6.200499344434541
 07/06  05:00:00,143.34084392777288,11.667838233631443
 07/06  05:15:00,106.58,16.02782900064795
 07/06  05:30:00,377.3560546073178,21.294641593550057
 07/06  05:45:00,90.98,32.151099074744856
 07/06  06:00:00,143.34826809156957,42.26016631810282
 07/06  06:15:00,90.98,52.55611371912453
 07/06  06:30:00,143.34729234622802,62.658035106115896
 07/06  06:45:00,44.97999999999999,71.67366376002354
 07/06  07:00:00,97.3451281667542,86.7659702756425
 07/06  07:15:00,131.05711608379542,112.37530535941727
 07/06  07:30:00,90.98,146.43467080864767
 07/06  07:45:00,521.8705406800774,178.05212061019802
 07/06  08:00:00,444.9800000000002,212.99157257446205
 07/06  08:15:00,141.33295778529612,251.2873107148679
 07/06  08:30:00,136.98,292.3366089965451
 07/06  08:45:00,189.3172123152456,329.13642990513836
 07/06  09:00:00,80.98000000000002,362.79345360474514
 07/06  09:15:00,117.31471587126804,394.1600201996046
 07/06  09:30:00,95.64666666666666,422.7854088450247
 07/06  09:45:00,110.98000000000002,454.0774411121791
 07/06  10:00:00,144.9305321384094,484.9269190672921
 07/06  10:15:00,64.98,514.7995917661331
 07/06  10:30:00,123.45915102765376,543.9512516889097
 07/06  10:45:00,110.98000000000002,535.2015981531725
 07/06  11:00:00,163.32040910963764,511.1138466780371
 07/06  11:15:00,51.11333333333332,493.8919310784354
 07/06  11:30:00,97.3153658510558,459.7809276266644
 07/06  11:45:00,72.57999999999998,531.1314620251076
 07/06  12:00:00,143.3098409406042,587.7281714136997
 07/06  12:15:00,95.64666666666666,656.8833340207208
 07/06  12:30:00,117.30489204737552,711.6793985438165
 07/06  12:45:00,68.04666666666667,697.5967338636037
 07/06  13:00:00,110.98000000000002,683.8452470001646
 07/06  13:15:00,163.31740107098202,667.5696312197827
 07/06  13:30:00,74.18,649.5646661937186
 07/06  13:45:00,117.31195197616898,579.863299233256
 07/06  14:00:00,89.51333333333334,499.12460728609926
 07/06  14:15:00,163.30808238529804,420.9307564505296
 07/06  14:30:00,98.71333333333334,343.66554850325406
 07/06  14:45:00,117.30643016702176,429.881279928558
 07/06  15:00:00,64.98,480.36842161457093
 07/06  15:15:00,577.3125169541656,534.9155056818005
 07/06  15:30:00,524.98,570.3908415333422
 07/06  15:45:00,187.64666666666668,538.635023776088
 07/06  16:00:00,117.31518537457907,509.44592545867437
 07/06  16:15:00,86.44666666666667,472.8707332974534
 07/06  16:30:00,7950.53933757923,431.8268918980526
 07/06  16:45:00,717.3568446457779,375.37545584918576
 07/06  17:00:00,298.18,320.12632231554426
 07/06  17:15:00,163.32252551230135,274.546509667858
 07/06  17:30:00,110.98000000000002,231.57367629407386
 07/06  17:45:00,1981.3284369445464,176.9605352438033
 07/06  18:00:00,1919.78,129.52988061268272
 07/06  18:15:00,709.9962275400542,93.09740302200817
 07/06  18:30:00,44.97999999999999,65.68290138285913
 07/06  18:45:00,140.26117443262217,55.658232648458494
 07/06  19:00:00,110.98000000000002,45.69654004494671
 07/06  19:15:00,7919.069689977425,35.610916715883945
 07/06  19:30:00,624.955335877327,25.187125553376074
 07/06  19:45:00,135.7251997126954,20.354727813873218
 07/06  20:00:00,110.98000000000002,15.504042030188273
 07/06  20:15:00,157.1995249045571,10.644098137062452
 07/06  20:30:00,64.98,5.773209178565121
 07/06  20:45:00,117.34191833530588,4.5098383834727205
 07/06  21:00:00,104.84666666666666,0.0
 07/06  21:15:00,331.3517042855491,0.0
 07/06  21:30:00,251.38,0.0
 07/06  21:45:00,285.36201222751055,0.0
 07/06  22:00:00,300.6802682925588,0.0
 07/06  22:15:00,292.31333333333333,0.0
 07/06  22:30:00,140.28866491965985,0.0
 07/06  22:45:00,44.97999999999999,0.0
 07/06  23:00:00,97.3638707426414,0.0
 07/06  23:15:00,2003.543997982348,0.0
 07/06  23:30:00,1833.6552420000005,0.0
 07/06  23:45:00,207.32886397717107,0.0
 07/06  24:00:00,142.67263,0.0
 07/07  00:15:00,216.52444443121567,0.0
 07/07  00:30:00,241.04201433560087,0.0
 07/07  00:45:00,179.47263000000004,0.0
 07/07  01:00:00,195.05234261772048,0.0
 07/07  01:15:00,71.031368,0.0
 07/07  01:30:00,140.3000769833002,0.0
 07/07  01:45:00,143.34941286559916,0.0
 07/07  02:00:00,60.313333333333325,0.0
 07/07  02:15:00,97.35731315652384,0.0
 07/07  02:30:00,63.38,0.0
 07/07  02:45:00,143.36652775349506,0.0
 07/07  03:00:00,137.2171910215435,0.0
 07/07  03:15:00,44.97999999999999,0.0
 07/07  03:30:00,97.3598502034524,0.0
 07/07  03:45:00,84.84666666666666,0.0
 07/07  04:00:00,143.3692107704701,0.0
 07/07  04:15:00,115.75361355760865,0.0
 07/07  04:30:00,44.97999999999999,0.0
 07/07  04:45:00,112.69744409238471,3.989143571344718
 07/07  05:00:00,90.98,7.235502156392774
 07/07  05:15:00,158.97360538422342,10.106409860207238
 07/07  05:30:00,377.3697826399971,13.214994644585156
 07/07  05:45:00,90.98,20.756798393651323
 07/07  06:00:00,143.3653329725424,28.21345855926111
 07/07  06:15:00,90.98,35.484718206369216
 07/07  06:30:00,143.37565890643765,42.726471668439444
 07/07  06:45:00,97.36040492150536,58.99452618529011
 07/07  07:00:00,44.97999999999999,76.0421951092395
 07/07  07:15:00,131.1039610989454,94.10634301455671
 07/07  07:30:00,143.35470352015017,113.25273437853714
 07/07  07:45:00,469.5133333333336,151.10659362096177
 07/07  08:00:00,497.37706035217707,197.79280926831106
 07/07  08:15:00,88.98000000000002,248.79979055853892
 07/07  08:30:00,189.36507269823068,305.02184103801113
 07/07  08:45:00,189.3440289184165,338.9171183863281
 07/07  09:00:00,80.98000000000002,381.24988891959475
 07/07  09:15:00,117.34320255682051,424.69833217789875
 07/07  09:30:00,95.64666666666666,476.05404556832355
 07/07  09:45:00,163.34216479992813,494.26895957854003
 07/07  10:00:00,92.58,504.7816372955517
 07/07  10:15:00,117.33976153936123,520.9021799670813
 07/07  10:30:00,71.11333333333333,533.1886575387737
 07/07  10:45:00,163.33601855775024,542.7951472993385
 07/07  11:00:00,110.98000000000002,548.7704745676682
 07/07  11:15:00,103.4654652181336,539.641445294856
 07/07  11:30:00,44.97999999999999,538.998600550129
 07/07  11:45:00,124.92851732284302,508.1665289912918
 07/07  12:00:00,90.98,462.3174066652576
 07/07  12:15:00,147.99062917446253,427.38133522530165
 07/07  12:30:00,64.98,375.6091206187259
 07/07  12:45:00,120.38507310049532,350.59143621936505
 07/07  13:00:00,110.98000000000002,324.24642099031007
 07/07  13:15:00,163.31131784969708,297.0756330268564
 07/07  13:30:00,74.18,269.79824954830667
 07/07  13:45:00,117.30244972702884,264.63730176007533
 07/07  14:00:00,89.51333333333334,258.8322364895718
 07/07  14:15:00,110.98000000000002,253.05742422696017
 07/07  14:30:00,151.04387750476272,247.13757449189484
 07/07  14:45:00,64.98,323.33229473774134
 07/07  15:00:00,117.3027489030587,388.60500488786005
 07/07  15:15:00,524.98,434.8556809147768
 07/07  15:30:00,577.3014296223876,482.9371059596023
 07/07  15:45:00,187.64666666666668,450.53247099642095
 07/07  16:00:00,64.98,421.451981107356
 07/07  16:15:00,138.7659604644675,394.15210245663025
 07/07  16:30:00,7937.336604456526,365.7533731666017
 07/07  16:45:00,717.0166249738392,308.2190056224723
 07/07  17:00:00,298.18,262.16214817833253
 07/07  17:15:00,163.29737761855353,215.7523406312826
 07/07  17:30:00,110.98000000000002,179.94972259433564
 07/07  17:45:00,1981.3059138980184,150.73194001864636
 07/07  18:00:00,1919.78,122.88195941873983
 07/07  18:15:00,657.6466666666668,101.26536067246701
 07/07  18:30:00,97.3163137134072,82.90840886111818
 07/07  18:45:00,87.91333333333333,67.99622905644212
 07/07  19:00:00,163.3168005496421,53.685438359106506
 07/07  19:15:00,7905.50864568381,39.869442475290526
 07/07  19:30:00,624.7812844081215,25.059665991390258
 07/07  19:45:00,83.38,19.730088916699927
 07/07  20:00:00,163.342109344201,14.367643752137235
 07/07  20:15:00,105.758682936079,8.977272583050596
 07/07  20:30:00,116.4321769741194,3.5864681197852684
 07/07  20:45:00,117.32656741447278,2.806495830076257
 07/07  21:00:00,104.84666666666666,0.0
 07/07  21:15:00,331.3304069843435,0.0
 07/07  21:30:00,251.38,0.0
 07/07  21:45:00,285.33463101451554,0.0
 07/07  22:00:00,248.31333333333333,0.0
 07/07  22:15:00,344.6727363479535,0.0
 07/07  22:30:00,87.91333333333333,0.0
 07/07  22:45:00,97.34477529792812,0.0
 07/07  23:00:00,44.97999999999999,0.0
 07/07  23:15:00,188.69657182704816,0.0
 07/07  23:30:00,930.183988,0.0
 07/07  23:45:00,154.96948695551228,0.0
 07/07  24:00:00,142.69717295382867,0.0
 07/08  00:15:00,111.79264666666668,0.0
 07/08  00:30:00,188.69342085468267,0.0
 07/08  00:45:00,127.12598,0.0
 07/08  01:00:00,142.70178502675373,0.0
 07/08  01:15:00,1016.493656,0.0
 07/08  01:30:00,1376.4289142250211,0.0
 07/08  01:45:00,188.7073433346033,0.0
 07/08  02:00:00,105.65931333333332,0.0
 07/08  02:15:00,130.6187495120658,0.0
 07/08  02:30:00,63.38,0.0
 07/08  02:45:00,143.36157889117527,0.0
 07/08  03:00:00,137.21192880864328,0.0
 07/08  03:15:00,44.97999999999999,0.0
 07/08  03:30:00,97.35189620953992,0.0
 07/08  03:45:00,84.84666666666666,0.0
 07/08  04:00:00,143.3582830916989,0.0
 07/08  04:15:00,63.38,0.0
 07/08  04:30:00,97.3669259591234,0.0
 07/08  04:45:00,112.684192250728,5.293968914986654
 07/08  05:00:00,90.98,9.843244755530156
 07/08  05:15:00,158.95818701529026,13.683549842627228
 07/08  05:30:00,324.97999999999985,18.132184477105767
 07/08  05:45:00,143.36307938798944,28.623689376665794
 07/08  06:00:00,143.34472125581462,39.13936562568914
 07/08  06:15:00,90.98,48.483092683298004
 07/08  06:30:00,143.34998515877743,58.424833115871536
 07/08  06:45:00,44.97999999999999,66.47750689045597
 07/08  07:00:00,97.35485987149842,83.33953328597843
 07/08  07:15:00,78.71333333333334,108.35523192857767
 07/08  07:30:00,143.35792952506503,140.0051625774894
 07/08  07:45:00,521.8893381704752,174.79983723580918
 07/08  08:00:00,444.9800000000002,206.64239515992537
 07/08  08:15:00,141.35637808713892,231.53475242527063
 07/08  08:30:00,136.98,255.16588771981833
 07/08  08:45:00,189.3436313802782,264.0763612730569
 07/08  09:00:00,80.98000000000002,268.6866493336385
 07/08  09:15:00,117.34549946104065,262.7452631418089
 07/08  09:30:00,95.64666666666666,258.57897761013
 07/08  09:45:00,163.34687326678164,273.77068820405015
 07/08  10:00:00,92.58,289.20007012361793
 07/08  10:15:00,7908.648870222697,304.8073599476073
 07/08  10:30:00,631.1714485394058,320.68466984631283
 07/08  10:45:00,163.32414147523252,308.221879436417
 07/08  11:00:00,110.98000000000002,294.9454616720781
 07/08  11:15:00,103.45744135518244,281.1973745273782
 07/08  11:30:00,44.97999999999999,253.02106682028034
 07/08  11:45:00,124.92517560791302,257.1440678693859
 07/08  12:00:00,90.98,260.8697366193182
 07/08  12:15:00,127.99265791105972,264.3598417051211
 07/08  12:30:00,44.97999999999999,267.7759243411392
 07/08  12:45:00,100.39316313478702,266.95198762571624
 07/08  13:00:00,90.98,266.04998814896976
 07/08  13:15:00,143.32599910515415,264.73570218449447
 07/08  13:30:00,54.17999999999999,263.3113919298026
 07/08  13:45:00,97.3242062191324,258.29677562747605
 07/08  14:00:00,69.51333333333332,253.23749359799524
 07/08  14:15:00,143.32304134628853,248.5232884482421
 07/08  14:30:00,78.71333333333334,243.71492548735256
 07/08  14:45:00,97.3229169374458,235.22141258427484
 07/08  15:00:00,44.97999999999999,226.74799630367318
 07/08  15:15:00,577.3379500565779,218.32588832782872
 07/08  15:30:00,524.98,209.94943610083766
 07/08  15:45:00,239.99440490261392,181.89261967222302
 07/08  16:00:00,64.98,154.37481615076592
 07/08  16:15:00,7922.981794128477,127.31008279396076
 07/08  16:30:00,671.024955426007,100.70058536232683
 07/08  16:45:00,210.1280501215197,104.8230852791933
 07/08  17:00:00,298.18,108.58965134575715
 07/08  17:15:00,163.33489597088837,112.05407096514006
 07/08  17:30:00,110.98000000000002,115.13618579789862
 07/08  17:45:00,1981.3565783580532,102.34014817856307
 07/08  18:00:00,1919.78,89.91180896906548
 07/08  18:15:00,710.02116776345,77.71909784468176
 07/08  18:30:00,44.97999999999999,65.87580105925993
 07/08  18:45:00,140.2865892668982,55.76920894527336
 07/08  19:00:00,113.0678037906345,45.80506382809829
 07/08  19:15:00,130.60045696967913,35.731868104860524
 07/08  19:30:00,117.33892287208792,25.364352298967404
 07/08  19:45:00,83.38,19.922203903673648
 07/08  20:00:00,163.34282230074464,14.477283127963094
 07/08  20:15:00,104.84666666666666,9.041875371004323
 07/08  20:30:00,117.3493782312131,3.610124388749483
 07/08  20:45:00,64.98,2.8216542953339463
 07/08  21:00:00,157.22302916876217,0.0
 07/08  21:15:00,331.338415456922,0.0
 07/08  21:30:00,251.38,0.0
 07/08  21:45:00,285.34385208276694,0.0
 07/08  22:00:00,248.31333333333333,0.0
 07/08  22:15:00,344.68290598266765,0.0
 07/08  22:30:00,87.91333333333333,0.0
 07/08  22:45:00,97.35569491822731,0.0
 07/08  23:00:00,44.97999999999999,0.0
 07/08  23:15:00,143.36124399311004,0.0
 07/08  23:30:00,143.34319079967236,0.0
 07/08  23:45:00,57.246666666666655,0.0
 07/08  24:00:00,97.34803153855763,0.0
 07/09  00:15:00,66.44666666666666,0.0
 07/09  00:30:00,143.35123522725698,0.0
 07/09  00:45:00,81.78,0.0
 07/09  01:00:00,97.35392394973084,0.0
 07/09  01:15:00,97.33673507692563,0.0
 07/09  01:30:00,87.91333333333333,0.0
 07/09  01:45:00,143.343984464997,0.0
 07/09  02:00:00,60.313333333333325,0.0
 07/09  02:15:00,97.35291980667856,0.0
 07/09  02:30:00,63.38,0.0
 07/09  02:45:00,143.36393739628548,0.0
 07/09  03:00:00,137.21591334574146,0.0
 07/09  03:15:00,44.97999999999999,0.0
 07/09  03:30:00,97.36274959428476,0.0
 07/09  03:45:00,84.84666666666666,0.0
 07/09  04:00:00,143.37739537466052,0.0
 07/09  04:15:00,115.76441016186716,0.0
 07/09  04:30:00,44.97999999999999,0.0
 07/09  04:45:00,112.7139684323102,0.0
 07/09  05:00:00,143.36844038554136,12.211498694601122
 07/09  05:15:00,106.58,16.57515353848351
 07/09  05:30:00,377.3818552389041,22.12352880093856
 07/09  05:45:00,143.36781154692187,32.79489594144429
 07/09  06:00:00,90.98,42.9059975790161
 07/09  06:15:00,143.38031249946738,53.24466883503231
 07/09  06:30:00,143.36503338145013,63.456609886546566
 07/09  06:45:00,44.97999999999999,74.94201773059264
 07/09  07:00:00,97.37592868462114,93.96778940339597
 07/09  07:15:00,78.71333333333334,118.48165823075578
 07/09  07:30:00,143.38584145378,147.0934595802404
 07/09  07:45:00,521.9165364426722,178.91708474165483
 07/09  08:00:00,444.9800000000002,209.4279907280486
 07/09  08:15:00,141.37949863008112,238.2108276750846
 07/09  08:30:00,189.3765480026314,265.0825678684907
 07/09  08:45:00,136.98,283.4221253046129
 07/09  09:00:00,133.37255557357275,300.85164442995585
 07/09  09:15:00,117.35648839332036,311.08819245974877
 07/09  09:30:00,95.64666666666666,325.8431046460328
 07/09  09:45:00,163.36583069974438,346.9932260693781
 07/09  10:00:00,92.58,367.7337324520058
 07/09  10:15:00,7906.296078490664,387.9981653191028
 07/09  10:30:00,631.8252300698642,407.8553363936162
 07/09  10:45:00,163.36204680643027,422.4328210176333
 07/09  11:00:00,110.98000000000002,436.60484048639364
 07/09  11:15:00,103.50298892846226,450.48201280509784
 07/09  11:30:00,97.35155982065484,463.9078842395912
 07/09  11:45:00,72.57999999999998,447.9526553655337
 07/09  12:00:00,143.3562118985217,431.59241173525726
 07/09  12:15:00,75.64666666666666,414.54034896090116
 07/09  12:30:00,97.3651520832298,396.84822343293075
 07/09  12:45:00,100.41567205193172,369.19311332803295
 07/09  13:00:00,90.98,341.11179943379733
 07/09  13:15:00,143.3577421295322,312.7417799472502
 07/09  13:30:00,54.17999999999999,268.86384297349
 07/09  13:45:00,97.36568940937246,305.4404948604109
 07/09  14:00:00,121.88226191941293,325.048710878477
 07/09  14:15:00,90.98,343.5478170354118
 07/09  14:30:00,131.08735211674528,360.8515957881375
 07/09  14:45:00,44.97999999999999,379.45417464728337
 07/09  15:00:00,97.35829462001524,383.31533992499317
 07/09  15:15:00,524.98,385.9577423731126
 07/09  15:30:00,577.3621339864583,387.0701677035437
 07/09  15:45:00,240.0099729377864,363.48512337308995
 07/09  16:00:00,64.98,340.22905238116437
 07/09  16:15:00,7922.456003433675,316.69716918852396
 07/09  16:30:00,671.3284985519119,293.4730469639823
 07/09  16:45:00,210.14169224263492,276.00984456521934
 07/09  17:00:00,298.18,257.04277400375423
 07/09  17:15:00,163.34641854996602,237.15541906451008
 07/09  17:30:00,110.98000000000002,215.64286232324454
 07/09  17:45:00,1981.358485559668,175.42745544339792
 07/09  18:00:00,1919.78,140.16681842862712
 07/09  18:15:00,710.0214037791382,109.2075769134318
 07/09  18:30:00,97.35483228754764,85.52155943631283
 07/09  18:45:00,87.91333333333333,71.81299565836153
 07/09  19:00:00,163.3444085962088,58.752790359673966
 07/09  19:15:00,80.31333333333333,46.4718886216298
 07/09  19:30:00,117.35208696851188,34.136739075591116
 07/09  19:45:00,83.38,26.766728253959958
 07/09  20:00:00,163.36017879879216,19.297660201368114
 07/09  20:15:00,157.21161255364592,11.830113244411185
 07/09  20:30:00,64.98,4.359764610191249
 07/09  20:45:00,117.35664251482292,3.408223298798403
 07/09  21:00:00,104.84666666666666,0.0
 07/09  21:15:00,331.368088139942,0.0
 07/09  21:30:00,303.75276920668347,0.0
 07/09  21:45:00,232.98,0.0
 07/09  22:00:00,300.69732557403506,0.0
 07/09  22:15:00,292.31333333333333,0.0
 07/09  22:30:00,140.3124507321994,0.0
 07/09  22:45:00,97.36652924196528,0.0
 07/09  23:00:00,44.97999999999999,0.0
 07/09  23:15:00,1105.105074594462,0.0
 07/09  23:30:00,203.0747513075342,0.0
 07/09  23:45:00,116.93512666666666,0.0
 07/09  24:00:00,157.07146293034248,0.0
 07/10  00:15:00,122.81645569136936,0.0
 07/10  00:30:00,90.98,0.0
 07/10  00:45:00,134.18795432854765,0.0
 07/10  01:00:00,97.3761527115527,0.0
 07/10  01:15:00,44.97999999999999,0.0
 07/10  01:30:00,140.3235366444215,0.0
 07/10  01:45:00,143.37636670066115,0.0
 07/10  02:00:00,60.313333333333325,0.0
 07/10  02:15:00,97.3911685428593,0.0
 07/10  02:30:00,115.77836166621016,0.0
 07/10  02:45:00,90.98,0.0
 07/10  03:00:00,137.26117512379392,0.0
 07/10  03:15:00,97.38297406038988,0.0
 07/10  03:30:00,44.97999999999999,0.0
 07/10  03:45:00,137.26860183947517,0.0
 07/10  04:00:00,143.39103068882233,0.0
 07/10  04:15:00,63.38,0.0
 07/10  04:30:00,97.40752430752994,0.0
 07/10  04:45:00,112.72852402198606,0.0
 07/10  05:00:00,143.3826587776833,8.112757621292785
 07/10  05:15:00,106.58,11.42689730702029
 07/10  05:30:00,377.4000583295312,14.975696319654302
 07/10  05:45:00,143.38801801981396,27.7057174416987
 07/10  06:00:00,90.98,39.88577823307364
 07/10  06:15:00,143.4023452575996,51.79539761749734
 07/10  06:30:00,143.38690767470482,63.530060648241886
 07/10  06:45:00,44.97999999999999,73.61703005748204
 07/10  07:00:00,97.39631057152944,88.9792520656805
 07/10  07:15:00,131.11275006213032,106.65230022490687
 07/10  07:30:00,90.98,126.81063412073655
 07/10  07:45:00,521.918946294771,148.91444096698817
 07/10  08:00:00,497.3806010300052,172.3086112790913
 07/10  08:15:00,88.98000000000002,196.8916172834897
 07/10  08:30:00,189.3732180623038,222.39552982326842
 07/10  08:45:00,189.35492825931684,250.5206203269237
 07/10  09:00:00,80.98000000000002,275.0661259450442
 07/10  09:15:00,117.35875267598708,299.8570695004251
 07/10  09:30:00,95.64666666666666,324.7767074241066
 07/10  09:45:00,163.3610466271386,345.729987210181
 07/10  10:00:00,144.94107154875823,366.90843623842005
 07/10  10:15:00,7884.692011709233,388.1781150305976
 07/10  10:30:00,631.4691476114198,409.4179286243522
 07/10  10:45:00,163.33655433592054,424.4430526289464
 07/10  11:00:00,110.98000000000002,438.98165288343347
 07/10  11:15:00,103.46947462921167,452.57761046313846
 07/10  11:30:00,44.97999999999999,465.4745654481586
 07/10  11:45:00,124.93520007698028,473.26227780840867
 07/10  12:00:00,90.98,480.3914257797717
 07/10  12:15:00,128.00097845095564,486.61448965357454
 07/10  12:30:00,44.97999999999999,491.99040210570206
 07/10  12:45:00,100.400506674342,467.72548055219227
 07/10  13:00:00,90.98,443.32442274390655
 07/10  13:15:00,143.3318860766265,418.6949178041471
 07/10  13:30:00,54.17999999999999,378.7333655165944
 07/10  13:45:00,97.32810360803973,372.0095728175576
 07/10  14:00:00,69.51333333333332,364.22605848759537
 07/10  14:15:00,143.32440083473742,356.12290129475184
 07/10  14:30:00,78.71333333333334,347.77215021577075
 07/10  14:45:00,97.32112619703628,354.64621069906366
 07/10  15:00:00,44.97999999999999,371.6131460796576
 07/10  15:15:00,577.32346866496,374.6602791287771
 07/10  15:30:00,524.98,376.3576890075802
 07/10  15:45:00,239.9787059623069,353.5678504405435
 07/10  16:00:00,64.98,331.1150704902425
 07/10  16:15:00,7920.697844598418,308.3805410533896
 07/10  16:30:00,670.5788937691744,285.7264442580867
 07/10  16:45:00,157.78,258.9132971780135
 07/10  17:00:00,350.51817828716094,228.44387468139794
 07/10  17:15:00,110.98000000000002,205.530671980901
 07/10  17:30:00,163.31587545749065,183.92193071448185
 07/10  17:45:00,1928.980000000003,160.66512520240812
 07/10  18:00:00,1972.120071138252,137.89749856269643
 07/10  18:15:00,657.6466666666668,115.72898391389798
 07/10  18:30:00,97.3203005939628,94.47750677951277
 07/10  18:45:00,87.91333333333333,76.13723204985888
 07/10  19:00:00,163.30788366952407,60.07689533767861
 07/10  19:15:00,80.31333333333333,47.06964958754522
 07/10  19:30:00,117.31167702517324,32.89834707604254
 07/10  19:45:00,83.38,26.176577544709307
 07/10  20:00:00,110.98000000000002,19.390362883881224
 07/10  20:15:00,157.20614347330527,12.570668474375514
 07/10  20:30:00,117.32126665400476,5.740471033606599
 07/10  20:45:00,64.98,4.483087041952005
 07/10  21:00:00,157.19319981929323,0.0
 07/10  21:15:00,278.98,0.0
 07/10  21:30:00,303.732746425438,0.0
 07/10  21:45:00,232.98,0.0
 07/10  22:00:00,300.6732293277856,0.0
 07/10  22:15:00,292.31333333333333,0.0
 07/10  22:30:00,140.2773790292997,0.0
 07/10  22:45:00,44.97999999999999,0.0
 07/10  23:00:00,97.3482518239494,0.0
 07/10  23:15:00,90.98,0.0
 07/10  23:30:00,143.35535224221994,0.0
 07/10  23:45:00,109.60529701101612,0.0
 07/10  24:00:00,44.97999999999999,0.0
 07/11  00:15:00,118.81222252039797,0.0
 07/11  00:30:00,90.98,0.0
 07/11  00:45:00,134.15132019018375,0.0
 07/11  01:00:00,44.97999999999999,0.0
 07/11  01:15:00,97.35778329764084,0.0
 07/11  01:30:00,140.27418556369827,0.0
 07/11  01:45:00,90.98,0.0
 07/11  02:00:00,112.68195735348476,0.0
 07/11  02:15:00,44.97999999999999,0.0
 07/11  02:30:00,115.75815012624965,0.0
 07/11  02:45:00,90.98,0.0
 07/11  03:00:00,137.23496973068157,0.0
 07/11  03:15:00,97.35158013077732,0.0
 07/11  03:30:00,44.97999999999999,0.0
 07/11  03:45:00,137.2260120487431,0.0
 07/11  04:00:00,90.98,0.0
 07/11  04:15:00,115.76380681324645,0.0
 07/11  04:30:00,97.34347686033476,0.0
 07/11  04:45:00,60.313333333333325,0.0
 07/11  05:00:00,143.34299353309706,11.257795154159853
 07/11  05:15:00,106.58,15.269327899854023
 07/11  05:30:00,377.3441683482311,20.377042198444354
 07/11  05:45:00,90.98,29.124502311769987
 07/11  06:00:00,143.3445325963383,38.11004175722959
 07/11  06:15:00,90.98,46.02312830482259
 07/11  06:30:00,143.34408928594056,54.51527202010248
 07/11  06:45:00,44.97999999999999,61.83088256377437
 07/11  07:00:00,97.34285822288312,78.01765056481159
 07/11  07:15:00,78.71333333333334,103.56206803125463
 07/11  07:30:00,143.33764305491155,137.72010576169444
 07/11  07:45:00,469.5133333333336,169.99585453655106
 07/11  08:00:00,497.3309687052957,207.9840861834947
 07/11  08:15:00,88.98000000000002,253.88010845350334
 07/11  08:30:00,189.32284858165448,300.7842361561467
 07/11  08:45:00,136.98,343.4470456275609
 07/11  09:00:00,133.31327010859133,386.3867178480664
 07/11  09:15:00,64.98,429.2387092024472
 07/11  09:30:00,147.96886816404418,471.7477071996402
 07/11  09:45:00,110.98000000000002,508.6885897796769
 07/11  10:00:00,144.8896067166218,544.161572926312
 07/11  10:15:00,7884.37336424575,578.3140579468736
 07/11  10:30:00,630.3195381922476,607.8156758997073
 07/11  10:45:00,110.98000000000002,633.7924927180475
 07/11  11:00:00,163.28760454357268,657.9853202850951
 07/11  11:15:00,51.11333333333332,680.5079763815017
 07/11  11:30:00,44.97999999999999,701.0221661902592
 07/11  11:45:00,124.88890061205764,715.1407623470596
 07/11  12:00:00,90.98,726.9930226415277
 07/11  12:15:00,127.94209145055756,736.4513794116446
 07/11  12:30:00,44.97999999999999,743.5033829522808
 07/11  12:45:00,48.04666666666666,744.4695753566039
 07/11  13:00:00,143.27418264566626,742.9867558126543
 07/11  13:15:00,90.98,739.8967034909189
 07/11  13:30:00,54.17999999999999,734.5518842940662
 07/11  13:45:00,97.27246781074918,725.333889433896
 07/11  14:00:00,69.51333333333332,713.4329857938806
 07/11  14:15:00,90.98,697.5014861758439
 07/11  14:30:00,131.00428528078976,678.8913500660984
 07/11  14:45:00,44.97999999999999,644.2900982653086
 07/11  15:00:00,44.97999999999999,613.4019828848835
 07/11  15:15:00,577.2766379668083,578.5393729166716
 07/11  15:30:00,524.98,543.3949600133549
 07/11  15:45:00,187.64666666666668,510.45611637962725
 07/11  16:00:00,117.27653548118788,476.21871275248105
 07/11  16:15:00,7908.726132393661,441.4487411533421
 07/11  16:30:00,669.7056352091342,405.5014705593618
 07/11  16:45:00,157.78,368.10758262810845
 07/11  17:00:00,298.18,330.3135489561155
 07/11  17:15:00,163.27965546795394,288.45660415622956
 07/11  17:30:00,110.98000000000002,250.52178747418472
 07/11  17:45:00,1981.279872994157,205.8359937706806
 07/11  18:00:00,1919.78,165.40868794250775
 07/11  18:15:00,657.6466666666668,129.984046174669
 07/11  18:30:00,97.28418059381264,100.29564443683586
 07/11  18:45:00,87.91333333333333,74.51544148977284
 07/11  19:00:00,110.98000000000002,57.38539117677718
 07/11  19:15:00,132.61662317927795,48.94509028617138
 07/11  19:30:00,64.98,43.334202619521925
 07/11  19:45:00,83.38,34.670940281613944
 07/11  20:00:00,163.29927387858953,25.834614728435067
 07/11  20:15:00,104.84666666666666,17.066987898884378
 07/11  20:30:00,117.29875947204636,7.055350700499439
 07/11  20:45:00,64.98,5.506176986172697
 07/11  21:00:00,157.16642758839924,0.0
 07/11  21:15:00,278.98,0.0
 07/11  21:30:00,251.38,0.0
 07/11  21:45:00,285.316355995903,0.0
 07/11  22:00:00,248.31333333333333,0.0
 07/11  22:15:00,344.64776881719683,0.0
 07/11  22:30:00,87.91333333333333,0.0
 07/11  22:45:00,97.3129485153126,0.0
 07/11  23:00:00,44.97999999999999,0.0
 07/11  23:15:00,2014.82536144277,0.0
 07/11  23:30:00,1253.5069333333329,0.0
 07/11  23:45:00,1555.7171575842535,0.0
 07/11  24:00:00,65.64239999999998,0.0
 07/12  00:15:00,118.81089920960828,0.0
 07/12  00:30:00,90.98,0.0
 07/12  00:45:00,134.13893554295427,0.0
 07/12  01:00:00,44.97999999999999,0.0
 07/12  01:15:00,97.34408921245074,0.0
 07/12  01:30:00,87.91333333333333,0.0
 07/12  01:45:00,143.34856140023203,0.0
 07/12  02:00:00,60.313333333333325,0.0
 07/12  02:15:00,97.35391534569628,0.0
 07/12  02:30:00,115.73659852171866,0.0
 07/12  02:45:00,90.98,0.0
 07/12  03:00:00,137.2101475663364,0.0
 07/12  03:15:00,44.97999999999999,0.0
 07/12  03:30:00,97.34980503296404,0.0
 07/12  03:45:00,84.84666666666666,0.0
 07/12  04:00:00,143.35639522801517,0.0
 07/12  04:15:00,115.74002402525583,0.0
 07/12  04:30:00,44.97999999999999,0.0
 07/12  04:45:00,112.68252276539212,0.0
 07/12  05:00:00,90.98,9.431049651076323
 07/12  05:15:00,158.95916516729878,13.34553742131956
 07/12  05:30:00,324.97999999999985,18.00015729908527
 07/12  05:45:00,143.36998649492045,27.886435966902027
 07/12  06:00:00,143.35514388726594,37.878567178815494
 07/12  06:15:00,90.98,47.731137360506295
 07/12  06:30:00,143.36333468577743,56.1849663666239
 07/12  06:45:00,44.97999999999999,66.07371656008665
 07/12  07:00:00,97.371328262661,84.35748563008879
 07/12  07:15:00,131.08910168874905,110.5831816282049
 07/12  07:30:00,90.98,143.29234391237307
 07/12  07:45:00,521.9056852784432,176.06234631866414
 07/12  08:00:00,444.9800000000002,210.71088029300373
 07/12  08:15:00,141.3755843199038,246.20431347328096
 07/12  08:30:00,189.3717601512937,282.2977593477496
 07/12  08:45:00,136.98,323.06496212509745
 07/12  09:00:00,133.36750565649763,372.9315002315546
 07/12  09:15:00,117.34916960370607,419.11879900007716
 07/12  09:30:00,95.64666666666666,466.920912638971
 07/12  09:45:00,163.35335371606993,492.82073816132606
 07/12  10:00:00,92.58,515.8110940215157
 07/12  10:15:00,7903.879769979016,536.2587177839049
 07/12  10:30:00,631.5366272039009,553.7665769412927
 07/12  10:45:00,163.3440748281439,575.7020137988877
 07/12  11:00:00,110.98000000000002,595.5957551841063
 07/12  11:15:00,103.48008737466122,604.9283781058784
 07/12  11:30:00,44.97999999999999,622.9683380212782
 07/12  11:45:00,124.94806560952313,635.3439435999579
 07/12  12:00:00,90.98,646.8175720085429
 07/12  12:15:00,128.01564926917823,655.5493501319925
 07/12  12:30:00,44.97999999999999,662.6999539922175
 07/12  12:45:00,100.4163651717694,645.6195677931464
 07/12  13:00:00,143.32934197956024,627.5237828288317
 07/12  13:15:00,90.98,608.3625429187416
 07/12  13:30:00,106.53171599552996,587.9246116947869
 07/12  13:45:00,44.97999999999999,576.949937368437
 07/12  14:00:00,121.86732965089335,564.6696017936342
 07/12  14:15:00,90.98,551.9186468387888
 07/12  14:30:00,131.06916086507687,538.3131736919636
 07/12  14:45:00,44.97999999999999,489.2864351164647
 07/12  15:00:00,97.33748927524393,453.68328110494207
 07/12  15:15:00,524.98,417.7811322527274
 07/12  15:30:00,577.3371991321841,382.686359793529
 07/12  15:45:00,187.64666666666668,359.6351850645629
 07/12  16:00:00,117.33636605969151,336.3573646803677
 07/12  16:15:00,7914.891412813478,313.73406473047163
 07/12  16:30:00,671.0163145417073,291.072669783987
 07/12  16:45:00,210.1262218650126,248.40104040790663
 07/12  17:00:00,298.18,214.8345960244757
 07/12  17:15:00,163.3317908591339,183.3675700792311
 07/12  17:30:00,110.98000000000002,154.59543368524982
 07/12  17:45:00,1981.351586457374,128.59989822514336
 07/12  18:00:00,1919.78,106.22925248091882
 07/12  18:15:00,710.0211894932809,85.04917860836707
 07/12  18:30:00,44.97999999999999,65.07901113337734
 07/12  18:45:00,140.28178557119162,57.84139637849358
 07/12  19:00:00,110.98000000000002,50.6105903503028
 07/12  19:15:00,132.68778556438298,43.58660145668491
 07/12  19:30:00,117.33738675576711,36.61214440885584
 07/12  19:45:00,83.38,29.11074613113367
 07/12  20:00:00,163.3449174915055,21.44675426382651
 07/12  20:15:00,104.84666666666666,13.619430532586964
 07/12  20:30:00,117.3525935136195,5.796230791786826
 07/12  20:45:00,64.98,4.521735731912538
 07/12  21:00:00,157.22734664796687,0.0
 07/12  21:15:00,331.34546109018345,0.0
 07/12  21:30:00,251.38,0.0
 07/12  21:45:00,285.3571515859628,0.0
 07/12  22:00:00,248.31333333333333,0.0
 07/12  22:15:00,344.7029354233405,0.0
 07/12  22:30:00,140.28875860619974,0.0
 07/12  22:45:00,44.97999999999999,0.0
 07/12  23:00:00,97.36925272482932,0.0
 07/12  23:15:00,1866.353,0.0
 07/12  23:30:00,1017.0793459152042,0.0
 07/12  23:45:00,194.38133834175693,0.0
 07/12  24:00:00,129.71635999999995,0.0
 07/13  00:15:00,152.7374633341088,0.0
 07/13  00:30:00,143.37674732306454,0.0
 07/13  00:45:00,81.78,0.0
 07/13  01:00:00,97.38035682933364,0.0
 07/13  01:15:00,97.3668842703789,0.0
 07/13  01:30:00,87.91333333333333,0.0
 07/13  01:45:00,143.38201185741744,0.0
 07/13  02:00:00,112.70220372251418,0.0
 07/13  02:15:00,44.97999999999999,0.0
 07/13  02:30:00,115.7836568264001,0.0
 07/13  02:45:00,143.37024133223073,0.0
 07/13  03:00:00,84.84666666666666,0.0
 07/13  03:15:00,97.38521678633802,0.0
 07/13  03:30:00,97.37179594973335,0.0
 07/13  03:45:00,84.84666666666666,0.0
 07/13  04:00:00,143.3868513406007,0.0
 07/13  04:15:00,115.7733927495915,0.0
 07/13  04:30:00,44.97999999999999,0.0
 07/13  04:45:00,112.72160570646798,0.0
 07/13  05:00:00,143.3748900645878,8.442350574448687
 07/13  05:15:00,106.58,11.746702333152852
 07/13  05:30:00,377.3870106020871,15.5798174159584
 07/13  05:45:00,143.372045604266,27.436057607361285
 07/13  06:00:00,90.98,38.855200685035726
 07/13  06:15:00,143.38029026429524,49.985187806801974
 07/13  06:30:00,143.36150658700043,60.928364203321166
 07/13  06:45:00,44.97999999999999,65.97665130196954
 07/13  07:00:00,97.3641404088818,73.19029964184644
 07/13  07:15:00,78.71333333333334,80.45622136118618
 07/13  07:30:00,143.37069924570278,85.31019177422634
 07/13  07:45:00,521.905086712123,97.57938801240657
 07/13  08:00:00,444.9800000000002,110.12631765755447
 07/13  08:15:00,141.36836868057793,122.99263129888594
 07/13  08:30:00,136.98,136.09686382303022
 07/13  08:45:00,189.36832614172383,130.83476724182162
 07/13  09:00:00,133.35178588422406,125.2394241742448
 07/13  09:15:00,64.98,119.38161519538433
 07/13  09:30:00,148.02600034305405,113.27089443231114
 07/13  09:45:00,110.98000000000002,119.34469476688517
 07/13  10:00:00,144.9666136660799,125.42507020030286
 07/13  10:15:00,117.35024419390167,131.60812604967938
 07/13  10:30:00,71.11333333333333,137.84758833677674
 07/13  10:45:00,163.35898956938,142.24284805143452
 07/13  11:00:00,110.98000000000002,146.66470039807822
 07/13  11:15:00,103.50044261893092,150.959337348617
 07/13  11:30:00,97.35017024129388,155.23597535085253
 07/13  11:45:00,72.57999999999998,156.99384584460802
 07/13  12:00:00,143.357573286094,158.7540386931004
 07/13  12:15:00,95.64666666666666,160.65497215885932
 07/13  12:30:00,117.36613862411568,162.5269292237297
 07/13  12:45:00,120.41648477808027,162.0792755245768
 07/13  13:00:00,110.98000000000002,161.60432272240828
 07/13  13:15:00,163.3589044458059,160.9491830003553
 07/13  13:30:00,74.18,160.27216550725063
 07/13  13:45:00,117.3682627401827,157.4566626731738
 07/13  14:00:00,141.8856982593253,154.62509471624315
 07/13  14:15:00,110.98000000000002,151.7954514218661
 07/13  14:30:00,151.09373839399018,148.9469036495918
 07/13  14:45:00,64.98,143.6089247645696
 07/13  15:00:00,117.3681653206378,138.3117813600685
 07/13  15:15:00,577.3637863214676,133.04865180663032
 07/13  15:30:00,524.98,127.82236185326582
 07/13  15:45:00,240.0256431244012,121.10874304173429
 07/13  16:00:00,64.98,114.446928062158
 07/13  16:15:00,138.83486171846795,107.928859363986
 07/13  16:30:00,7942.019204128008,101.45196035092067
 07/13  16:45:00,718.4310815720507,105.29117330112022
 07/13  17:00:00,350.56018666276526,108.93397958645424
 07/13  17:15:00,110.98000000000002,112.34708022357161
 07/13  17:30:00,163.37108734971912,115.4864405552463
 07/13  17:45:00,1981.3786810795527,96.51519557490496
 07/13  18:00:00,1919.78,77.93937732957241
 07/13  18:15:00,710.0457565735855,59.59280830433717
 07/13  18:30:00,44.97999999999999,41.08019536572992
 07/13  18:45:00,140.30893609313665,34.46961777998159
 07/13  19:00:00,163.35956244255877,27.846693345023517
 07/13  19:15:00,7902.934963545957,21.24683066393142
 07/13  19:30:00,625.603639170355,14.646884550763634
 07/13  19:45:00,135.76455201637535,11.536733545925962
 07/13  20:00:00,110.98000000000002,8.423484015295745
 07/13  20:15:00,157.24387457800356,5.307965741762483
 07/13  20:30:00,117.3632915831266,2.1939000977464036
 07/13  20:45:00,64.98,1.7163992657635245
 07/13  21:00:00,157.24408303887787,0.0
 07/13  21:15:00,331.3630490026841,0.0
 07/13  21:30:00,251.38,0.0
 07/13  21:45:00,285.37619831734366,0.0
 07/13  22:00:00,248.31333333333333,0.0
 07/13  22:15:00,344.7223570067336,0.0
 07/13  22:30:00,140.3081036955469,0.0
 07/13  22:45:00,44.97999999999999,0.0
 07/13  23:00:00,97.38745570033063,0.0
 07/13  23:15:00,2003.5633455315835,0.0
 07/13  23:30:00,1833.6552420000005,0.0
 07/13  23:45:00,207.3471663051245,0.0
 07/13  24:00:00,195.07896282629775,0.0
 07/14  00:15:00,164.13929666666667,0.0
 07/14  00:30:00,241.0759320514074,0.0
 07/14  00:45:00,231.86177895542124,0.0
 07/14  01:00:00,142.67263,0.0
 07/14  01:15:00,123.43383350529656,0.0
 07/14  01:30:00,140.30172692890312,0.0
 07/14  01:45:00,90.98,0.0
 07/14  02:00:00,112.71531270311829,0.0
 07/14  02:15:00,97.36715330425976,0.0
 07/14  02:30:00,63.38,0.0
 07/14  02:45:00,143.3790203767213,0.0
 07/14  03:00:00,116.77150611749896,0.0
 07/14  03:15:00,65.43951535205089,0.0
 07/14  03:30:00,97.37552182334905,0.0
 07/14  03:45:00,84.84666666666666,0.0
 07/14  04:00:00,143.38659705374323,0.0
 07/14  04:15:00,115.77198112218582,0.0
 07/14  04:30:00,44.97999999999999,0.0
 07/14  04:45:00,112.71727284254344,0.0
 07/14  05:00:00,143.36926830732165,2.672019903124485
 07/14  05:15:00,106.58,4.009187139968659
 07/14  05:30:00,377.3809190911345,5.136091057919328
 07/14  05:45:00,143.36599083572526,9.920205145229017
 07/14  06:00:00,90.98,14.707145736132029
 07/14  06:15:00,143.37757416420857,19.49708006428681
 07/14  06:30:00,143.36251957516993,24.28877064606999
 07/14  06:45:00,44.97999999999999,31.487958691279903
 07/14  07:00:00,97.37403837964835,38.68821901127336
 07/14  07:15:00,78.71333333333334,45.889159152158946
 07/14  07:30:00,143.38490996719398,53.08985706996317
 07/14  07:45:00,521.9162027329885,60.901338534204676
 07/14  08:00:00,444.9800000000002,68.76976560786032
 07/14  08:15:00,141.37957991601533,76.66228800364017
 07/14  08:30:00,189.3763300414911,84.60136290923782
 07/14  08:45:00,136.98,109.35122289191798
 07/14  09:00:00,133.37162338459265,134.55982498313185
 07/14  09:15:00,117.35479659773458,160.2477627791973
 07/14  09:30:00,95.64666666666666,186.38578944866336
 07/14  09:45:00,163.362401724679,203.26587893492473
 07/14  10:00:00,92.58,220.14164233725128
 07/14  10:15:00,117.36913368959485,237.05523031407185
 07/14  10:30:00,123.4848454210321,253.94370283471423
 07/14  10:45:00,110.98000000000002,269.6342923815568
 07/14  11:00:00,163.35725689093292,285.4141925178113
 07/14  11:15:00,51.11333333333332,301.30711371120435
 07/14  11:30:00,97.36261625425684,317.2529913689578
 07/14  11:45:00,124.94441175567184,330.42720021869195
 07/14  12:00:00,90.98,362.3814882533728
 07/14  12:15:00,148.01556349054118,376.0337491841533
 07/14  12:30:00,64.98,389.8444810060523
 07/14  12:45:00,120.4191881834295,429.81060029137916
 07/14  13:00:00,110.98000000000002,453.2899180599794
 07/14  13:15:00,163.35579062462924,476.3568987133781
 07/14  13:30:00,126.53678668700688,498.24619663796113
 07/14  13:45:00,64.98,488.42971495087687
 07/14  14:00:00,141.87310412929082,478.3824684252892
 07/14  14:15:00,110.98000000000002,467.0255599065781
 07/14  14:30:00,151.07557038751403,455.1262592055062
 07/14  14:45:00,64.98,456.1380734483441
 07/14  15:00:00,117.3441965244988,455.1350254022882
 07/14  15:15:00,524.98,464.12562232307164
 07/14  15:30:00,577.3470820295104,458.9485241001645
 07/14  15:45:00,187.64666666666668,431.6033156917048
 07/14  16:00:00,117.34979757469117,403.81539673869986
 07/14  16:15:00,138.7980743683944,374.8817668857589
 07/14  16:30:00,7931.033081577565,345.4115991172505
 07/14  16:45:00,717.9953333560975,303.68412301926986
 07/14  17:00:00,350.53343266953294,271.74036972099753
 07/14  17:15:00,110.98000000000002,242.83362240632866
 07/14  17:30:00,163.33941218525928,213.6215871684675
 07/14  17:45:00,1928.9799999999984,180.67949845894654
 07/14  18:00:00,1972.1534289094532,149.7257638229668
 07/14  18:15:00,657.6466666666668,121.0384434682648
 07/14  18:30:00,97.35986945877092,94.81681886894563
 07/14  18:45:00,87.91333333333333,77.66620257813823
 07/14  19:00:00,163.36312284404056,62.7542647519179
 07/14  19:15:00,7913.107303063379,51.15061950281408
 07/14  19:30:00,625.4279722665804,38.6165075892014
 07/14  19:45:00,135.74813065283018,30.79385668496072
 07/14  20:00:00,110.98000000000002,22.91764491295377
 07/14  20:15:00,157.22621652631074,14.794549815213635
 07/14  20:30:00,64.98,6.568469314841299
 07/14  20:45:00,117.37490932023678,5.128073512037491
 07/14  21:00:00,157.22927833246607,0.0
 07/14  21:15:00,278.98,0.0
 07/14  21:30:00,303.7737646352239,0.0
 07/14  21:45:00,285.358631766359,0.0
 07/14  22:00:00,248.31333333333333,0.0
 07/14  22:15:00,344.70377354515466,0.0
 07/14  22:30:00,87.91333333333333,0.0
 07/14  22:45:00,97.38267918697557,0.0
 07/14  23:00:00,97.36833614524316,0.0
 07/14  23:15:00,136.32598000000002,0.0
 07/14  23:30:00,982.5851021970392,0.0
 07/14  23:45:00,154.9795865816647,0.0
 07/14  24:00:00,90.32598,0.0
 07/15  00:15:00,164.19272323702998,0.0
 07/15  00:30:00,188.71186654323387,0.0
 07/15  00:45:00,127.12598,0.0
 07/15  01:00:00,142.72526117242063,0.0
 07/15  01:15:00,1068.8999186862595,0.0
 07/15  01:30:00,1324.0463253333337,0.0
 07/15  01:45:00,188.73403533677487,0.0
 07/15  02:00:00,158.06828738917204,0.0
 07/15  02:15:00,78.23371866666666,0.0
 07/15  02:30:00,115.78447327883184,0.0
 07/15  02:45:00,143.37188211549957,0.0
 07/15  03:00:00,84.84666666666666,0.0
 07/15  03:15:00,97.38859806028664,0.0
 07/15  03:30:00,97.37606484049768,0.0
 07/15  03:45:00,84.84666666666666,0.0
 07/15  04:00:00,143.3930460083767,0.0
 07/15  04:15:00,115.78050692245596,0.0
 07/15  04:30:00,44.97999999999999,0.0
 07/15  04:45:00,112.73056909165804,0.0
 07/15  05:00:00,143.38492004743233,5.7762092633606725
 07/15  05:15:00,106.58,8.664725914013786
 07/15  05:30:00,377.3987228661556,11.142609529872697
 07/15  05:45:00,143.38477023096,18.2164963513617
 07/15  06:00:00,90.98,25.278866682477627
 07/15  06:15:00,143.397806824129,32.17286704252331
 07/15  06:30:00,143.3835319265698,39.006030276499644
 07/15  06:45:00,44.97999999999999,50.04768300823405
 07/15  07:00:00,97.39582881541476,61.405139124247754
 07/15  07:15:00,131.11506202891564,73.02450538352487
 07/15  07:30:00,90.98,84.83689844227952
 07/15  07:45:00,521.9278310721105,97.42526088270841
 07/15  08:00:00,497.393885921268,110.34372528884572
 07/15  08:15:00,88.98000000000002,123.50129869212115
 07/15  08:30:00,189.39157585443485,136.9158434583683
 07/15  08:45:00,189.37650582344517,149.0333718117384
 07/15  09:00:00,80.98000000000002,161.49829833223745
 07/15  09:15:00,117.38784021520829,174.41964436493305
 07/15  09:30:00,148.0398037402405,187.65649123622575
 07/15  09:45:00,110.98000000000002,198.4569873116293
 07/15  10:00:00,144.98486634205398,209.20593545098265
 07/15  10:15:00,7897.174119251957,219.62510506494107
 07/15  10:30:00,632.0139628609973,229.94303008734033
 07/15  10:45:00,163.36999492809844,230.9658928286579
 07/15  11:00:00,110.98000000000002,231.86878185240823
 07/15  11:15:00,103.5127831138555,232.79045774234183
 07/15  11:30:00,97.36362356192124,233.57830768397213
 07/15  11:45:00,72.57999999999998,230.1155660883124
 07/15  12:00:00,143.37312266447518,226.5974281697363
 07/15  12:15:00,128.02379908467995,223.0196546343642
 07/15  12:30:00,44.97999999999999,219.36737430973142
 07/15  12:45:00,100.43329982484823,211.64309496072076
 07/15  13:00:00,90.98,203.88741238884626
 07/15  13:15:00,143.3755587094448,196.08392730297737
 07/15  13:30:00,106.55920213791272,188.26363256617952
 07/15  13:45:00,44.97999999999999,178.37552970995702
 07/15  14:00:00,121.90093138293427,168.5152261194986
 07/15  14:15:00,90.98,158.67827761511438
 07/15  14:30:00,131.10886464633074,148.87990955887122
 07/15  14:45:00,97.3588641724677,165.25757074562932
 07/15  15:00:00,44.97999999999999,181.35594816163768
 07/15  15:15:00,577.3647174661324,197.4045250356935
 07/15  15:30:00,577.3626691012089,213.22478511588508
 07/15  15:45:00,187.64666666666668,201.35799509294634
 07/15  16:00:00,117.3705307223152,189.668864090345
 07/15  16:15:00,7911.080985729459,177.95265285783935
 07/15  16:30:00,671.6222947200076,166.35755122464332
 07/15  16:45:00,210.15749567186057,141.7372233332969
 07/15  17:00:00,298.18,117.67630110189035
 07/15  17:15:00,163.3677914964629,94.19362489849013
 07/15  17:30:00,158.58788626619406,71.12385265338357
 07/15  17:45:00,1933.7435080728903,75.28894976188872
 07/15  18:00:00,1972.1722487364991,78.87683852923014
 07/15  18:15:00,657.6466666666668,81.74631596725666
 07/15  18:30:00,97.37243293289458,83.76607912563344
 07/15  18:45:00,140.3020913086969,71.43733737384314
 07/15  19:00:00,110.98000000000002,59.740484747138034
 07/15  19:15:00,132.6991288742811,48.902622682780525
 07/15  19:30:00,64.98,38.19830745095298
 07/15  19:45:00,135.7770163314193,30.47138225555151
 07/15  20:00:00,163.36219558197274,22.69974684034605
 07/15  20:15:00,104.84666666666666,14.680157199445441
 07/15  20:30:00,117.37480412287243,6.590106730847122
 07/15  20:45:00,117.36056955658356,0.0
 07/15  21:00:00,272.8466666666667,0.0
 07/15  21:15:00,331.37408838656376,0.0
 07/15  21:30:00,251.38,0.0
 07/15  21:45:00,285.38796239981474,0.0
 07/15  22:00:00,300.70790501744824,0.0
 07/15  22:15:00,292.31333333333333,0.0
 07/15  22:30:00,140.3205097777382,0.0
 07/15  22:45:00,97.37290146910672,0.0
 07/15  23:00:00,44.97999999999999,0.0
 07/15  23:15:00,143.38633860176898,0.0
 07/15  23:30:00,143.3728342686401,0.0
 07/15  23:45:00,57.246666666666655,0.0
 07/15  24:00:00,97.3874911963232,0.0
 07/16  00:15:00,118.84075250330817,0.0
 07/16  00:30:00,90.98,0.0
 07/16  00:45:00,134.18895562405058,0.0
 07/16  01:00:00,97.37577584015352,0.0
 07/16  01:15:00,44.97999999999999,0.0
 07/16  01:30:00,140.324098742496,0.0
 07/16  01:45:00,143.377616177485,0.0
 07/16  02:00:00,60.313333333333325,0.0
 07/16  02:15:00,97.39261424901646,0.0
 07/16  02:30:00,115.77927783840954,0.0
 07/16  02:45:00,90.98,0.0
 07/16  03:00:00,137.26074451682825,0.0
 07/16  03:15:00,97.38216751962594,0.0
 07/16  03:30:00,44.97999999999999,0.0
 07/16  03:45:00,137.26689978892406,0.0
 07/16  04:00:00,143.3888801153577,0.0
 07/16  04:15:00,63.38,0.0
 07/16  04:30:00,97.40723840949288,0.0
 07/16  04:45:00,112.72938156460958,0.0
 07/16  05:00:00,143.3847974652054,6.172635104917618
 07/16  05:15:00,106.58,9.259036150653506
 07/16  05:30:00,377.4001651541695,11.917720531155762
 07/16  05:45:00,143.38690345472716,18.636494027821605
 07/16  06:00:00,90.98,25.33836578982758
 07/16  06:15:00,143.401070125044,31.879180025879574
 07/16  06:30:00,143.3870128182687,38.39017405413764
 07/16  06:45:00,44.97999999999999,42.02210381681692
 07/16  07:00:00,97.39971286431408,45.63007210819566
 07/16  07:15:00,131.1200852601031,49.21653199239188
 07/16  07:30:00,90.98,52.75550043540616
 07/16  07:45:00,521.9353664145026,60.65973911858723
 07/16  08:00:00,497.3891733632556,68.59688858129604
 07/16  08:15:00,141.3934282815058,76.53846132887836
 07/16  08:30:00,136.98,84.52949043302097
 07/16  08:45:00,189.3866875234745,91.82535530833216
 07/16  09:00:00,1627.721331576265,99.16460944768
 07/16  09:15:00,64.98,106.55756641341179
 07/16  09:30:00,148.04904520604308,113.98588441218713
 07/16  09:45:00,110.98000000000002,120.0326327875643
 07/16  10:00:00,144.99483853120557,126.1412506246825
 07/16  10:15:00,7900.428334424448,132.18628311583498
 07/16  10:30:00,596.7170718714874,138.2612595293058
 07/16  10:45:00,163.37209951290276,167.54327921483974
 07/16  11:00:00,110.98000000000002,196.9349402735144
 07/16  11:15:00,103.5129602115025,226.7432976909493
 07/16  11:30:00,97.36257665002184,256.8305034280911
 07/16  11:45:00,72.57999999999998,260.172233568433
 07/16  12:00:00,143.36917531416486,263.7920320012339
 07/16  12:15:00,86.69507426481063,267.5003702811156
 07/16  12:30:00,86.31825984445602,271.1406631274428
 07/16  12:45:00,100.4301799434994,270.4630755968042
 07/16  13:00:00,90.98,269.7273002833608
 07/16  13:15:00,143.37307828846482,269.03727972089035
 07/16  13:30:00,106.5569066053703,268.2222867593553
 07/16  13:45:00,44.97999999999999,263.31191739488156
 07/16  14:00:00,121.8992173221513,258.3319139687064
 07/16  14:15:00,90.98,252.8936224542542
 07/16  14:30:00,131.10574956896653,247.39584655202967
 07/16  14:45:00,97.35487567066797,238.36419979699681
 07/16  15:00:00,44.97999999999999,229.40692189072885
 07/16  15:15:00,577.3617532281919,220.77544012030796
 07/16  15:30:00,524.98,212.18661734100957
 07/16  15:45:00,240.03615121512124,200.48076449295368
 07/16  16:00:00,117.36509471933974,188.85229961421402
 07/16  16:15:00,7908.89630549991,177.18845771864787
 07/16  16:30:00,671.0761496438,165.62384915569666
 07/16  16:45:00,210.15200754948296,163.1374020146344
 07/16  17:00:00,298.18,159.9429060993541
 07/16  17:15:00,163.3593300744336,156.16905636957944
 07/16  17:30:00,110.98000000000002,154.19340997417606
 07/16  17:45:00,1981.3702340543189,127.90208865430361
 07/16  18:00:00,1972.1669470527888,105.48559499243311
 07/16  18:15:00,657.6466666666668,84.2419224487789
 07/16  18:30:00,97.37082835645202,64.22879161382065
 07/16  18:45:00,87.91333333333333,54.054344688144994
 07/16  19:00:00,163.36687433417163,44.01185775081126
 07/16  19:15:00,132.69673224882797,33.80385997893193
 07/16  19:30:00,64.98,23.36981242955937
 07/16  19:45:00,135.76094471724446,18.259054400629118
 07/16  20:00:00,110.98000000000002,13.141509161815101
 07/16  20:15:00,157.23815724444776,8.025609321344241
 07/16  20:30:00,117.35650179932207,2.9127282465687663
 07/16  20:45:00,64.98,0.0
 07/16  21:00:00,325.23494439800913,0.0
 07/16  21:15:00,278.98,0.0
 07/16  21:30:00,303.7833124952198,0.0
 07/16  21:45:00,285.370743821345,0.0
 07/16  22:00:00,248.31333333333333,0.0
 07/16  22:15:00,344.7202749920229,0.0
 07/16  22:30:00,140.30776262279102,0.0
 07/16  22:45:00,44.97999999999999,0.0
 07/16  23:00:00,97.39136734079614,0.0
 07/16  23:15:00,1105.1111221370504,0.0
 07/16  23:30:00,150.66846000000004,0.0
 07/16  23:45:00,169.35340588757964,0.0
 07/16  24:00:00,157.0757521799677,0.0
 07/17  00:15:00,70.42589733333332,0.0
 07/17  00:30:00,143.406229050371,0.0
 07/17  00:45:00,134.19536020330253,0.0
 07/17  01:00:00,97.38447047987992,0.0
 07/17  01:15:00,44.97999999999999,0.0
 07/17  01:30:00,140.33335214279842,0.0
 07/17  01:45:00,143.38682291945474,0.0
 07/17  02:00:00,60.313333333333325,0.0
 07/17  02:15:00,97.402176143913,0.0
 07/17  02:30:00,115.78931761374446,0.0
 07/17  02:45:00,90.98,0.0
 07/17  03:00:00,137.2714598943633,0.0
 07/17  03:15:00,97.39187716954756,0.0
 07/17  03:30:00,97.37871313789594,0.0
 07/17  03:45:00,84.84666666666666,0.0
 07/17  04:00:00,143.3940832021799,0.0
 07/17  04:15:00,115.78068501252166,0.0
 07/17  04:30:00,44.97999999999999,0.0
 07/17  04:45:00,112.7286863792801,0.0
 07/17  05:00:00,143.38182440334606,2.3074574978715754
 07/17  05:15:00,106.58,3.4634616840494106
 07/17  05:30:00,377.39751005769966,4.436383608545095
 07/17  05:45:00,143.38467671166768,9.260442586460007
 07/17  06:00:00,90.98,14.08974771518747
 07/17  06:15:00,143.4002600547621,18.92076064680154
 07/17  06:30:00,143.38733859058965,23.753736035018335
 07/17  06:45:00,44.97999999999999,31.01449152971219
 07/17  07:00:00,97.40271827189846,38.27527977293632
 07/17  07:15:00,131.12249749604473,45.52766893678632
 07/17  07:30:00,143.37530924224149,52.774398980911215
 07/17  07:45:00,864.525761115852,70.14567533274513
 07/17  08:00:00,870.286653376227,87.72666706054024
 07/17  08:15:00,88.98000000000002,105.5173764821587
 07/17  08:30:00,189.38367936709855,123.56261290096698
 07/17  08:45:00,189.36777554353276,146.39647698767232
 07/17  09:00:00,3349.64918147916,169.85253443622491
 07/17  09:15:00,117.5908412373184,193.89488888591038
 07/17  09:30:00,768.7194047474845,218.4472017139071
 07/17  09:45:00,599.3829753628323,253.45830549335898
 07/17  10:00:00,466.5581292614856,282.30370067487195
 07/17  10:15:00,7911.215646839982,312.47594843286623
 07/17  10:30:00,1317.9914415053554,354.7851115609069
 07/17  10:45:00,620.4368284914226,382.5906516784054
 07/17  11:00:00,355.39005183392703,411.1599834796311
 07/17  11:15:00,51.11333333333332,440.04632187836
 07/17  11:30:00,97.35582918292312,468.8976951577865
 07/17  11:45:00,72.57999999999998,452.9400708408921
 07/17  12:00:00,143.35958925673876,436.64931548891593
 07/17  12:15:00,75.64666666666666,419.51450241950226
 07/17  12:30:00,97.36552583846382,385.929495417076
 07/17  12:45:00,100.41456063163588,359.5960394073718
 07/17  13:00:00,90.98,332.46250231367196
 07/17  13:15:00,143.3546123222526,305.68620630201326
 07/17  13:30:00,54.17999999999999,262.967031723728
 07/17  13:45:00,97.36238093760464,324.66641479660854
 07/17  14:00:00,121.87905215532288,382.21603530608286
 07/17  14:15:00,90.98,420.73728493909476
 07/17  14:30:00,131.08087884414175,456.330750425024
 07/17  14:45:00,44.97999999999999,466.8087049747156
 07/17  15:00:00,97.3481156463022,463.11783870415223
 07/17  15:15:00,524.98,460.0118347343587
 07/17  15:30:00,577.3535201888328,455.17817006335684
 07/17  15:45:00,187.64666666666668,403.55311517926657
 07/17  16:00:00,117.35904736211324,364.4410088307247
 07/17  16:15:00,7919.201903078561,325.973956538425
 07/17  16:30:00,628.2485363552955,289.5087351286481
 07/17  16:45:00,210.1401330215122,252.17297944611124
 07/17  17:00:00,298.18,211.80406799016475
 07/17  17:15:00,163.34873693784402,180.80862098944704
 07/17  17:30:00,110.98000000000002,152.3702421409843
 07/17  17:45:00,1981.36747330599,126.69909102876028
 07/17  18:00:00,1919.78,104.63306706479011
 07/17  18:15:00,710.0375379895004,83.43839817296984
 07/17  18:30:00,97.36490394384931,63.445577624694856
 07/17  18:45:00,87.91333333333333,53.272379349729455
 07/17  19:00:00,163.35704385542408,43.22241257260774
 07/17  19:15:00,80.31333333333333,33.0172075013703
 07/17  19:30:00,117.36767576047336,22.62042105206605
 07/17  19:45:00,135.75276010306584,18.447505976469024
 07/17  20:00:00,110.98000000000002,14.258539510976659
 07/17  20:15:00,157.2323167751894,10.066671384045442
 07/17  20:30:00,64.98,5.861641105451866
 07/17  20:45:00,117.38041899002802,0.0
 07/17  21:00:00,325.23440109550575,0.0
 07/17  21:15:00,278.98,0.0
 07/17  21:30:00,303.78375624136066,0.0
 07/17  21:45:00,285.3715066442389,0.0
 07/17  22:00:00,248.31333333333333,0.0
 07/17  22:15:00,344.7217221765814,0.0
 07/17  22:30:00,140.30932550317456,0.0
 07/17  22:45:00,44.97999999999999,0.0
 07/17  23:00:00,97.3932051306142,0.0
 07/17  23:15:00,143.38050173398523,0.0
 07/17  23:30:00,90.98,0.0
 07/17  23:45:00,109.66344092147678,0.0
 07/17  24:00:00,97.38433420589593,0.0
 07/18  00:15:00,66.44666666666666,0.0
 07/18  00:30:00,143.40067994692308,0.0
 07/18  00:45:00,134.18830538954,0.0
 07/18  01:00:00,44.97999999999999,0.0
 07/18  01:15:00,97.40562391667132,0.0
 07/18  01:30:00,140.32755723252134,0.0
 07/18  01:45:00,143.3827545614279,0.0
 07/18  02:00:00,60.313333333333325,0.0
 07/18  02:15:00,97.40012407126214,0.0
 07/18  02:30:00,115.78706450504184,0.0
 07/18  02:45:00,90.98,0.0
 07/18  03:00:00,137.26888672354778,0.0
 07/18  03:15:00,97.38983496091056,0.0
 07/18  03:30:00,44.97999999999999,0.0
 07/18  03:45:00,137.2730799899373,0.0
 07/18  04:00:00,143.39414696959028,0.0
 07/18  04:15:00,115.78103100051916,0.0
 07/18  04:30:00,44.97999999999999,0.0
 07/18  04:45:00,112.72971300048766,0.0
 07/18  05:00:00,143.3831387519411,3.4671773531239625
 07/18  05:15:00,106.58,5.204137209224811
 07/18  05:30:00,377.3980528568693,6.676079755872355
 07/18  05:45:00,143.38469546010765,14.502278588186313
 07/18  06:00:00,90.98,22.329310918066795
 07/18  06:15:00,143.3986831165569,30.110553114056188
 07/18  06:30:00,143.38462233729803,37.63398824651454
 07/18  06:45:00,44.97999999999999,48.5395746430219
 07/18  07:00:00,97.3974026387876,59.72510584943211
 07/18  07:15:00,131.11601764478223,71.14103952798449
 07/18  07:30:00,90.98,82.72233239910639
 07/18  07:45:00,1479.6652131374035,83.1815050497991
 07/18  08:00:00,1128.213165030376,83.40562413302531
 07/18  08:15:00,88.98000000000002,83.46323235132257
 07/18  08:30:00,189.39171250511865,83.41677291454161
 07/18  08:45:00,136.98,90.71009525248058
 07/18  09:00:00,3161.792787221809,97.99425307318035
 07/18  09:15:00,118.01380741706129,105.37790472348978
 07/18  09:30:00,872.1019413087413,112.79340167046301
 07/18  09:45:00,697.0841503480649,118.82927442045262
 07/18  10:00:00,621.573626825389,124.92515515660921
 07/18  10:15:00,7912.048725058105,131.14880844419488
 07/18  10:30:00,2260.2049902835,137.414946739937
 07/18  10:45:00,1328.6878086114596,141.80982240846782
 07/18  11:00:00,1038.8457084526217,146.22549010702662
 07/18  11:15:00,51.11333333333332,150.59304673202152
 07/18  11:30:00,97.37333833072265,154.96075782536425
 07/18  11:45:00,72.57999999999998,156.79564103884874
 07/18  12:00:00,143.38394932545873,158.6238038905921
 07/18  12:15:00,128.0349097434509,160.4203605086112
 07/18  12:30:00,44.97999999999999,162.1854371113849
 07/18  12:45:00,100.44443511368604,161.78220238691804
 07/18  13:00:00,143.36168876758586,161.3625449709157
 07/18  13:15:00,90.98,161.09418539312287
 07/18  13:30:00,106.5753344056012,160.79009750448992
 07/18  13:45:00,97.36157032599442,157.92670323697536
 07/18  14:00:00,69.51333333333332,155.0461506566965
 07/18  14:15:00,143.3740408180895,151.9660064220648
 07/18  14:30:00,78.71333333333334,148.86618063412052
 07/18  14:45:00,97.3839672591806,143.6325895830955
 07/18  15:00:00,97.36821372249436,138.43371541209723
 07/18  15:15:00,1697.8277517377082,133.28550433512456
 07/18  15:30:00,1079.2308206036948,128.17751780116686
 07/18  15:45:00,844.4571265025071,121.18887984262335
 07/18  16:00:00,542.6536181654559,114.25789022293701
 07/18  16:15:00,7933.904232880038,107.36200466724547
 07/18  16:30:00,2455.6320067813344,100.52705497274538
 07/18  16:45:00,1467.7479279346169,92.75841181266698
 07/18  17:00:00,1293.809968656851,85.04736071460681
 07/18  17:15:00,875.9120737824306,77.40582008518842
 07/18  17:30:00,773.297368042296,69.8100272436352
 07/18  17:45:00,2186.0011922696,62.08258789861586
 07/18  18:00:00,2034.3548528901008,54.35501399731881
 07/18  18:15:00,1012.967280026621,46.61985055696189
 07/18  18:30:00,623.3783593178518,38.89028947418231
 07/18  18:45:00,672.2154173789778,32.639587526498886
 07/18  19:00:00,458.9547738376812,26.391230124771056
 07/18  19:15:00,437.96884202724914,20.13524599378067
 07/18  19:30:00,443.2764620086156,13.890639652011624
 07/18  19:45:00,462.7870012181661,11.139675832720448
 07/18  20:00:00,490.7980308144564,8.391848749589226
 07/18  20:15:00,479.17973496792274,5.6506238197067065
 07/18  20:30:00,432.8886851540536,2.9125163924918773
 07/18  20:45:00,436.6524568612917,0.0
 07/18  21:00:00,503.9224661331608,0.0
 07/18  21:15:00,279.0953740047967,0.0
 07/18  21:30:00,303.9233855979564,0.0
 07/18  21:45:00,484.7057703355712,0.0
 07/18  22:00:00,490.03034037543,0.0
 07/18  22:15:00,292.31333333333333,0.0
 07/18  22:30:00,140.31020531113,0.0
 07/18  22:45:00,44.97999999999999,0.0
 07/18  23:00:00,97.37576151897692,0.0
 07/18  23:15:00,2014.878500867235,0.0
 07/18  23:30:00,1253.5069333333329,0.0
 07/18  23:45:00,1555.758058976421,0.0
 07/18  24:00:00,118.04604480127068,0.0
 07/19  00:15:00,66.44666666666666,0.0
 07/19  00:30:00,143.3763940797126,0.0
 07/19  00:45:00,81.78,0.0
 07/19  01:00:00,97.38915413359956,0.0
 07/19  01:15:00,97.37606834907425,0.0
 07/19  01:30:00,87.91333333333333,0.0
 07/19  01:45:00,143.3914814113413,0.0
 07/19  02:00:00,112.71216194600832,0.0
 07/19  02:15:00,44.97999999999999,0.0
 07/19  02:30:00,115.79341711420318,0.0
 07/19  02:45:00,143.38018617745212,0.0
 07/19  03:00:00,84.84666666666666,0.0
 07/19  03:15:00,97.39496014525425,0.0
 07/19  03:30:00,97.38172029547712,0.0
 07/19  03:45:00,84.84666666666666,0.0
 07/19  04:00:00,143.39657185971504,0.0
 07/19  04:15:00,115.78312241472608,0.0
 07/19  04:30:00,44.97999999999999,0.0
 07/19  04:45:00,112.73073403140738,0.0
 07/19  05:00:00,143.38396644793986,3.4503212344655547
 07/19  05:15:00,106.58,5.176413872885911
 07/19  05:30:00,377.39822728407705,6.642820012273659
 07/19  05:45:00,143.38481557516093,10.714003462420363
 07/19  06:00:00,134.40146866087707,14.786815561103786
 07/19  06:15:00,99.94849736408716,18.86018370129082
 07/19  06:30:00,143.3853164271856,22.93530616852581
 07/19  06:45:00,97.37145869816187,29.988725320100368
 07/19  07:00:00,44.97999999999999,37.04316031112565
 07/19  07:15:00,131.11815117342186,44.08359125291129
 07/19  07:30:00,143.37015854911567,51.121883177869655
 07/19  07:45:00,783.6735195586331,59.000375370086104
 07/19  08:00:00,822.6386090572491,66.89489000460362
 07/19  08:15:00,142.00847791356784,74.85816018606633
 07/19  08:30:00,189.87547504315364,82.87651656344727
 07/19  08:45:00,189.40611681612293,90.20346216644522
 07/19  09:00:00,1181.986348665197,97.57303664279982
 07/19  09:15:00,118.09389839546893,104.97306063174909
 07/19  09:30:00,585.2467123153912,112.40986713014091
 07/19  09:45:00,553.908136776621,118.6583427564919
 07/19  10:00:00,522.7506580337553,124.97209764174438
 07/19  10:15:00,7905.907517516619,131.34163638193976
 07/19  10:30:00,2220.4628001969354,137.7608942590103
 07/19  10:45:00,1433.8636495123592,142.1133033460117
 07/19  11:00:00,1112.511637914848,146.48583420108304
 07/19  11:15:00,51.11333333333332,150.89535727349875
 07/19  11:30:00,97.38493191127418,155.30918694190407
 07/19  11:45:00,72.57999999999998,157.18199198411446
 07/19  12:00:00,143.38213160227642,159.04199773468667
 07/19  12:15:00,128.03326286120318,160.8747772578967
 07/19  12:30:00,44.97999999999999,162.67708394290221
 07/19  12:45:00,100.44327843794568,162.30038633285335
 07/19  13:00:00,143.3608116291715,161.8961461332334
 07/19  13:15:00,90.98,161.51937342234993
 07/19  13:30:00,106.57554276020151,161.08412684564155
 07/19  13:45:00,86.13721888078238,182.77076426714063
 07/19  14:00:00,80.73758207084404,204.2265355836857
 07/19  14:15:00,143.37308610534993,225.44113969397347
 07/19  14:30:00,78.71333333333334,246.63381547554306
 07/19  14:45:00,97.37715157350864,237.4690064352669
 07/19  15:00:00,97.35798200392522,228.52063509491984
 07/19  15:15:00,1980.6100510153888,219.8082123243978
 07/19  15:30:00,1142.5557296766312,211.08886320348975
 07/19  15:45:00,969.793512286892,199.53301324983457
 07/19  16:00:00,659.1112594300421,188.06400914979463
 07/19  16:15:00,7929.713326608555,176.5512724718904
 07/19  16:30:00,2107.925167004476,165.13343556227665
 07/19  16:45:00,1404.0691042836254,140.51053214717487
 07/19  17:00:00,1275.293914435941,116.44622546872402
 07/19  17:15:00,896.7020862205791,92.94771775444025
 07/19  17:30:00,1165.2291251354677,69.84464313110368
 07/19  17:45:00,2265.308838559133,68.21478781196286
 07/19  18:00:00,2424.397653139513,66.48388832653642
 07/19  18:15:00,1304.7483471349456,64.61200288731682
 07/19  18:30:00,810.63488614287,62.61993272456866
 07/19  18:45:00,825.9064193513,52.486997993672986
 07/19  19:00:00,640.9972137231169,42.53079754985906
 07/19  19:15:00,620.0839965376621,32.3345236005718
 07/19  19:30:00,628.9180965036016,22.021179681964313
 07/19  19:45:00,457.779395608975,17.063023013591927
 07/19  20:00:00,499.09988543120784,12.101235779575731
 07/19  20:15:00,494.0952558169376,7.142681090854416
 07/19  20:30:00,454.6795679809774,2.192083794181222
 07/19  20:45:00,462.50078089746216,0.0
 07/19  21:00:00,541.2069157425829,0.0
 07/19  21:15:00,552.674745990827,0.0
 07/19  21:30:00,524.4729400293379,0.0
 07/19  21:45:00,511.35474289404976,0.0
 07/19  22:00:00,536.9334383069906,0.0
 07/19  22:15:00,292.31333333333333,0.0
 07/19  22:30:00,140.3270373700827,0.0
 07/19  22:45:00,44.97999999999999,0.0
 07/19  23:00:00,97.3983079575966,0.0
 07/19  23:15:00,1918.7713694197755,0.0
 07/19  23:30:00,1017.0869500474436,0.0
 07/19  23:45:00,141.98302666666683,0.0
 07/19  24:00:00,182.134610021336,0.0
 07/20  00:15:00,152.75155839416843,0.0
 07/20  00:30:00,90.98,0.0
 07/20  00:45:00,134.1924057520291,0.0
 07/20  01:00:00,97.37980511333365,0.0
 07/20  01:15:00,44.97999999999999,0.0
 07/20  01:30:00,140.3286823077128,0.0
 07/20  01:45:00,143.38234330379169,0.0
 07/20  02:00:00,60.313333333333325,0.0
 07/20  02:15:00,97.39783183971268,0.0
 07/20  02:30:00,115.7848687300363,0.0
 07/20  02:45:00,90.98,0.0
 07/20  03:00:00,137.26696890116537,0.0
 07/20  03:15:00,97.38771918551257,0.0
 07/20  03:30:00,44.97999999999999,0.0
 07/20  03:45:00,137.27055670027949,0.0
 07/20  04:00:00,143.3914677723923,0.0
 07/20  04:15:00,115.77920673480943,0.0
 07/20  04:30:00,44.97999999999999,0.0
 07/20  04:45:00,112.73004191331252,0.0
 07/20  05:00:00,143.38473938324293,5.394171611338443
 07/20  05:15:00,106.58,8.092967726115035
 07/20  05:30:00,377.40049034359095,10.41545629406141
 07/20  05:45:00,143.3875781459385,16.94382515489295
 07/20  06:00:00,90.98,23.46612316792668
 07/20  06:15:00,143.4023320249195,29.88912452276012
 07/20  06:30:00,143.38859990812807,36.25465046424504
 07/20  06:45:00,44.97999999999999,47.203644103313586
 07/20  07:00:00,97.40197936951444,58.40493799283011
 07/20  07:15:00,131.12060139136346,69.83696439568007
 07/20  07:30:00,871.6520443682818,81.43161502389668
 07/20  07:45:00,599.4430429708032,93.891790688828
 07/20  08:00:00,1107.6310090474071,106.61058873706764
 07/20  08:15:00,295.9554937607903,119.62554266503844
 07/20  08:30:00,340.0885190271829,132.87696668912824
 07/20  08:45:00,1172.887489551235,145.12902822889905
 07/20  09:00:00,397.8373000057311,157.54175129759204
 07/20  09:15:00,705.6609072064483,170.06900771021557
 07/20  09:30:00,687.4223858130915,182.70939627839562
 07/20  09:45:00,700.819907173575,193.23580385745265
 07/20  10:00:00,672.8180913869921,203.80720094724674
 07/20  10:15:00,626.197340781609,214.25422298873315
 07/20  10:30:00,618.2606317942407,224.7029003255465
 07/20  10:45:00,641.2323816563056,231.9437549957954
 07/20  11:00:00,620.2247559655802,239.23500087422664
 07/20  11:15:00,219.8944904226209,246.6163442471176
 07/20  11:30:00,191.7465679609925,253.9904635309773
 07/20  11:45:00,251.11063844167188,257.38063122200543
 07/20  12:00:00,144.26080409786394,260.7256726643538
 07/20  12:15:00,848.3554246448044,263.912415005212
 07/20  12:30:00,64.98,267.0005836904915
 07/20  12:45:00,372.3125671936588,309.0618290906117
 07/20  13:00:00,380.8579805653992,334.6370257783064
 07/20  13:15:00,279.88715197903326,360.6308458377793
 07/20  13:30:00,241.94483962686044,386.1267386069309
 07/20  13:45:00,222.17209901321905,378.5342605913405
 07/20  14:00:00,238.7639952776989,371.04549780608465
 07/20  14:15:00,164.6190528343161,362.1810519527803
 07/20  14:30:00,204.7551977281464,353.0807524874715
 07/20  14:45:00,118.06795582271212,338.9104526576848
 07/20  15:00:00,117.92628201086303,324.8302320086657
 07/20  15:15:00,577.5624044331341,311.34301883972165
 07/20  15:30:00,577.8158273625232,297.85183778218726
 07/20  15:45:00,240.6595393258953,279.617986823041
 07/20  16:00:00,124.07848593841436,261.8068251571667
 07/20  16:15:00,415.2212668596193,244.59469339010258
 07/20  16:30:00,7948.487017702908,227.81057146371506
 07/20  16:45:00,1209.5311606463918,218.94428133258648
 07/20  17:00:00,950.3584064736594,208.399638470917
 07/20  17:15:00,599.5072988847785,196.04896362653298
 07/20  17:30:00,991.1791228141676,181.90015661917187
 07/20  17:45:00,2122.647065465665,170.43777839267352
 07/20  18:00:00,2117.2927405711616,151.7720922537022
 07/20  18:15:00,1175.5564056101723,129.76120847700312
 07/20  18:30:00,872.8719026680766,105.46896825613354
 07/20  18:45:00,885.4946821694008,78.47733595176666
 07/20  19:00:00,567.2497075039385,60.60627569389945
 07/20  19:15:00,7927.842668867736,49.842118629751326
 07/20  19:30:00,2389.61739872944,39.06602454262659
 07/20  19:45:00,981.6902284417708,30.80223260483615
 07/20  20:00:00,921.0429311560824,22.471752322751144
 07/20  20:15:00,822.793002051638,13.930726636325652
 07/20  20:30:00,718.5400251557971,5.320913525810472
 07/20  20:45:00,684.624741333488,0.0
 07/20  21:00:00,590.5013154111823,0.0
 07/20  21:15:00,587.4176328024638,0.0
 07/20  21:30:00,538.4115056066788,0.0
 07/20  21:45:00,510.5513802284474,0.0
 07/20  22:00:00,524.1238497477791,0.0
 07/20  22:15:00,1208.743873146285,0.0
 07/20  22:30:00,87.91333333333333,0.0
 07/20  22:45:00,97.37880344571796,0.0
 07/20  23:00:00,44.97999999999999,0.0
 07/20  23:15:00,2003.5530143271296,0.0
 07/20  23:30:00,1886.056931187384,0.0
 07/20  23:45:00,154.9392966666665,0.0
 07/20  24:00:00,195.07146043539024,0.0
 07/21  00:15:00,216.5188303778867,0.0
 07/21  00:30:00,188.67263000000003,0.0
 07/21  00:45:00,231.86584556032287,0.0
 07/21  01:00:00,142.67263,0.0
 07/21  01:15:00,123.4378609031501,0.0
 07/21  01:30:00,140.3056345603638,0.0
 07/21  01:45:00,90.98,0.0
 07/21  02:00:00,112.71857400772944,0.0
 07/21  02:15:00,97.37082926611632,0.0
 07/21  02:30:00,63.38,0.0
 07/21  02:45:00,143.38337663777358,0.0
 07/21  03:00:00,137.23564174550674,0.0
 07/21  03:15:00,44.97999999999999,0.0
 07/21  03:30:00,97.38204063179536,0.0
 07/21  03:45:00,137.23452850852703,0.0
 07/21  04:00:00,90.98,0.0
 07/21  04:15:00,115.78153996564252,0.0
 07/21  04:30:00,97.36781970377828,0.0
 07/21  04:45:00,60.313333333333325,0.0
 07/21  05:00:00,143.382300637749,1.9147591767212337
 07/21  05:15:00,158.96862542199864,2.87519679141493
 07/21  05:30:00,324.97999999999985,3.682042851748504
 07/21  05:45:00,143.38319946570044,8.117765485669313
 07/21  06:00:00,143.36969147534924,12.559498298747002
 07/21  06:15:00,90.98,17.003736495291975
 07/21  06:30:00,143.38356168519033,21.450338663202842
 07/21  06:45:00,97.3696048233066,28.68790581639182
 07/21  07:00:00,44.97999999999999,35.92439533146454
 07/21  07:15:00,131.1161352474768,43.142683695818505
 07/21  07:30:00,949.5108304602198,50.356279755994336
 07/21  07:45:00,581.6934061276089,58.050496637096984
 07/21  08:00:00,1027.9003780224575,65.74713409575162
 07/21  08:15:00,308.9462671289503,73.4764083333635
 07/21  08:30:00,333.7631895237099,81.24873037756811
 07/21  08:45:00,1191.1018292659987,88.69073197338093
 07/21  09:00:00,264.7658179831046,96.16854667734039
 07/21  09:15:00,587.4786923570871,103.68781272772395
 07/21  09:30:00,573.3180923952563,111.23952711187655
 07/21  09:45:00,589.2073626390634,117.22588250277555
 07/21  10:00:00,568.2232811789427,123.27626640656405
 07/21  10:15:00,529.6932378128247,129.27695492886025
 07/21  10:30:00,526.5204707580783,135.31007373998622
 07/21  10:45:00,539.3791787541916,230.46745596635574
 07/21  11:00:00,500.1224163874553,322.8955950050012
 07/21  11:15:00,213.5316320416295,406.3973726270674
 07/21  11:30:00,44.97999999999999,504.8686763529402
 07/21  11:45:00,178.58709230803584,471.93385740728263
 07/21  12:00:00,143.81711561122142,454.2576774219665
 07/21  12:15:00,443.5575232475459,419.79631545488905
 07/21  12:30:00,64.98,382.8326086479082
 07/21  12:45:00,120.41785069721314,356.4552251953504
 07/21  13:00:00,164.38057738944934,329.2776699697017
 07/21  13:15:00,163.3517663317025,302.37101738633646
 07/21  13:30:00,126.658395869352,259.6848036800955
 07/21  13:45:00,65.03245746059888,296.1714688164995
 07/21  14:00:00,141.88078817283085,315.2356324572786
 07/21  14:15:00,110.98000000000002,333.2854996564811
 07/21  14:30:00,151.08441930265573,350.22261573918786
 07/21  14:45:00,64.98,335.96757490979263
 07/21  15:00:00,117.3544445503278,322.26238961085267
 07/21  15:15:00,577.3481429229012,308.8024674200109
 07/21  15:30:00,524.98,295.44368895728195
 07/21  15:45:00,240.0206899628149,294.36866765053963
 07/21  16:00:00,64.98,291.5450812713535
 07/21  16:15:00,139.1462175392066,294.72494732764915
 07/21  16:30:00,7930.992721891958,286.81911827327457
 07/21  16:45:00,368.2758602813891,258.52037175666345
 07/21  17:00:00,350.5325406658247,226.5409822712091
 07/21  17:15:00,110.98000000000002,202.89300091935922
 07/21  17:30:00,163.33839471616758,180.78715218418432
 07/21  17:45:00,1929.013047398124,167.4941675380183
 07/21  18:00:00,1972.1539403286636,151.91232861767068
 07/21  18:15:00,710.0197133395861,129.4861292186405
 07/21  18:30:00,807.2690285762196,104.01085942803368
 07/21  18:45:00,991.318634355276,78.10377338040641
 07/21  19:00:00,370.10025490823966,60.73421386037566
 07/21  19:15:00,7926.250012848268,49.291330930404854
 07/21  19:30:00,1797.5818029158183,39.77118316610265
 07/21  19:45:00,1135.818311492209,31.129620570544837
 07/21  20:00:00,494.6924670223447,22.35630901840797
 07/21  20:15:00,482.6729826955485,13.154623096188917
 07/21  20:30:00,442.7640067235038,3.7838029912108
 07/21  20:45:00,464.48604581506646,0.0
 07/21  21:00:00,272.8466666666667,0.0
 07/21  21:15:00,331.35585302687485,0.0
 07/21  21:30:00,251.38,0.0
 07/21  21:45:00,285.3661163268613,0.0
 07/21  22:00:00,300.6840190912567,0.0
 07/21  22:15:00,1753.9657629054327,0.0
 07/21  22:30:00,87.91333333333333,0.0
 07/21  22:45:00,97.38043369162686,0.0
 07/21  23:00:00,44.97999999999999,0.0
 07/21  23:15:00,188.7285825747741,0.0
 07/21  23:30:00,982.5893810991148,0.0
 07/21  23:45:00,102.59264666666668,0.0
 07/21  24:00:00,142.7309823807982,0.0
 07/22  00:15:00,164.19815310984416,0.0
 07/22  00:30:00,136.32598000000002,0.0
 07/22  00:45:00,179.53344547282805,0.0
 07/22  01:00:00,142.7206937572817,0.0
 07/22  01:15:00,1016.493656,0.0
 07/22  01:30:00,1376.4574724393317,0.0
 07/22  01:45:00,188.74348592267884,0.0
 07/22  02:00:00,105.65931333333332,0.0
 07/22  02:15:00,130.64995118135766,0.0
 07/22  02:30:00,115.78453239865284,0.0
 07/22  02:45:00,90.98,0.0
 07/22  03:00:00,137.26966840575008,0.0
 07/22  03:15:00,97.39062941074616,0.0
 07/22  03:30:00,44.97999999999999,0.0
 07/22  03:45:00,137.27385659065243,0.0
 07/22  04:00:00,143.39493600758365,0.0
 07/22  04:15:00,115.78300649841786,0.0
 07/22  04:30:00,44.97999999999999,0.0
 07/22  04:45:00,112.73444573817102,0.0
 07/22  05:00:00,143.38948690085172,0.0
 07/22  05:15:00,106.58,11.024638304004704
 07/22  05:30:00,377.4065313580357,14.04627207411545
 07/22  05:45:00,143.3943913374434,23.95962737777385
 07/22  06:00:00,143.38205416244554,33.85232873088064
 07/22  06:15:00,90.98,42.93323376836017
 07/22  06:30:00,143.39962922354897,52.35167045769126
 07/22  06:45:00,97.38757693087008,61.865469351838115
 07/22  07:00:00,44.97999999999999,78.63428135143846
 07/22  07:15:00,131.13375900121528,104.36901360594237
 07/22  07:30:00,143.38323557247628,137.28478652445185
 07/22  07:45:00,1260.9727749611789,170.90403423023528
 07/22  08:00:00,1148.253009986278,208.93732700314004
 07/22  08:15:00,262.538756538517,251.43772959315294
 07/22  08:30:00,203.8819837833228,297.49960987506347
 07/22  08:45:00,189.3653519062345,342.1727079231587
 07/22  09:00:00,1224.7572353612404,383.1903500462713
 07/22  09:15:00,64.98,427.16055076634206
 07/22  09:30:00,363.40899174273375,471.378419557117
 07/22  09:45:00,360.66773773281824,495.5005815624256
 07/22  10:00:00,257.4058539624549,511.6319001965183
 07/22  10:15:00,7901.874257977277,524.3297028195974
 07/22  10:30:00,717.8848082872601,532.0808642672145
 07/22  10:45:00,345.2738498725756,552.59751056097
 07/22  11:00:00,110.98000000000002,570.3611630685001
 07/22  11:15:00,103.46542951592292,580.5972363515968
 07/22  11:30:00,44.97999999999999,599.9088535569447
 07/22  11:45:00,124.93165136534996,597.5510135038077
 07/22  12:00:00,90.98,593.7299312206885
 07/22  12:15:00,127.99892232008604,587.4612663136527
 07/22  12:30:00,44.97999999999999,579.4286795665861
 07/22  12:45:00,100.40123137045578,538.408145767236
 07/22  13:00:00,90.98,481.47537783650137
 07/22  13:15:00,143.33711171021062,436.84331846826274
 07/22  13:30:00,54.17999999999999,391.1107605817011
 07/22  13:45:00,97.3399542966098,406.90244870744584
 07/22  14:00:00,69.51333333333332,419.6392160236018
 07/22  14:15:00,143.34108915157344,431.00134732444144
 07/22  14:30:00,78.71333333333334,440.70541501533245
 07/22  14:45:00,97.33987502120834,421.33016829498786
 07/22  15:00:00,44.97999999999999,402.9030183964434
 07/22  15:15:00,577.3388027825623,386.1184200955042
 07/22  15:30:00,524.98,369.35521273756376
 07/22  15:45:00,240.0048385255174,374.7948513564296
 07/22  16:00:00,64.98,384.42766317922417
 07/22  16:15:00,7930.046436603791,380.3467652761992
 07/22  16:30:00,643.7671951890038,371.6878981900161
 07/22  16:45:00,157.78,342.0122144224401
 07/22  17:00:00,350.5363118880384,310.8665969321164
 07/22  17:15:00,110.98000000000002,282.7539857987493
 07/22  17:30:00,163.3374027829779,246.78997079819706
 07/22  17:45:00,1928.980000000003,197.8377064830696
 07/22  18:00:00,1972.1387201888583,159.08615161003996
 07/22  18:15:00,657.6466666666668,126.38155656162515
 07/22  18:30:00,97.3402755804727,100.01811023747842
 07/22  18:45:00,140.26454693601545,76.98634617673406
 07/22  19:00:00,110.98000000000002,59.491034518568085
 07/22  19:15:00,132.65863173541993,48.493333879452024
 07/22  19:30:00,64.98,37.31575322100414
 07/22  19:45:00,135.7338100194088,28.9890072235068
 07/22  20:00:00,110.98000000000002,20.56873082746273
 07/22  20:15:00,157.2099732746346,11.797733930819746
 07/22  20:30:00,64.98,3.0150671044749937
 07/22  20:45:00,117.35358625871322,0.0
 07/22  21:00:00,272.8466666666667,0.0
 07/22  21:15:00,331.36422388635486,0.0
 07/22  21:30:00,303.74893033804364,0.0
 07/22  21:45:00,232.98,0.0
 07/22  22:00:00,300.693571710841,0.0
 07/22  22:15:00,292.31333333333333,0.0
 07/22  22:30:00,140.30564217693188,0.0
 07/22  22:45:00,97.35806783429425,0.0
 07/22  23:00:00,44.97999999999999,0.0
 07/22  23:15:00,143.37120299250645,0.0
 07/22  23:30:00,98.54446413566498,0.0
 07/22  23:45:00,102.07765420480088,0.0
 07/22  24:00:00,97.37105589553374,0.0
 07/23  00:15:00,66.44666666666666,0.0
 07/23  00:30:00,143.38450040665285,0.0
 07/23  00:45:00,134.1707886234387,0.0
 07/23  01:00:00,44.97999999999999,0.0
 07/23  01:15:00,97.38482612530711,0.0
 07/23  01:30:00,140.30455965783628,0.0
 07/23  01:45:00,90.98,0.0
 07/23  02:00:00,112.7190775026169,0.0
 07/23  02:15:00,97.37257643196244,0.0
 07/23  02:30:00,63.38,0.0
 07/23  02:45:00,143.38810489162393,0.0
 07/23  03:00:00,137.24194609348086,0.0
 07/23  03:15:00,44.97999999999999,0.0
 07/23  03:30:00,97.3908066755684,0.0
 07/23  03:45:00,137.24459321874758,0.0
 07/23  04:00:00,90.98,0.0
 07/23  04:15:00,115.79374269666488,0.0
 07/23  04:30:00,97.38093031579008,0.0
 07/23  04:45:00,60.313333333333325,0.0
 07/23  05:00:00,143.3969219679771,0.0
 07/23  05:15:00,158.98347198259938,10.37805130188765
 07/23  05:30:00,324.97999999999985,13.234830185292196
 07/23  05:45:00,143.39779070173904,23.265993474611363
 07/23  06:00:00,143.38425649708256,33.260637894441224
 07/23  06:15:00,90.98,43.1049443566487
 07/23  06:30:00,143.3922360862137,51.84272414122691
 07/23  06:45:00,97.3750759881016,60.6535932351403
 07/23  07:00:00,44.97999999999999,76.56752169296371
 07/23  07:15:00,131.11331715855107,102.0171023313539
 07/23  07:30:00,143.36073380604546,135.44452359986107
 07/23  07:45:00,2121.7165768430864,169.2147349920442
 07/23  08:00:00,1214.5299782678776,208.2157250281474
 07/23  08:15:00,88.98000000000002,252.4108304249474
 07/23  08:30:00,189.3612013610833,304.7237840344935
 07/23  08:45:00,136.98,348.84689781753855
 07/23  09:00:00,970.7756290638288,393.27262628969964
 07/23  09:15:00,64.98,436.82263225969086
 07/23  09:30:00,147.99193390092432,479.45825448261303
 07/23  09:45:00,110.98000000000002,512.5879286845811
 07/23  10:00:00,144.91762574454123,543.4288317801395
 07/23  10:15:00,7883.3486011312625,575.5834882993994
 07/23  10:30:00,541.958298855514,606.0796389704898
 07/23  10:45:00,110.98000000000002,633.1006564197478
 07/23  11:00:00,163.3201018514921,658.5049117668531
 07/23  11:15:00,51.11333333333332,681.2046425878214
 07/23  11:30:00,97.31261991479116,696.9544585511466
 07/23  11:45:00,72.57999999999998,710.7247809974102
 07/23  12:00:00,143.30418700274345,722.2163278356533
 07/23  12:15:00,75.64666666666666,733.1507587979874
 07/23  12:30:00,97.29726853840646,741.8220301860241
 07/23  12:45:00,48.04666666666666,748.9223636749966
 07/23  13:00:00,90.98,753.6158223096281
 07/23  13:15:00,143.30695412596685,756.0044106805742
 07/23  13:30:00,54.17999999999999,755.8806491671653
 07/23  13:45:00,97.2999272396248,740.9389754753373
 07/23  14:00:00,69.51333333333332,724.2665197096171
 07/23  14:15:00,143.2925885515496,702.8377498106115
 07/23  14:30:00,78.71333333333334,684.9840289204474
 07/23  14:45:00,44.97999999999999,658.8201007119169
 07/23  15:00:00,97.3016258813716,631.1471690847843
 07/23  15:15:00,524.98,603.765155400165
 07/23  15:30:00,577.3021560183406,574.7261343527956
 07/23  15:45:00,187.64666666666668,538.6484766296453
 07/23  16:00:00,64.98,501.7461148735598
 07/23  16:15:00,7928.47015811551,464.0366356372142
 07/23  16:30:00,669.0028624488524,425.58011875154426
 07/23  16:45:00,157.78,347.3698614332648
 07/23  17:00:00,350.49679667505166,282.9691070135641
 07/23  17:15:00,110.98000000000002,222.83654134916844
 07/23  17:30:00,163.29396652339366,172.46397714889315
 07/23  17:45:00,1928.980000000003,144.14603663522504
 07/23  18:00:00,1919.78,118.3020970427055
 07/23  18:15:00,709.9788622683138,95.43310892096203
 07/23  18:30:00,44.97999999999999,75.62861949835585
 07/23  18:45:00,140.24568305816808,62.83612670703314
 07/23  19:00:00,110.98000000000002,50.333270074794164
 07/23  19:15:00,132.64637997164326,38.253151758739094
 07/23  19:30:00,64.98,25.704600387864783
 07/23  19:45:00,135.7141336355492,20.025132806445967
 07/23  20:00:00,110.98000000000002,14.318863628716816
 07/23  20:15:00,157.18358417023356,8.594467539647445
 07/23  20:30:00,64.98,2.97834367326898
 07/23  20:45:00,117.32170404163642,0.0
 07/23  21:00:00,272.8466666666667,0.0
 07/23  21:15:00,331.32758728979906,0.0
 07/23  21:30:00,251.38,0.0
 07/23  21:45:00,285.3345044578978,0.0
 07/23  22:00:00,248.31333333333333,0.0
 07/23  22:15:00,344.67356786889013,0.0
 07/23  22:30:00,87.91333333333333,0.0
 07/23  22:45:00,97.3439370224567,0.0
 07/23  23:00:00,44.97999999999999,0.0
 07/23  23:15:00,1105.0672274257631,0.0
 07/23  23:30:00,150.66845999999998,0.0
 07/23  23:45:00,169.31058867328468,0.0
 07/23  24:00:00,157.02695819225988,0.0
 07/24  00:15:00,70.42589733333332,0.0
 07/24  00:30:00,143.34006931550672,0.0
 07/24  00:45:00,81.78,0.0
 07/24  01:00:00,97.34089559729976,0.0
 07/24  01:15:00,44.97999999999999,0.0
 07/24  01:30:00,140.27753304991802,0.0
 07/24  01:45:00,90.98,0.0
 07/24  02:00:00,112.68081537634905,0.0
 07/24  02:15:00,44.97999999999999,0.0
 07/24  02:30:00,115.75716042727288,0.0
 07/24  02:45:00,143.34203873874512,0.0
 07/24  03:00:00,84.84666666666666,0.0
 07/24  03:15:00,97.35225514472953,0.0
 07/24  03:30:00,44.97999999999999,0.0
 07/24  03:45:00,137.22821453609248,0.0
 07/24  04:00:00,143.34575095636092,0.0
 07/24  04:15:00,63.38,0.0
 07/24  04:30:00,97.35611187697415,0.0
 07/24  04:45:00,60.313333333333325,0.0
 07/24  05:00:00,143.36700222392108,0.0
 07/24  05:15:00,158.95111958178114,3.977563919753628
 07/24  05:30:00,324.97999999999985,5.1055571269907505
 07/24  05:45:00,143.3610837121318,8.950652763586799
 07/24  06:00:00,90.98,12.799796296635876
 07/24  06:15:00,143.3709876984057,16.646389187290318
 07/24  06:30:00,143.35525249459772,20.49425782916872
 07/24  06:45:00,44.97999999999999,27.47373025700805
 07/24  07:00:00,97.36534691518652,34.457527969158924
 07/24  07:15:00,78.71333333333334,41.46797022342551
 07/24  07:30:00,143.37688279621796,48.48781401328928
 07/24  07:45:00,890.9917597903811,56.20561250765806
 07/24  08:00:00,497.3732499878258,63.91376221711312
 07/24  08:15:00,88.98000000000002,71.69446010705258
 07/24  08:30:00,189.37323783691664,79.54173974178946
 07/24  08:45:00,136.98,87.08261135065663
 07/24  09:00:00,133.38659079888552,94.6824703383607
 07/24  09:15:00,117.37094116462892,102.23371753395284
 07/24  09:30:00,95.64666666666666,109.824143591904
 07/24  09:45:00,163.38041948115517,180.43389561904425
 07/24  10:00:00,144.96439839328218,250.07467277886377
 07/24  10:15:00,7888.187548289529,333.96444897717674
 07/24  10:30:00,623.2066053522324,410.24002866204665
 07/24  10:45:00,163.36960496920278,426.69389347499504
 07/24  11:00:00,110.98000000000002,443.73323703646105
 07/24  11:15:00,103.51413051577208,459.8049716795702
 07/24  11:30:00,97.36445349403184,475.431861095741
 07/24  11:45:00,72.57999999999998,484.3400427897624
 07/24  12:00:00,143.3726794131009,492.563574753917
 07/24  12:15:00,128.02260734679035,499.97999509948704
 07/24  12:30:00,44.97999999999999,506.5672755546948
 07/24  12:45:00,100.43036279496631,506.36179067996585
 07/24  13:00:00,90.98,505.3651966924265
 07/24  13:15:00,143.37057469005,503.49565922641597
 07/24  13:30:00,106.55305046652876,500.7527289281555
 07/24  13:45:00,44.97999999999999,489.7567624607665
 07/24  14:00:00,121.89227400648896,478.33465893371334
 07/24  14:15:00,90.98,466.52934092633734
 07/24  14:30:00,131.09741889250495,440.80905490528613
 07/24  14:45:00,97.34578210182832,474.94797995951376
 07/24  15:00:00,44.97999999999999,503.3434081465996
 07/24  15:15:00,577.358210574947,513.188778745214
 07/24  15:30:00,524.98,528.5022873810399
 07/24  15:45:00,240.0209457022492,440.2430047757593
 07/24  16:00:00,64.98,368.46524654757854
 07/24  16:15:00,7928.853455838524,294.57586628419324
 07/24  16:30:00,671.34106357447,227.85917993447595
 07/24  16:45:00,210.1559795989476,206.76986686636178
 07/24  17:00:00,298.18,186.5000668988873
 07/24  17:15:00,163.36866995125123,167.06195561422135
 07/24  17:30:00,110.98000000000002,146.23094268176663
 07/24  17:45:00,1981.3765869838423,127.97665787811054
 07/24  18:00:00,1972.1683254869456,110.39590474140682
 07/24  18:15:00,657.6466666666668,93.73327417277132
 07/24  18:30:00,97.38063063259608,77.80171386982624
 07/24  18:45:00,140.30761607325547,64.37261594212002
 07/24  19:00:00,110.98000000000002,51.358149767513225
 07/24  19:15:00,132.70836526361626,38.79407236617195
 07/24  19:30:00,89.786801836771,25.745620622243848
 07/24  19:45:00,110.95686662557225,20.039302242928223
 07/24  20:00:00,163.3720294736745,14.32960883548902
 07/24  20:15:00,104.84666666666666,8.624877873034706
 07/24  20:30:00,117.38419676594144,3.047925925363105
 07/24  20:45:00,117.36973986935764,0.0
 07/24  21:00:00,272.8466666666667,0.0
 07/24  21:15:00,331.3823686974962,0.0
 07/24  21:30:00,303.7681543124102,0.0
 07/24  21:45:00,232.98,0.0
 07/24  22:00:00,300.7146711592377,0.0
 07/24  22:15:00,344.7007500082341,0.0
 07/24  22:30:00,87.91333333333333,0.0
 07/24  22:45:00,97.3813911213088,0.0
 07/24  23:00:00,97.36766790028412,0.0
 07/24  23:15:00,90.98,0.0
 07/24  23:30:00,143.38215176300946,0.0
 07/24  23:45:00,109.63530888337132,0.0
 07/24  24:00:00,44.97999999999999,0.0
 07/25  00:15:00,118.84977987754228,0.0
 07/25  00:30:00,143.36926630662293,0.0
 07/25  00:45:00,81.78,0.0
 07/25  01:00:00,97.38341650490644,0.0
 07/25  01:15:00,97.36911945336284,0.0
 07/25  01:30:00,87.91333333333333,0.0
 07/25  01:45:00,143.38220156633025,0.0
 07/25  02:00:00,112.7011144661997,0.0
 07/25  02:15:00,44.97999999999999,0.0
 07/25  02:30:00,115.78313214911708,0.0
 07/25  02:45:00,143.37004394298972,0.0
 07/25  03:00:00,84.84666666666666,0.0
 07/25  03:15:00,97.38514849588262,0.0
 07/25  03:30:00,97.37142251019353,0.0
 07/25  03:45:00,84.84666666666666,0.0
 07/25  04:00:00,143.38577156000744,0.0
 07/25  04:15:00,115.7727320504454,0.0
 07/25  04:30:00,44.97999999999999,0.0
 07/25  04:45:00,112.72198695899772,0.0
 07/25  05:00:00,143.3758683635533,0.0
 07/25  05:15:00,106.58,4.031777993550746
 07/25  05:30:00,377.3911676682164,5.174321290995069
 07/25  05:45:00,143.37802973217492,8.88087971865086
 07/25  06:00:00,90.98,12.588888726469367
 07/25  06:15:00,143.3932428961802,16.297754210756562
 07/25  06:30:00,143.37999900137146,20.00863938078166
 07/25  06:45:00,44.97999999999999,27.075012928303167
 07/25  07:00:00,97.39502458491174,34.14243671248292
 07/25  07:15:00,131.11463922738943,41.20371523595274
 07/25  07:30:00,90.98,48.2621640251741
 07/25  07:45:00,1428.4837606931037,68.04114383603967
 07/25  08:00:00,497.39345698656825,88.06866779933011
 07/25  08:15:00,88.98000000000002,108.47775499441146
 07/25  08:30:00,189.3907781788765,129.30451535842832
 07/25  08:45:00,189.37548030095803,141.62212926430547
 07/25  09:00:00,1841.157549626265,154.0984079242316
 07/25  09:15:00,64.98,166.60935476143462
 07/25  09:30:00,148.04099648930077,179.19974835606195
 07/25  09:45:00,110.98000000000002,189.5904668460733
 07/25  10:00:00,144.98080756513409,200.0238963945874
 07/25  10:15:00,7897.631124498449,210.66975611086391
 07/25  10:30:00,567.6375920653572,221.34871659738562
 07/25  10:45:00,163.360045106626,228.82455317608424
 07/25  11:00:00,110.98000000000002,236.36108026845022
 07/25  11:15:00,103.50059793154084,243.92647159554554
 07/25  11:30:00,97.35112911679222,251.484044565899
 07/25  11:45:00,72.57999999999998,255.2090815392787
 07/25  12:00:00,143.36050854908714,258.87724769178146
 07/25  12:15:00,75.64666666666666,262.4266166691452
 07/25  12:30:00,97.3694777330758,265.8713195110531
 07/25  12:45:00,100.41994172511778,265.19772834396116
 07/25  13:00:00,90.98,264.4632149856745
 07/25  13:15:00,143.36201296276468,263.52956565821137
 07/25  13:30:00,54.17999999999999,262.470398048041
 07/25  13:45:00,97.37016392147382,256.9171162995981
 07/25  14:00:00,121.88688144131744,251.32766848318113
 07/25  14:15:00,90.98,245.77007659640836
 07/25  14:30:00,131.09740194101616,240.10399376202528
 07/25  14:45:00,44.97999999999999,230.84315104644588
 07/25  15:00:00,97.37485253442507,221.58352868494495
 07/25  15:15:00,577.3734406492681,213.25880541387676
 07/25  15:30:00,524.98,204.95984934755725
 07/25  15:45:00,240.04076504425592,193.8742449810118
 07/25  16:00:00,117.37354322776568,182.82012618762033
 07/25  16:15:00,7906.669989020613,171.24920224876288
 07/25  16:30:00,670.9209472195029,159.76225210354826
 07/25  16:45:00,210.1634825572614,156.5782637995963
 07/25  17:00:00,298.18,152.64476853856982
 07/25  17:15:00,163.36970638326935,148.6289542028609
 07/25  17:30:00,163.35124329856046,146.6371022625999
 07/25  17:45:00,1928.98,120.50270275097716
 07/25  18:00:00,1972.1631288612064,98.48263383317898
 07/25  18:15:00,657.6466666666668,77.62209366840337
 07/25  18:30:00,97.37042309924666,57.90041189636881
 07/25  18:45:00,140.2942556174908,48.15804335569251
 07/25  19:00:00,110.98000000000002,38.4385310921008
 07/25  19:15:00,132.70513116306338,28.391671230869562
 07/25  19:30:00,64.98,18.31719556548106
 07/25  19:45:00,135.77165519235305,14.117035820350342
 07/25  20:00:00,163.35740975485578,9.901530647071876
 07/25  20:15:00,104.84666666666666,5.681147488944522
 07/25  20:30:00,117.37064012334024,1.5258834241770136
 07/25  20:45:00,64.98,0.0
 07/25  21:00:00,325.25107665429783,0.0
 07/25  21:15:00,331.3710112235684,0.0
 07/25  21:30:00,251.38,0.0
 07/25  21:45:00,285.3859053967382,0.0
 07/25  22:00:00,300.7063031964091,0.0
 07/25  22:15:00,292.31333333333333,0.0
 07/25  22:30:00,140.31908772313693,0.0
 07/25  22:45:00,97.37145122005668,0.0
 07/25  23:00:00,44.97999999999999,0.0
 07/25  23:15:00,2014.886477224671,0.0
 07/25  23:30:00,1305.9104501782472,0.0
 07/25  23:45:00,1503.3613333333335,0.0
 07/25  24:00:00,118.05187174244644,0.0
 07/26  00:15:00,118.85425690792512,0.0
 07/26  00:30:00,90.98,0.0
 07/26  00:45:00,134.18466352112742,0.0
 07/26  01:00:00,97.37163964809582,0.0
 07/26  01:15:00,44.97999999999999,0.0
 07/26  01:30:00,140.31880418012176,0.0
 07/26  01:45:00,143.37155029198365,0.0
 07/26  02:00:00,60.313333333333325,0.0
 07/26  02:15:00,97.3847080807516,0.0
 07/26  02:30:00,115.7700318680768,0.0
 07/26  02:45:00,90.98,0.0
 07/26  03:00:00,137.2487920817843,0.0
 07/26  03:15:00,97.36804307794446,0.0
 07/26  03:30:00,44.97999999999999,0.0
 07/26  03:45:00,137.24832858603548,0.0
 07/26  04:00:00,143.36762040086495,0.0
 07/26  04:15:00,63.38,0.0
 07/26  04:30:00,97.37994743688854,0.0
 07/26  04:45:00,60.313333333333325,0.0
 07/26  05:00:00,143.39178059480102,0.0
 07/26  05:15:00,158.97742209865544,3.442812504460396
 07/26  05:30:00,324.97999999999985,4.417450135802462
 07/26  05:45:00,143.3897191494462,11.2642092850244
 07/26  06:00:00,143.37527112754367,18.11640339160497
 07/26  06:15:00,90.98,24.953526956896656
 07/26  06:30:00,143.38570094345982,31.780052197625324
 07/26  06:45:00,97.38340924083376,47.40609891841042
 07/26  07:00:00,44.97999999999999,63.319859027772594
 07/26  07:15:00,131.11372100745794,80.18429635956292
 07/26  07:30:00,143.36495836338523,97.93490829557763
 07/26  07:45:00,2001.5888299218648,115.08022698224715
 07/26  08:00:00,958.52014939445,132.7260711813922
 07/26  08:15:00,88.98000000000002,150.9209972652522
 07/26  08:30:00,189.3771471154968,169.53151007977408
 07/26  08:45:00,136.98,202.99448626390537
 07/26  09:00:00,2225.9629469181664,235.5309906677585
 07/26  09:15:00,64.98,270.1583723411763
 07/26  09:30:00,366.3617342714608,314.6284154582213
 07/26  09:45:00,474.7526959402721,335.60833454730346
 07/26  10:00:00,145.57350764799753,356.40996078530173
 07/26  10:15:00,7898.146622460872,377.90239392040496
 07/26  10:30:00,512.967894565008,399.0563738210888
 07/26  10:45:00,163.3520737952722,415.21895547294145
 07/26  11:00:00,110.98000000000002,431.3127031633604
 07/26  11:15:00,103.49125840298277,447.0765834000961
 07/26  11:30:00,44.97999999999999,462.4786263740225
 07/26  11:45:00,124.96329115026305,471.0878713041032
 07/26  12:00:00,143.3452460508852,479.1034431476755
 07/26  12:15:00,75.64666666666666,486.4140010211857
 07/26  12:30:00,97.35014708715408,492.92772452684216
 07/26  12:45:00,48.04666666666666,469.3422871111054
 07/26  13:00:00,143.35458181250178,445.35661748423786
 07/26  13:15:00,90.98,420.53522221259556
 07/26  13:30:00,106.56141519270984,379.3099732271877
 07/26  13:45:00,97.34438418880045,372.53297229327507
 07/26  14:00:00,69.51333333333332,364.83592482179364
 07/26  14:15:00,143.35051411888065,356.1858848527713
 07/26  14:30:00,78.71333333333334,347.28962877559275
 07/26  14:45:00,97.35521964731905,401.8664588694353
 07/26  15:00:00,44.97999999999999,448.4793635959368
 07/26  15:15:00,577.3587074746749,478.17091627135136
 07/26  15:30:00,577.3508756195631,502.81694438689266
 07/26  15:45:00,187.64666666666668,471.80542717735534
 07/26  16:00:00,117.34111485423604,440.9837675975665
 07/26  16:15:00,7910.447398226613,408.8513224954817
 07/26  16:30:00,668.7096221828516,375.64657085099714
 07/26  16:45:00,210.13248405212656,337.18796348539985
 07/26  17:00:00,298.18,299.3911714049652
 07/26  17:15:00,163.33647525839342,262.74613380352065
 07/26  17:30:00,110.98000000000002,227.10556731021188
 07/26  17:45:00,1981.3499952730456,191.8012865372604
 07/26  18:00:00,1919.78,158.42569163176572
 07/26  18:15:00,710.0236910617759,127.50163668494636
 07/26  18:30:00,44.97999999999999,99.7457685899312
 07/26  18:45:00,140.2936626586299,74.36081223699334
 07/26  19:00:00,163.34460726164355,57.2550381307418
 07/26  19:15:00,80.31333333333333,46.10300741058191
 07/26  19:30:00,117.35612598999327,36.66582125706873
 07/26  19:45:00,83.38,28.675165493236303
 07/26  20:00:00,163.36866170349683,20.59988422059024
 07/26  20:15:00,157.22134089507733,12.420136300369506
 07/26  20:30:00,64.98,3.8023417013694907
 07/26  20:45:00,117.36897518688772,0.0
 07/26  21:00:00,272.8466666666667,0.0
 07/26  21:15:00,331.384055003075,0.0
 07/26  21:30:00,303.77133889428063,0.0
 07/26  21:45:00,232.98,0.0
 07/26  22:00:00,300.7211990117137,0.0
 07/26  22:15:00,344.70783899315524,0.0
 07/26  22:30:00,87.91333333333333,0.0
 07/26  22:45:00,97.38942352753728,0.0
 07/26  23:00:00,97.3763391677104,0.0
 07/26  23:15:00,1866.353,0.0
 07/26  23:30:00,1017.091265703334,0.0
 07/26  23:45:00,194.40068856869195,0.0
 07/26  24:00:00,129.71635999999995,0.0
 07/27  00:15:00,152.75396312365643,0.0
 07/27  00:30:00,143.3932629201732,0.0
 07/27  00:45:00,81.78,0.0
 07/27  01:00:00,97.39398407649183,0.0
 07/27  01:15:00,97.37964377655044,0.0
 07/27  01:30:00,87.91333333333333,0.0
 07/27  01:45:00,143.39199588351008,0.0
 07/27  02:00:00,112.71070526621968,0.0
 07/27  02:15:00,44.97999999999999,0.0
 07/27  02:30:00,115.79270351997,0.0
 07/27  02:45:00,143.37986190980888,0.0
 07/27  03:00:00,84.84666666666666,0.0
 07/27  03:15:00,97.3951054633992,0.0
 07/27  03:30:00,97.38181438546698,0.0
 07/27  03:45:00,84.84666666666666,0.0
 07/27  04:00:00,143.39656189827903,0.0
 07/27  04:15:00,115.78352286066884,0.0
 07/27  04:30:00,44.97999999999999,0.0
 07/27  04:45:00,112.73209521393892,0.0
 07/27  05:00:00,143.38585389663865,0.0
 07/27  05:15:00,106.58,3.460060599753093
 07/27  05:30:00,377.3973703697113,4.622051163868271
 07/27  05:45:00,143.3823265381274,8.166726356729152
 07/27  06:00:00,90.98,11.904206632904422
 07/27  06:15:00,143.39378449080905,15.596731190521353
 07/27  06:30:00,143.37933707694654,19.275746485642838
 07/27  06:45:00,44.97999999999999,26.303458696675495
 07/27  07:00:00,97.39135056479898,33.3189565855789
 07/27  07:15:00,131.1098749745592,40.35054484724111
 07/27  07:30:00,2934.011025654501,47.3742714767216
 07/27  07:45:00,469.5133333333336,55.097773136783864
 07/27  08:00:00,859.4072699027355,62.75286623864466
 07/27  08:15:00,88.98000000000002,70.39779121574874
 07/27  08:30:00,189.38708247420269,78.11626802841884
 07/27  08:45:00,1919.548801851006,102.27560678133796
 07/27  09:00:00,80.98000000000002,126.7972629930059
 07/27  09:15:00,411.492982556221,151.65812577811133
 07/27  09:30:00,444.99409222753246,176.90506559973184
 07/27  09:45:00,339.5219046446566,205.99784752379628
 07/27  10:00:00,292.1315490896764,245.87181965932265
 07/27  10:15:00,209.0306762883481,278.31498182203154
 07/27  10:30:00,123.98972982127948,311.7306082811067
 07/27  10:45:00,111.01139813599106,337.1335537475938
 07/27  11:00:00,163.3701362261867,363.23049879275146
 07/27  11:15:00,103.4849407536326,402.3650577853264
 07/27  11:30:00,44.97999999999999,427.96370578596935
 07/27  11:45:00,124.95499437179188,448.02735863491785
 07/27  12:00:00,90.98,467.7973984894573
 07/27  12:15:00,148.02444301907275,487.9759479578886
 07/27  12:30:00,117.3384573027543,507.5309264402238
 07/27  12:45:00,68.04666666666667,520.0704985400997
 07/27  13:00:00,163.34060279016012,546.7584557937882
 07/27  13:15:00,110.98000000000002,556.7056522843673
 07/27  13:30:00,126.54199251708089,565.9146406491164
 07/27  13:45:00,64.98,553.6156436158728
 07/27  14:00:00,141.8759761505709,541.3605963304528
 07/27  14:15:00,110.98000000000002,528.9411469769236
 07/27  14:30:00,151.08089149719592,515.7910338045748
 07/27  14:45:00,64.98,498.3255453117473
 07/27  15:00:00,117.35283899322314,479.8531362293429
 07/27  15:15:00,577.3459457717073,460.11290751187045
 07/27  15:30:00,524.98,439.2143726085332
 07/27  15:45:00,240.00605464100124,435.32313630972624
 07/27  16:00:00,64.98,426.79575864632244
 07/27  16:15:00,138.80877695857183,422.94961624510756
 07/27  16:30:00,7931.106461069534,405.0728816472872
 07/27  16:45:00,545.7345392836353,366.0685730200825
 07/27  17:00:00,350.5282515954532,327.0128598675374
 07/27  17:15:00,110.98000000000002,287.3176112239118
 07/27  17:30:00,163.33225157856583,247.4406680911045
 07/27  17:45:00,1928.98,203.607063143536
 07/27  18:00:00,1972.1439155420896,163.3902062163263
 07/27  18:15:00,657.6466666666668,127.40704913704458
 07/27  18:30:00,97.35217655279854,95.74922992794737
 07/27  18:45:00,87.91333333333333,69.79814325588775
 07/27  19:00:00,163.34603185760622,52.070609731259346
 07/27  19:15:00,7908.426374403069,43.83660200105024
 07/27  19:30:00,622.8334971928773,35.819840482680675
 07/27  19:45:00,135.73836674910737,28.00889039366396
 07/27  20:00:00,110.98000000000002,20.125106086570668
 07/27  20:15:00,157.21483038559182,12.155020562956222
 07/27  20:30:00,64.98,3.7852710334698174
 07/27  20:45:00,117.36089249289276,0.0
 07/27  21:00:00,272.8466666666667,0.0
 07/27  21:15:00,331.37452315996586,0.0
 07/27  21:30:00,303.7610803681789,0.0
 07/27  21:45:00,232.98,0.0
 07/27  22:00:00,300.709582961241,0.0
 07/27  22:15:00,1346.5023146483975,0.0
 07/27  22:30:00,87.91333333333333,0.0
 07/27  22:45:00,97.3901904969685,0.0
 07/27  23:00:00,97.37860341618163,0.0
 07/27  23:15:00,1951.154,0.0
 07/27  23:30:00,1886.0684504198944,0.0
 07/27  23:45:00,207.3545606276236,0.0
 07/27  24:00:00,142.67263,0.0
 07/28  00:15:00,216.5544364189861,0.0
 07/28  00:30:00,241.0748377854409,0.0
 07/28  00:45:00,179.47263000000004,0.0
 07/28  01:00:00,195.09039358639276,0.0
 07/28  01:15:00,123.43745692443062,0.0
 07/28  01:30:00,87.91333333333333,0.0
 07/28  01:45:00,143.4044712996206,0.0
 07/28  02:00:00,112.72674239029682,0.0
 07/28  02:15:00,97.38081099319578,0.0
 07/28  02:30:00,63.38,0.0
 07/28  02:45:00,143.3974209383235,0.0
 07/28  03:00:00,137.25160680720452,0.0
 07/28  03:15:00,44.97999999999999,0.0
 07/28  03:30:00,97.40122906100444,0.0
 07/28  03:45:00,137.25532564433786,0.0
 07/28  04:00:00,90.98,0.0
 07/28  04:15:00,115.80469489996412,0.0
 07/28  04:30:00,97.3919961516738,0.0
 07/28  04:45:00,112.71240480810062,0.0
 07/28  05:00:00,90.98,0.0
 07/28  05:15:00,158.99686294365063,8.101748451740525
 07/28  05:30:00,377.4006564336306,10.831240824430896
 07/28  05:45:00,90.98,20.455031727222007
 07/28  06:00:00,143.40653271490208,30.423157656229712
 07/28  06:15:00,143.39111271197677,40.195533808792845
 07/28  06:30:00,90.98,49.8153994023137
 07/28  06:45:00,97.4004031434486,58.15722916272208
 07/28  07:00:00,97.383824801196,73.84382821191738
 07/28  07:15:00,78.71333333333334,98.78245977580363
 07/28  07:30:00,2063.002925209251,131.5414728742716
 07/28  07:45:00,469.5133333333336,165.1554791554873
 07/28  08:00:00,497.3622369251949,203.6589796692267
 07/28  08:15:00,88.98000000000002,247.70314278725223
 07/28  08:30:00,189.36366021781907,299.90999125619726
 07/28  08:45:00,559.9192263356655,343.6321302435253
 07/28  09:00:00,80.98000000000002,388.30065287131794
 07/28  09:15:00,117.34068122650932,432.66112116402104
 07/28  09:30:00,95.64666666666666,476.8460989800956
 07/28  09:45:00,163.3362552323797,511.1884545893861
 07/28  10:00:00,92.58,543.9312949878872
 07/28  10:15:00,117.33195098225698,578.3966369179641
 07/28  10:30:00,71.11333333333333,611.1598303615141
 07/28  10:45:00,163.32855851101343,640.587682550633
 07/28  11:00:00,110.98000000000002,668.3289824364767
 07/28  11:15:00,103.4584947334318,692.2936941362449
 07/28  11:30:00,44.97999999999999,714.2502879760546
 07/28  11:45:00,124.92211269925708,724.2490049339183
 07/28  12:00:00,90.98,737.7440188900682
 07/28  12:15:00,147.9850158977968,749.5517570030851
 07/28  12:30:00,64.98,759.0379846214452
 07/28  12:45:00,120.3804758821839,761.3813372758249
 07/28  13:00:00,110.98000000000002,761.4782734866588
 07/28  13:15:00,163.30930850322062,759.4103778879104
 07/28  13:30:00,74.18,754.8940127892993
 07/28  13:45:00,64.98,738.282302406617
 07/28  14:00:00,141.85659060598084,713.8341897682088
 07/28  14:15:00,110.98000000000002,687.1058289919456
 07/28  14:30:00,151.0533999884874,655.425602140091
 07/28  14:45:00,64.98,646.8440181390424
 07/28  15:00:00,117.3168571738635,630.956514423433
 07/28  15:15:00,524.98,611.4171899039042
 07/28  15:30:00,577.3210511138138,588.2743168037549
 07/28  15:45:00,187.64666666666668,550.0354620476462
 07/28  16:00:00,117.31560336297252,511.29144891326644
 07/28  16:15:00,86.44666666666667,472.1345889731269
 07/28  16:30:00,7943.514304345126,432.39827892984744
 07/28  16:45:00,635.2268135927337,385.40290557629055
 07/28  17:00:00,298.18,335.664894278515
 07/28  17:15:00,163.31676862672873,292.16414114430074
 07/28  17:30:00,110.98000000000002,250.54640324205226
 07/28  17:45:00,1981.3213659264288,204.06866321020425
 07/28  18:00:00,1919.78,162.88621272481072
 07/28  18:15:00,709.987436323644,125.92229161545362
 07/28  18:30:00,44.97999999999999,98.51154763007209
 07/28  18:45:00,140.25390780634325,72.56522292279122
 07/28  19:00:00,110.98000000000002,55.19722773528309
 07/28  19:15:00,7913.806070349186,44.12618179610685
 07/28  19:30:00,623.6142270105654,34.648274998964496
 07/28  19:45:00,83.38,26.938483780663674
 07/28  20:00:00,163.33378472471193,19.156206276128316
 07/28  20:15:00,104.84666666666666,11.287185608801334
 07/28  20:30:00,117.34027044936964,0.0
 07/28  20:45:00,232.98,0.0
 07/28  21:00:00,325.21488387106217,0.0
 07/28  21:15:00,331.33140557657714,0.0
 07/28  21:30:00,251.38,0.0
 07/28  21:45:00,285.3396810093612,0.0
 07/28  22:00:00,248.31333333333333,0.0
 07/28  22:15:00,344.68337831511485,0.0
 07/28  22:30:00,87.91333333333333,0.0
 07/28  22:45:00,97.36282312748908,0.0
 07/28  23:00:00,97.349143528245,0.0
 07/28  23:15:00,136.32598000000002,0.0
 07/28  23:30:00,982.5746371141224,0.0
 07/28  23:45:00,102.59264666666668,0.0
 07/28  24:00:00,142.71364891038536,0.0
 07/29  00:15:00,164.16506858699157,0.0
 07/29  00:30:00,136.32598000000002,0.0
 07/29  00:45:00,179.50977741561235,0.0
 07/29  01:00:00,90.32598,0.0
 07/29  01:15:00,1068.8885706183964,0.0
 07/29  01:30:00,1376.4430016105591,0.0
 07/29  01:45:00,136.32598000000002,0.0
 07/29  02:00:00,158.05840756458494,0.0
 07/29  02:15:00,78.23371866666666,0.0
 07/29  02:30:00,115.78202026907668,0.0
 07/29  02:45:00,143.3673488285208,0.0
 07/29  03:00:00,84.84666666666666,0.0
 07/29  03:15:00,97.38031704961266,0.0
 07/29  03:30:00,97.36690243884637,0.0
 07/29  03:45:00,84.84666666666666,0.0
 07/29  04:00:00,143.38201564356046,0.0
 07/29  04:15:00,115.76793990061508,0.0
 07/29  04:30:00,44.97999999999999,0.0
 07/29  04:45:00,112.71484202790069,0.0
 07/29  05:00:00,143.3675697173082,0.0
 07/29  05:15:00,106.58,7.46000321082591
 07/29  05:30:00,377.3818849635901,9.956590783313699
 07/29  05:45:00,143.36831141587257,19.537667310946453
 07/29  06:00:00,90.98,29.365653351394908
 07/29  06:15:00,143.37958132580587,39.037367378846604
 07/29  06:30:00,90.98,48.58164009794221
 07/29  06:45:00,97.3861290830636,57.2108472194966
 07/29  07:00:00,97.36839862705224,72.87675272722764
 07/29  07:15:00,78.71333333333334,97.4176956906162
 07/29  07:30:00,143.37229699508666,129.55164154037058
 07/29  07:45:00,521.9050065411668,163.52538061131165
 07/29  08:00:00,444.9800000000002,202.02873906604802
 07/29  08:15:00,141.36156418435087,245.44833038695702
 07/29  08:30:00,136.98,293.0682987212477
 07/29  08:45:00,189.35102290779884,335.46169787453994
 07/29  09:00:00,80.98000000000002,382.900730738467
 07/29  09:15:00,117.3455007436138,427.4621639119597
 07/29  09:30:00,95.64666666666666,472.4473233030138
 07/29  09:45:00,163.33681837061536,510.41935184725617
 07/29  10:00:00,92.58,547.7962264018458
 07/29  10:15:00,7908.47460949448,584.3359560325279
 07/29  10:30:00,630.7954157096083,619.6382826090856
 07/29  10:45:00,110.98000000000002,647.9533550639802
 07/29  11:00:00,163.32112857952714,674.7402419618567
 07/29  11:15:00,51.11333333333332,699.8781236011698
 07/29  11:30:00,97.31430879344302,723.1168489456145
 07/29  11:45:00,72.57999999999998,733.7324285487226
 07/29  12:00:00,143.30661976736224,747.7304792027571
 07/29  12:15:00,75.64666666666666,759.6352747935193
 07/29  12:30:00,97.30088808146556,769.1322004193677
 07/29  12:45:00,48.04666666666666,771.8656721007178
 07/29  13:00:00,90.98,772.2011011207148
 07/29  13:15:00,143.31142062855184,768.9663507944069
 07/29  13:30:00,54.17999999999999,763.2446587045579
 07/29  13:45:00,97.30321545242364,751.337140207339
 07/29  14:00:00,69.51333333333332,737.1253035192735
 07/29  14:15:00,143.29382070411793,719.7327371394867
 07/29  14:30:00,78.71333333333334,700.0906060657148
 07/29  14:45:00,44.97999999999999,677.2701969507189
 07/29  15:00:00,97.2978332927291,648.1569499356212
 07/29  15:15:00,524.98,618.6853548180742
 07/29  15:30:00,577.2971998100372,587.6983520777328
 07/29  15:45:00,187.64666666666668,548.6771010969704
 07/29  16:00:00,64.98,509.1052278439286
 07/29  16:15:00,7927.680643419659,468.74027572671866
 07/29  16:30:00,670.1485340904379,428.2281344479623
 07/29  16:45:00,157.78,381.013488731547
 07/29  17:00:00,350.4964142727968,331.2717035783657
 07/29  17:15:00,110.98000000000002,288.3228744407578
 07/29  17:30:00,163.2907312965282,247.07436756535895
 07/29  17:45:00,1928.980000000003,201.9450312654585
 07/29  18:00:00,1919.78,161.61550527091458
 07/29  18:15:00,709.9758425377863,124.92942270134108
 07/29  18:30:00,44.97999999999999,97.3673098552388
 07/29  18:45:00,140.24126659363327,71.19640344319842
 07/29  19:00:00,110.98000000000002,52.595286183115924
 07/29  19:15:00,80.31333333333333,43.0435567212005
 07/29  19:30:00,117.317569459185,33.736482068578354
 07/29  19:45:00,83.38,26.227165649444984
 07/29  20:00:00,163.3188500150455,18.65075500643644
 07/29  20:15:00,104.84666666666666,11.00645249180753
 07/29  20:30:00,117.32418043440704,0.0
 07/29  20:45:00,232.98,0.0
 07/29  21:00:00,325.1980274441713,0.0
 07/29  21:15:00,278.98,0.0
 07/29  21:30:00,303.7371994217876,0.0
 07/29  21:45:00,232.98,0.0
 07/29  22:00:00,300.6775338782586,0.0
 07/29  22:15:00,292.31333333333333,0.0
 07/29  22:30:00,140.28426109462282,0.0
 07/29  22:45:00,97.33406878218048,0.0
 07/29  23:00:00,44.97999999999999,0.0
 07/29  23:15:00,143.34017177070191,0.0
 07/29  23:30:00,90.98,0.0
 07/29  23:45:00,109.61104289593273,0.0
 07/29  24:00:00,44.97999999999999,0.0
 07/30  00:15:00,118.8158046988418,0.0
 07/30  00:30:00,90.98,0.0
 07/30  00:45:00,134.15469251254552,0.0
 07/30  01:00:00,97.33698282711276,0.0
 07/30  01:15:00,44.97999999999999,0.0
 07/30  01:30:00,140.28097728089682,0.0
 07/30  01:45:00,90.98,0.0
 07/30  02:00:00,112.69284655195324,0.0
 07/30  02:15:00,44.97999999999999,0.0
 07/30  02:30:00,115.77041484411734,0.0
 07/30  02:45:00,143.35561354217492,0.0
 07/30  03:00:00,84.84666666666666,0.0
 07/30  03:15:00,97.36780545133075,0.0
 07/30  03:30:00,44.97999999999999,0.0
 07/30  03:45:00,137.24731554905838,0.0
 07/30  04:00:00,143.36686441383978,0.0
 07/30  04:15:00,63.38,0.0
 07/30  04:30:00,97.37954252957783,0.0
 07/30  04:45:00,112.69873779996875,0.0
 07/30  05:00:00,90.98,0.0
 07/30  05:15:00,158.97818840797262,7.440807037817979
 07/30  05:30:00,377.3769095045993,9.931611948064674
 07/30  05:45:00,90.98,19.409342922845312
 07/30  06:00:00,143.3760538730599,28.883585047488715
 07/30  06:15:00,90.98,38.38061594041411
 07/30  06:30:00,143.38063214877766,47.7448710831749
 07/30  06:45:00,97.36182037240192,56.50433276055057
 07/30  07:00:00,44.97999999999999,72.09734714930082
 07/30  07:15:00,131.09645563837424,96.29323657850024
 07/30  07:30:00,90.98,127.8568424254914
 07/30  07:45:00,521.894715299928,158.80438101728564
 07/30  08:00:00,497.3507358673098,198.74630914966093
 07/30  08:15:00,88.98000000000002,240.9348248463631
 07/30  08:30:00,189.3458537543367,287.03085807939135
 07/30  08:45:00,136.98,325.4969182762175
 07/30  09:00:00,133.32870054738407,362.64344633806985
 07/30  09:15:00,64.98,398.1573853429586
 07/30  09:30:00,147.99352915912328,431.84888095385963
 07/30  09:45:00,110.98000000000002,463.9234576980691
 07/30  10:00:00,144.92447713841753,494.74740234161203
 07/30  10:15:00,7889.769004576582,529.9373395373626
 07/30  10:30:00,630.9026321684662,564.1679580567323
 07/30  10:45:00,110.98000000000002,580.9046986692398
 07/30  11:00:00,163.323699120404,595.0325566638251
 07/30  11:15:00,51.11333333333332,603.7172792064425
 07/30  11:30:00,97.31769975215693,609.7519851287002
 07/30  11:45:00,72.57999999999998,585.9433176906663
 07/30  12:00:00,143.3109158355667,547.2066632169502
 07/30  12:15:00,75.64666666666666,518.9134544904783
 07/30  12:30:00,97.30261988152182,472.8952482967841
 07/30  12:45:00,48.04666666666666,526.9794340298463
 07/30  13:00:00,90.98,561.4311191415367
 07/30  13:15:00,143.30858815502808,610.0007876082502
 07/30  13:30:00,54.17999999999999,642.9757484626867
 07/30  13:45:00,97.29766146643216,597.1850359978629
 07/30  14:00:00,69.51333333333332,539.1895457308242
 07/30  14:15:00,143.28731246256524,493.21701503488515
 07/30  14:30:00,78.71333333333334,447.044216123681
 07/30  14:45:00,44.97999999999999,395.929017447588
 07/30  15:00:00,97.2939954010536,359.1187337053478
 07/30  15:15:00,524.98,323.706410293112
 07/30  15:30:00,577.2956054925223,279.18139985482
 07/30  15:45:00,187.64666666666668,277.7436823937524
 07/30  16:00:00,64.98,274.11431363438123
 07/30  16:15:00,7926.512357612756,277.2906915459144
 07/30  16:30:00,670.1873092869296,269.2922697804747
 07/30  16:45:00,157.78,251.62371222304955
 07/30  17:00:00,350.4959195581559,233.11647859975815
 07/30  17:15:00,110.98000000000002,213.8475503746422
 07/30  17:30:00,163.29684385280825,193.53643887949795
 07/30  17:45:00,1928.980000000003,155.1980592080308
 07/30  18:00:00,1919.78,119.42573249037842
 07/30  18:15:00,709.9864518029187,91.61137177272548
 07/30  18:30:00,44.97999999999999,68.53327204706821
 07/30  18:45:00,140.25324952755494,55.10035829463578
 07/30  19:00:00,110.98000000000002,41.95099502754226
 07/30  19:15:00,132.65699555224333,28.80368202820206
 07/30  19:30:00,64.98,15.026030001279103
 07/30  19:45:00,135.73202614089143,11.476075642880145
 07/30  20:00:00,110.98000000000002,7.904160703615533
 07/30  20:15:00,157.20915995907708,4.316666968698073
 07/30  20:30:00,64.98,0.0
 07/30  20:45:00,285.3550540621117,0.0
 07/30  21:00:00,325.20818099825175,0.0
 07/30  21:15:00,278.98,0.0
 07/30  21:30:00,303.74988347452967,0.0
 07/30  21:45:00,232.98,0.0
 07/30  22:00:00,300.6919872283468,0.0
 07/30  22:15:00,292.31333333333333,0.0
 07/30  22:30:00,140.30114547932374,0.0
 07/30  22:45:00,97.35203421613193,0.0
 07/30  23:00:00,44.97999999999999,0.0
 07/30  23:15:00,1105.08686205708,0.0
 07/30  23:30:00,150.66846000000004,0.0
 07/30  23:45:00,169.3235381487556,0.0
 07/30  24:00:00,157.040067637037,0.0
 07/31  00:15:00,70.42589733333332,0.0
 07/31  00:30:00,143.3591817530868,0.0
 07/31  00:45:00,81.78,0.0
 07/31  01:00:00,97.36657363336865,0.0
 07/31  01:15:00,97.3545244263434,0.0
 07/31  01:30:00,87.91333333333333,0.0
 07/31  01:45:00,143.37340470176997,0.0
 07/31  02:00:00,104.08401409458769,0.0
 07/31  02:15:00,53.59087264092799,0.0
 07/31  02:30:00,115.77584624025027,0.0
 07/31  02:45:00,90.98,0.0
 07/31  03:00:00,137.25545106424423,0.0
 07/31  03:15:00,97.37440570014974,0.0
 07/31  03:30:00,44.97999999999999,0.0
 07/31  03:45:00,137.25349187359166,0.0
 07/31  04:00:00,143.37240651632925,0.0
 07/31  04:15:00,63.38,0.0
 07/31  04:30:00,97.38486332851264,0.0
 07/31  04:45:00,112.70373803708284,0.0
 07/31  05:00:00,90.98,0.0
 07/31  05:15:00,158.9832363297354,1.7196947009042505
 07/31  05:30:00,377.3826619574594,2.295009492587836
 07/31  05:45:00,90.98,8.665494104742665
 07/31  06:00:00,143.38251318883496,15.145285834651569
 07/31  06:15:00,143.36763189757335,21.617265046402295
 07/31  06:30:00,90.98,28.084717554820283
 07/31  06:45:00,97.37931968314018,43.6522462805907
 07/31  07:00:00,97.36422588065828,59.274694354288116
 07/31  07:15:00,78.71333333333334,75.75904240333033
 07/31  07:30:00,143.3745239350297,93.05229646771738
 07/31  07:45:00,469.5133333333336,110.20952818778947
 07/31  08:00:00,497.3841216748828,127.96491073535772
 07/31  08:15:00,141.37640589168367,146.2124652006063
 07/31  08:30:00,136.98,164.90225083173073
 07/31  08:45:00,189.3754593350553,167.91348442114452
 07/31  09:00:00,133.3583991575453,170.4107014726829
 07/31  09:15:00,64.98,172.45974771013485
 07/31  09:30:00,148.03471243375975,174.04662789517613
 07/31  09:45:00,110.98000000000002,163.72027469840882
 07/31  10:00:00,144.9774568033294,153.22497212163412
 07/31  10:15:00,7898.498665491161,142.53011003295725
 07/31  10:30:00,631.8365853427753,131.67512563694888
 07/31  10:45:00,163.36238394828032,136.16747270421237
 07/31  11:00:00,110.98000000000002,140.55828477840996
 07/31  11:15:00,103.50428651104006,144.81707357119197
 07/31  11:30:00,97.35350395828004,149.0565129172007
 07/31  11:45:00,72.57999999999998,255.0106705883823
 07/31  12:00:00,143.3596167339779,352.7229438682999
 07/31  12:15:00,75.64666666666666,436.0103734382058
 07/31  12:30:00,97.36061062646408,533.5564939575288
 07/31  12:45:00,78.69381681320877,461.50004971198734
 07/31  13:00:00,112.69084321153235,409.0445684553024
 07/31  13:15:00,143.3406321510738,340.2843152966317
 07/31  13:30:00,54.17999999999999,270.81368190792233
 07/31  13:45:00,97.34270391384504,290.50699567172745
 07/31  14:00:00,69.51333333333332,307.7998037203952
 07/31  14:15:00,143.3447819823099,324.4891695921506
 07/31  14:30:00,78.71333333333334,340.2869588296726
 07/31  14:45:00,97.34711358004004,344.9959328887402
 07/31  15:00:00,44.97999999999999,361.44852094055886
 07/31  15:15:00,577.3489410057683,362.9750812510863
 07/31  15:30:00,577.3401944672689,363.49582204604485
 07/31  15:45:00,187.64666666666668,367.2927093044334
 07/31  16:00:00,117.33030559351334,376.4025683307138
 07/31  16:15:00,7907.898424093516,370.82693204722995
 07/31  16:30:00,671.1201544722397,361.0650059901218
 07/31  16:45:00,210.12968578061228,329.59190327662435
 07/31  17:00:00,298.18,297.5499469040626
 07/31  17:15:00,163.33264829276942,264.6292478895335
 07/31  17:30:00,110.98000000000002,235.10912429766356
 07/31  17:45:00,1981.3462653638192,189.07018029423307
 07/31  18:00:00,1919.78,152.32594483358017
 07/31  18:15:00,710.0136555326831,120.37665894979239
 07/31  18:30:00,44.97999999999999,93.81240575887159
 07/31  18:45:00,140.27346599200382,70.31342146190073
 07/31  19:00:00,110.98000000000002,53.43435043080186
 07/31  19:15:00,132.67907518810665,43.13658374190214
 07/31  19:30:00,64.98,32.58519656060953
 07/31  19:45:00,135.75345137073649,25.143062328962912
 07/31  20:00:00,163.33709012580718,17.65083345067433
 07/31  20:15:00,104.84666666666666,10.047612409115068
 07/31  20:30:00,117.3466804540885,0.0
 07/31  20:45:00,232.98,0.0
 07/31  21:00:00,325.2239106711931,0.0
 07/31  21:15:00,278.98,0.0
 07/31  21:30:00,303.76946660493275,0.0
 07/31  21:45:00,285.355453439516,0.0
 07/31  22:00:00,248.31333333333333,0.0
 07/31  22:15:00,344.7028896868383,0.0
 07/31  22:30:00,87.91333333333333,0.0
 07/31  22:45:00,97.38469561347875,0.0
 07/31  23:00:00,97.3722045985492,0.0
 07/31  23:15:00,90.98,0.0
 07/31  23:30:00,143.38882052292354,0.0
 07/31  23:45:00,109.64359956874696,0.0
 07/31  24:00:00,44.97999999999999,0.0
 08/01  00:15:00,118.86156178251017,0.0
 08/01  00:30:00,143.3834396615984,0.0
 08/01  00:45:00,81.78,0.0
 08/01  01:00:00,97.402507420622,0.0
 08/01  01:15:00,97.3916138478339,0.0
 08/01  01:30:00,140.31405843328895,0.0
 08/01  01:45:00,90.98,0.0
 08/01  02:00:00,112.73480374561424,0.0
 08/01  02:15:00,97.39063141675116,0.0
 08/01  02:30:00,63.38,0.0
 08/01  02:45:00,143.41096915773173,0.0
 08/01  03:00:00,137.26729892053208,0.0
 08/01  03:15:00,97.38993147198512,0.0
 08/01  03:30:00,44.97999999999999,0.0
 08/01  03:45:00,137.27736604032964,0.0
 08/01  04:00:00,143.40040142017318,0.0
 08/01  04:15:00,63.38,0.0
 08/01  04:30:00,97.42155725350636,0.0
 08/01  04:45:00,112.74499778462152,0.0
 08/01  05:00:00,143.40172970780426,0.0
 08/01  05:15:00,106.58,5.251811590064212
 08/01  05:30:00,377.4240771491896,7.017045604918244
 08/01  05:45:00,143.41476621519297,16.352234553181425
 08/01  06:00:00,143.40544627284277,25.594209632096273
 08/01  06:15:00,90.98,34.70163367170681
 08/01  06:30:00,143.41765951723087,43.70163621315722
 08/01  06:45:00,97.40237374424166,56.22023715782723
 08/01  07:00:00,97.3864417059036,71.20271165379428
 08/01  07:15:00,78.71333333333334,88.9191061949162
 08/01  07:30:00,143.3958716050288,108.47691534277931
 08/01  07:45:00,521.9224996464051,128.78955699174878
 08/01  08:00:00,444.9800000000002,149.03736584425693
 08/01  08:15:00,141.38693168183093,169.10336831014442
 08/01  08:30:00,189.38356210554693,188.83635354079775
 08/01  08:45:00,136.98,203.76423220387096
 08/01  09:00:00,133.37687225215066,217.99053332590847
 08/01  09:15:00,117.35953615538504,224.03192833525281
 08/01  09:30:00,95.64666666666666,236.22297562333276
 08/01  09:45:00,163.36568231825794,244.80315367190752
 08/01  10:00:00,92.58,253.1568344015477
 08/01  10:15:00,7906.864641663849,260.9213704923409
 08/01  10:30:00,631.6788672185007,268.45086330562845
 08/01  10:45:00,163.35018833317184,270.08651279047825
 08/01  11:00:00,110.98000000000002,271.6989749670793
 08/01  11:15:00,103.4866186242167,273.4122052687072
 08/01  11:30:00,44.97999999999999,275.02541598509805
 08/01  11:45:00,124.95709439293849,270.5785476740854
 08/01  12:00:00,143.33815139071788,266.09628500067345
 08/01  12:15:00,75.64666666666666,261.6503902092887
 08/01  12:30:00,97.34375540044648,257.0949143863305
 08/01  12:45:00,48.04666666666666,256.92838050978065
 08/01  13:00:00,143.3493036184252,256.6144713268845
 08/01  13:15:00,90.98,255.76379708920138
 08/01  13:30:00,106.55265712165018,254.75963400921398
 08/01  13:45:00,44.97999999999999,249.23483583882364
 08/01  14:00:00,121.88882683005862,243.6790749610782
 08/01  14:15:00,143.33622069616408,239.012036366216
 08/01  14:30:00,78.71333333333334,234.21563501572848
 08/01  14:45:00,97.33847227065289,225.62148922312855
 08/01  15:00:00,44.97999999999999,217.03428958933938
 08/01  15:15:00,577.3519552957176,208.31671535260477
 08/01  15:30:00,524.98,199.65377152922815
 08/01  15:45:00,240.01038553648232,187.92949354188522
 08/01  16:00:00,64.98,176.3269680271057
 08/01  16:15:00,7927.605425631258,164.86040452777112
 08/01  16:30:00,671.1350042887975,153.491813155869
 08/01  16:45:00,210.13179073943604,140.5086527174752
 08/01  17:00:00,298.18,127.73354385009152
 08/01  17:15:00,163.33613859585353,115.28596456981282
 08/01  17:30:00,110.98000000000002,103.00648916152393
 08/01  17:45:00,1981.3524107602975,90.35904872023212
 08/01  18:00:00,1919.78,77.84130726095864
 08/01  18:15:00,710.019228596396,65.47804649967095
 08/01  18:30:00,44.97999999999999,53.31274200446458
 08/01  18:45:00,140.28670651117244,43.745917501086964
 08/01  19:00:00,155.98552392496413,34.14100444791262
 08/01  19:15:00,87.66244481992955,24.34027932118718
 08/01  19:30:00,117.345552428523,14.524162794111119
 08/01  19:45:00,83.38,11.084962454996884
 08/01  20:00:00,163.35585332163987,7.635333747999596
 08/01  20:15:00,104.84666666666666,4.350072070995736
 08/01  20:30:00,117.3677355482992,0.0
 08/01  20:45:00,285.35347868891574,0.0
 08/01  21:00:00,272.8466666666667,0.0
 08/01  21:15:00,331.3661160344619,0.0
 08/01  21:30:00,251.38,0.0
 08/01  21:45:00,285.3783540239136,0.0
 08/01  22:00:00,300.6974815311712,0.0
 08/01  22:15:00,292.31333333333333,0.0
 08/01  22:30:00,140.3096798375631,0.0
 08/01  22:45:00,97.36187331280628,0.0
 08/01  23:00:00,44.97999999999999,0.0
 08/01  23:15:00,2014.871548300745,0.0
 08/01  23:30:00,1266.5882502068866,0.0
 08/01  23:45:00,1542.678060307892,0.0
 08/01  24:00:00,118.05211753300964,0.0
 08/02  00:15:00,66.44666666666666,0.0
 08/02  00:30:00,143.39088427605702,0.0
 08/02  00:45:00,134.1777529505908,0.0
 08/02  01:00:00,44.97999999999999,0.0
 08/02  01:15:00,97.39301067315968,0.0
 08/02  01:30:00,140.31354611047885,0.0
 08/02  01:45:00,90.98,0.0
 08/02  02:00:00,112.72951728873112,0.0
 08/02  02:15:00,97.3844146704995,0.0
 08/02  02:30:00,63.38,0.0
 08/02  02:45:00,143.40266238646507,0.0
 08/02  03:00:00,137.25816972430667,0.0
 08/02  03:15:00,97.37880478374674,0.0
 08/02  03:30:00,44.97999999999999,0.0
 08/02  03:45:00,137.26195390853152,0.0
 08/02  04:00:00,143.3827032072378,0.0
 08/02  04:15:00,63.38,0.0
 08/02  04:30:00,97.39672748533808,0.0
 08/02  04:45:00,112.7161335911002,0.0
 08/02  05:00:00,90.98,0.0
 08/02  05:15:00,158.9965567857599,0.0
 08/02  05:30:00,377.3969277185648,2.307001620230325
 08/02  05:45:00,90.98,5.924002326117173
 08/02  06:00:00,143.39668542472043,9.631473224437844
 08/02  06:15:00,143.38336981898055,13.337405441986602
 08/02  06:30:00,90.98,17.043584454787556
 08/02  06:45:00,97.3979827482504,23.916796082785723
 08/02  07:00:00,97.3846905030671,30.78888990656899
 08/02  07:15:00,78.71333333333334,37.66259878377519
 08/02  07:30:00,143.39891851191211,44.53588532559298
 08/02  07:45:00,521.9326518394541,52.52540818673253
 08/02  08:00:00,476.2613605116024,60.455138217032086
 08/02  08:15:00,110.09918090727948,68.37961932112333
 08/02  08:30:00,189.38146785344765,76.33792112543203
 08/02  08:45:00,136.98,83.76356149262548
 08/02  09:00:00,133.39126999441285,91.20952772550244
 08/02  09:15:00,117.375150322,98.73390366406592
 08/02  09:30:00,95.64666666666666,106.29712703142144
 08/02  09:45:00,163.38333473209093,133.44200443885626
 08/02  10:00:00,144.96652410574882,161.03322276624738
 08/02  10:15:00,7889.287597878772,188.96610514097162
 08/02  10:30:00,631.8813080743173,217.24547260776222
 08/02  10:45:00,163.36056553036715,224.27814699570655
 08/02  11:00:00,110.98000000000002,231.49583256676675
 08/02  11:15:00,103.4992538388176,238.8503298061383
 08/02  11:30:00,55.99663749733718,246.18328278921376
 08/02  11:45:00,113.942053544811,249.48323753023365
 08/02  12:00:00,143.35190138762707,252.7596381512983
 08/02  12:15:00,75.64666666666666,256.08998296082785
 08/02  12:30:00,97.357383090854,259.34011395947
 08/02  12:45:00,48.04666666666666,258.49763442320653
 08/02  13:00:00,143.36238825080773,257.6187236370735
 08/02  13:15:00,143.34401584296637,256.6272669673328
 08/02  13:30:00,54.17999999999999,255.54580951988873
 08/02  13:45:00,97.3481613927662,250.39543477961234
 08/02  14:00:00,69.51333333333332,245.23281370088432
 08/02  14:15:00,143.35345577701344,240.52748878155782
 08/02  14:30:00,78.71333333333334,235.69226061573687
 08/02  14:45:00,97.36049543106958,281.90378096776595
 08/02  15:00:00,97.3435772012088,312.1241885463021
 08/02  15:15:00,524.98,351.6140996288924
 08/02  15:30:00,577.3592852170068,374.8397317711968
 08/02  15:45:00,187.64666666666668,323.4680417340922
 08/02  16:00:00,117.35117201292792,286.23875904226196
 08/02  16:15:00,7914.457144261513,250.688186003179
 08/02  16:30:00,671.2751121770458,217.26724230240063
 08/02  16:45:00,210.1358686737615,207.70287758000288
 08/02  17:00:00,298.18,196.45611628783197
 08/02  17:15:00,163.34052881264773,184.08704766957177
 08/02  17:30:00,110.98000000000002,170.03467799885846
 08/02  17:45:00,1981.357472987198,144.5180594929282
 08/02  18:00:00,1919.78,121.15468032975456
 08/02  18:15:00,710.0251554015272,100.03278670688775
 08/02  18:30:00,97.36135245067982,81.31237059287915
 08/02  18:45:00,87.91333333333333,65.36076334574493
 08/02  19:00:00,163.3551553693377,50.73393878879066
 08/02  19:15:00,80.31333333333333,37.263464432423056
 08/02  19:30:00,117.364819987784,23.412672195932874
 08/02  19:45:00,132.99254372022372,17.944125989436433
 08/02  20:00:00,113.73578981259942,12.454996865376854
 08/02  20:15:00,157.22677827235262,7.214799470681827
 08/02  20:30:00,64.98,0.0
 08/02  20:45:00,285.3723394021561,0.0
 08/02  21:00:00,325.224686965065,0.0
 08/02  21:15:00,278.98,0.0
 08/02  21:30:00,303.77319366361934,0.0
 08/02  21:45:00,232.98,0.0
 08/02  22:00:00,300.7226227866342,0.0
 08/02  22:15:00,344.7100457427651,0.0
 08/02  22:30:00,87.91333333333333,0.0
 08/02  22:45:00,97.39331117341209,0.0
 08/02  23:00:00,97.38134605713748,0.0
 08/02  23:15:00,1866.353,0.0
 08/02  23:30:00,1017.10043964201,0.0
 08/02  23:45:00,194.404827374766,0.0
 08/02  24:00:00,182.13471777619012,0.0
 08/03  00:15:00,100.34121066666664,0.0
 08/03  00:30:00,143.3921947902902,0.0
 08/03  00:45:00,134.17765807433767,0.0
 08/03  01:00:00,44.97999999999999,0.0
 08/03  01:15:00,97.39277180925096,0.0
 08/03  01:30:00,140.31445557258215,0.0
 08/03  01:45:00,90.98,0.0
 08/03  02:00:00,112.7332710623485,0.0
 08/03  02:15:00,97.38970909249583,0.0
 08/03  02:30:00,63.38,0.0
 08/03  02:45:00,143.4114924041478,0.0
 08/03  03:00:00,137.2688237935624,0.0
 08/03  03:15:00,97.38938215911416,0.0
 08/03  03:30:00,44.97999999999999,0.0
 08/03  03:45:00,137.27184755022682,0.0
 08/03  04:00:00,143.392086419032,0.0
 08/03  04:15:00,63.38,0.0
 08/03  04:30:00,97.41298720252593,0.0
 08/03  04:45:00,112.73643401182318,0.0
 08/03  05:00:00,143.39324391193736,0.0
 08/03  05:15:00,106.58,0.0
 08/03  05:30:00,377.4137022003856,8.536814673330815
 08/03  05:45:00,143.4032936572283,17.506688086046335
 08/03  06:00:00,143.39281453203407,26.864286181024724
 08/03  06:15:00,90.98,36.1376698698057
 08/03  06:30:00,143.40433230800966,44.64548387449074
 08/03  06:45:00,97.38857630123088,53.86834708121802
 08/03  07:00:00,44.97999999999999,69.30026054729046
 08/03  07:15:00,131.13037591555573,94.50760465340092
 08/03  07:30:00,1743.9850457140494,128.01847442301408
 08/03  07:45:00,521.9250812094297,163.14596767897783
 08/03  08:00:00,444.9800000000002,201.90658084560118
 08/03  08:15:00,141.38300765384847,245.28077733654774
 08/03  08:30:00,189.37723067288573,292.2270178347558
 08/03  08:45:00,1558.4861807941647,332.5044206786979
 08/03  09:00:00,80.98000000000002,371.24509698284555
 08/03  09:15:00,117.36871714865929,409.7483969468365
 08/03  09:30:00,148.01628003268712,446.84152630458533
 08/03  09:45:00,110.98000000000002,474.3568248227407
 08/03  10:00:00,144.95180578311894,499.28894631723324
 08/03  10:15:00,64.98,521.5332251810395
 08/03  10:30:00,123.48607122300868,541.1919181258874
 08/03  10:45:00,110.98000000000002,564.6054250032641
 08/03  11:00:00,163.35244518903806,585.6774525357255
 08/03  11:15:00,103.46584627872446,603.8801947235702
 08/03  11:30:00,44.97999999999999,608.9784430095676
 08/03  11:45:00,124.93334643719136,621.3369435245537
 08/03  12:00:00,90.98,631.9317842487294
 08/03  12:15:00,148.010824737027,643.4652072814113
 08/03  12:30:00,64.98,653.2597861530297
 08/03  12:45:00,120.39916158897204,638.5433859674254
 08/03  13:00:00,110.98000000000002,623.1679183854375
 08/03  13:15:00,163.33159493582014,603.8766212401811
 08/03  13:30:00,74.18,583.3100162236271
 08/03  13:45:00,117.3308959321284,571.8003758112238
 08/03  14:00:00,89.51333333333334,559.0250374078813
 08/03  14:15:00,163.32963677265627,546.1528118642622
 08/03  14:30:00,98.71333333333334,532.3632984787135
 08/03  14:45:00,117.32776086196566,513.641152993198
 08/03  15:00:00,64.98,493.6859538013773
 08/03  15:15:00,577.3267651969387,474.9160366010625
 08/03  15:30:00,524.98,453.83990702469987
 08/03  15:45:00,239.9937878421983,424.7809163847073
 08/03  16:00:00,64.98,395.29127103244434
 08/03  16:15:00,138.79378861038785,364.3109874355096
 08/03  16:30:00,7935.334451986,325.7702728593225
 08/03  16:45:00,643.9407787613823,308.4537291670395
 08/03  17:00:00,298.18,280.7943168393844
 08/03  17:15:00,163.33487495602057,252.14714625619123
 08/03  17:30:00,110.98000000000002,221.08703574420724
 08/03  17:45:00,1981.3349849739143,181.90011145874305
 08/03  18:00:00,1919.78,146.67463122204563
 08/03  18:15:00,710.0030249849485,115.90457251821961
 08/03  18:30:00,44.97999999999999,89.46409223804764
 08/03  18:45:00,140.27272430604302,64.10639799991856
 08/03  19:00:00,110.98000000000002,44.40603033707797
 08/03  19:15:00,7924.184154507323,29.32120504501366
 08/03  19:30:00,623.9485602357337,13.63237886322939
 08/03  19:45:00,83.38,10.40651269224577
 08/03  20:00:00,163.34341433530577,7.175496542521066
 08/03  20:15:00,157.19149036760166,4.102707945607684
 08/03  20:30:00,64.98,0.0
 08/03  20:45:00,285.329060714205,0.0
 08/03  21:00:00,272.8466666666667,0.0
 08/03  21:15:00,331.33434854392226,0.0
 08/03  21:30:00,251.38,0.0
 08/03  21:45:00,285.3408563480255,0.0
 08/03  22:00:00,248.31333333333333,0.0
 08/03  22:15:00,344.68162886999744,0.0
 08/03  22:30:00,87.91333333333333,0.0
 08/03  22:45:00,97.3567071790106,0.0
 08/03  23:00:00,97.34063791821508,0.0
 08/03  23:15:00,1951.154,0.0
 08/03  23:30:00,1886.0388855557064,0.0
 08/03  23:45:00,154.9392966666665,0.0
 08/03  24:00:00,195.057596625508,0.0
 08/04  00:15:00,164.13929666666667,0.0
 08/04  00:30:00,241.0570777326989,0.0
 08/04  00:45:00,231.8411610348417,0.0
 08/04  01:00:00,142.67263,0.0
 08/04  01:15:00,123.40721568144455,0.0
 08/04  01:30:00,87.91333333333333,0.0
 08/04  01:45:00,143.3602104430256,0.0
 08/04  02:00:00,112.674833461228,0.0
 08/04  02:15:00,44.97999999999999,0.0
 08/04  02:30:00,115.74967836280808,0.0
 08/04  02:45:00,90.98,0.0
 08/04  03:00:00,137.22484329555303,0.0
 08/04  03:15:00,44.97999999999999,0.0
 08/04  03:30:00,97.3662706126666,0.0
 08/04  03:45:00,137.21651558763878,0.0
 08/04  04:00:00,90.98,0.0
 08/04  04:15:00,115.7575735769112,0.0
 08/04  04:30:00,44.97999999999999,0.0
 08/04  04:45:00,112.69763425624284,0.0
 08/04  05:00:00,143.3469840277582,0.0
 08/04  05:15:00,106.58,0.0
 08/04  05:30:00,377.3689841304405,2.267876537846047
 08/04  05:45:00,90.98,5.642968897568725
 08/04  06:00:00,143.36708032379283,9.113954562650465
 08/04  06:15:00,143.3517496859422,12.590574815707853
 08/04  06:30:00,90.98,16.0734851028434
 08/04  06:45:00,97.36296742407475,22.87183981198244
 08/04  07:00:00,44.97999999999999,29.6818240369381
 08/04  07:15:00,131.10675838225688,36.484450285638125
 08/04  07:30:00,1061.8828383342156,43.289456404848444
 08/04  07:45:00,469.5133333333336,51.01799261345619
 08/04  08:00:00,497.3749862299535,58.69782868513345
 08/04  08:15:00,88.98000000000002,66.48638031655041
 08/04  08:30:00,189.3753640809561,74.34112878832104
 08/04  08:45:00,189.36149632819104,98.2110789889445
 08/04  09:00:00,80.98000000000002,122.59791981656709
 08/04  09:15:00,117.37425698060424,147.4489414976815
 08/04  09:30:00,148.02584235392573,172.79520364609084
 08/04  09:45:00,110.98000000000002,202.67464831404928
 08/04  10:00:00,144.9707884799917,244.07786625037858
 08/04  10:15:00,64.98,277.3810365610732
 08/04  10:30:00,123.5070536680933,311.6890746116233
 08/04  10:45:00,163.3538993805613,299.51820016343294
 08/04  11:00:00,110.98000000000002,286.9079912036833
 08/04  11:15:00,103.4900804957631,259.06267352882713
 08/04  11:30:00,44.97999999999999,244.9948747287811
 08/04  11:45:00,124.96109885671098,291.0105055280074
 08/04  12:00:00,143.34241322588696,321.9799887171519
 08/04  12:15:00,95.64666666666666,353.52380685468665
 08/04  12:30:00,117.34808527934362,385.1029698902638
 08/04  12:45:00,68.04666666666667,426.1077966828441
 08/04  13:00:00,163.3535303401961,449.7626403531661
 08/04  13:15:00,110.98000000000002,471.683771332441
 08/04  13:30:00,126.55697080815864,492.3200476122672
 08/04  13:45:00,117.33789174302797,504.0215770357104
 08/04  14:00:00,89.51333333333334,529.3225485119274
 08/04  14:15:00,163.34113754660405,537.4994671579976
 08/04  14:30:00,98.71333333333334,543.7759385034981
 08/04  14:45:00,117.34446772121048,538.6881980752806
 08/04  15:00:00,64.98,531.4969265621825
 08/04  15:15:00,577.3568090203179,533.1897095888588
 08/04  15:30:00,524.98,519.9326888063522
 08/04  15:45:00,240.02294448443087,485.5450527209698
 08/04  16:00:00,117.33940550451888,451.38969710169624
 08/04  16:15:00,86.44666666666667,408.4886844804858
 08/04  16:30:00,7945.528501881785,375.3741011978053
 08/04  16:45:00,697.6334079448653,335.98460477106624
 08/04  17:00:00,350.54392438034074,297.3626400915136
 08/04  17:15:00,110.98000000000002,259.35768332630244
 08/04  17:30:00,163.35174608672938,222.855161458741
 08/04  17:45:00,1928.98,185.48948870193067
 08/04  18:00:00,1972.1598879808396,152.1032954585091
 08/04  18:15:00,660.7637995773015,121.42032279933602
 08/04  18:30:00,94.24605542456156,97.89901671121537
 08/04  18:45:00,140.2935780408667,74.01048663715872
 08/04  19:00:00,110.98000000000002,55.067464565670356
 08/04  19:15:00,7918.010694491752,42.43583883067532
 08/04  19:30:00,625.1906064371047,29.202310330804124
 08/04  19:45:00,135.7526694214842,22.381971343849443
 08/04  20:00:00,110.98000000000002,15.519190021192921
 08/04  20:15:00,157.2327135694416,8.914281379847386
 08/04  20:30:00,64.98,0.0
 08/04  20:45:00,285.3818394088074,0.0
 08/04  21:00:00,325.2364378800047,0.0
 08/04  21:15:00,278.98,0.0
 08/04  21:30:00,303.7921632857108,0.0
 08/04  21:45:00,285.3836325042522,0.0
 08/04  22:00:00,248.31333333333333,0.0
 08/04  22:15:00,344.739484624042,0.0
 08/04  22:30:00,140.32885047351004,0.0
 08/04  22:45:00,97.38488514242437,0.0
 08/04  23:00:00,44.97999999999999,0.0
 08/04  23:15:00,188.74982724255077,0.0
 08/04  23:30:00,982.610206936529,0.0
 08/04  23:45:00,102.59264666666668,0.0
 08/04  24:00:00,142.75395154911902,0.0
 08/05  00:15:00,164.22449768903647,0.0
 08/05  00:30:00,188.73229475044045,0.0
 08/05  00:45:00,127.12598,0.0
 08/05  01:00:00,142.75286616439718,0.0
 08/05  01:15:00,1068.922041479261,0.0
 08/05  01:30:00,1324.0463253333337,0.0
 08/05  01:45:00,188.75357323808592,0.0
 08/05  02:00:00,158.0874229535454,0.0
 08/05  02:15:00,130.64797512996216,0.0
 08/05  02:30:00,63.38,0.0
 08/05  02:45:00,143.39297929741286,0.0
 08/05  03:00:00,137.2451658407015,0.0
 08/05  03:15:00,44.97999999999999,0.0
 08/05  03:30:00,97.39568555918028,0.0
 08/05  03:45:00,137.2502970922807,0.0
 08/05  04:00:00,90.98,0.0
 08/05  04:15:00,115.8010105015269,0.0
 08/05  04:30:00,97.38892628300516,0.0
 08/05  04:45:00,60.313333333333325,0.0
 08/05  05:00:00,143.4062824229468,0.0
 08/05  05:15:00,158.9946039547284,0.0
 08/05  05:30:00,377.3828066833344,6.9435341937254655
 08/05  05:45:00,90.98,16.077461615522875
 08/05  06:00:00,143.40126268734286,25.270525025050432
 08/05  06:15:00,143.3858948070712,34.47082868588528
 08/05  06:30:00,90.98,43.56774093036288
 08/05  06:45:00,97.39559068509162,54.43571179327185
 08/05  07:00:00,97.37916585855928,69.3974359520124
 08/05  07:15:00,78.71333333333334,86.06669423323936
 08/05  07:30:00,143.3840730491174,103.36839949551927
 08/05  07:45:00,521.918007655161,130.73917407264747
 08/05  08:00:00,444.9800000000002,161.33679557204357
 08/05  08:15:00,141.3761245268754,196.12362776405416
 08/05  08:30:00,136.98,234.6147203828296
 08/05  08:45:00,189.36945429874996,277.57955167144104
 08/05  09:00:00,133.3491776540494,318.6705267573377
 08/05  09:15:00,64.98,363.1153808638704
 08/05  09:30:00,148.01836839027342,410.17711802516123
 08/05  09:45:00,110.98000000000002,441.8818800299948
 08/05  10:00:00,144.95321611958192,484.1051205390689
 08/05  10:15:00,7894.979663807589,516.1444218260078
 08/05  10:30:00,631.3221291721878,547.8866409893333
 08/05  10:45:00,163.3289639504555,570.3824184273958
 08/05  11:00:00,110.98000000000002,590.7408098264973
 08/05  11:15:00,103.46155936672704,610.8717878800694
 08/05  11:30:00,44.97999999999999,617.5741233191833
 08/05  11:45:00,124.92992013077476,631.5015741802093
 08/05  12:00:00,90.98,643.7437510107217
 08/05  12:15:00,127.99533089058414,652.4576595566995
 08/05  12:30:00,44.97999999999999,659.5476350954954
 08/05  12:45:00,100.39012793284718,659.0679443718018
 08/05  13:00:00,90.98,657.0938243445821
 08/05  13:15:00,143.31920298930856,653.3241290738622
 08/05  13:30:00,54.17999999999999,647.9105264868253
 08/05  13:45:00,97.31671149791016,635.4682068121595
 08/05  14:00:00,69.51333333333332,621.6574561506774
 08/05  14:15:00,143.3137352827944,607.5124079338942
 08/05  14:30:00,78.71333333333334,591.9498240851605
 08/05  14:45:00,97.31021298154778,596.8324525623874
 08/05  15:00:00,44.97999999999999,586.2900227003987
 08/05  15:15:00,524.98,572.9184669501079
 08/05  15:30:00,577.3271378879065,555.8143942930062
 08/05  15:45:00,187.64666666666668,520.3591269631848
 08/05  16:00:00,117.32573286302484,484.04665572324257
 08/05  16:15:00,7915.704580549424,446.55942185102543
 08/05  16:30:00,670.6982032069966,408.0462063166362
 08/05  16:45:00,157.78,362.7609828868741
 08/05  17:00:00,350.5262232080375,318.8124991309729
 08/05  17:15:00,110.98000000000002,276.0566709625057
 08/05  17:30:00,163.3265369743993,235.51757876836115
 08/05  17:45:00,1928.980000000003,188.40333291981352
 08/05  18:00:00,1972.127306186137,144.7494693196263
 08/05  18:15:00,657.6466666666668,112.26528050754287
 08/05  18:30:00,97.33464840324382,86.44363046725
 08/05  18:45:00,87.91333333333333,64.79839106290056
 08/05  19:00:00,163.33261877906554,48.23024033586512
 08/05  19:15:00,80.31333333333333,37.299546522634195
 08/05  19:30:00,117.34024340855804,25.736579617294947
 08/05  19:45:00,83.38,19.549796643995563
 08/05  20:00:00,163.3494087717633,13.342505174394052
 08/05  20:15:00,157.20132221366384,7.325589137404369
 08/05  20:30:00,64.98,0.0
 08/05  20:45:00,285.3478608464651,0.0
 08/05  21:00:00,272.8466666666667,0.0
 08/05  21:15:00,331.36139290160565,0.0
 08/05  21:30:00,251.38,0.0
 08/05  21:45:00,285.37466930554035,0.0
 08/05  22:00:00,300.6945328663521,0.0
 08/05  22:15:00,292.31333333333333,0.0
 08/05  22:30:00,140.31074801590682,0.0
 08/05  22:45:00,97.3653176044878,0.0
 08/05  23:00:00,44.97999999999999,0.0
 08/05  23:15:00,143.38188205248838,0.0
 08/05  23:30:00,143.36872410503952,0.0
 08/05  23:45:00,57.246666666666655,0.0
 08/05  24:00:00,97.38451434723942,0.0
 08/06  00:15:00,118.83707373032748,0.0
 08/06  00:30:00,90.98,0.0
 08/06  00:45:00,134.18386302744494,0.0
 08/06  01:00:00,97.36969315229516,0.0
 08/06  01:15:00,44.97999999999999,0.0
 08/06  01:30:00,140.31708258204907,0.0
 08/06  01:45:00,143.3699311617251,0.0
 08/06  02:00:00,60.313333333333325,0.0
 08/06  02:15:00,97.38562935406658,0.0
 08/06  02:30:00,115.77356571144946,0.0
 08/06  02:45:00,90.98,0.0
 08/06  03:00:00,137.25845076502284,0.0
 08/06  03:15:00,97.38084288469508,0.0
 08/06  03:30:00,44.97999999999999,0.0
 08/06  03:45:00,137.268060728018,0.0
 08/06  04:00:00,143.39127509941238,0.0
 08/06  04:15:00,63.38,0.0
 08/06  04:30:00,97.41005101194418,0.0
 08/06  04:45:00,112.73223708804014,0.0
 08/06  05:00:00,143.38765874266804,0.0
 08/06  05:15:00,106.58,0.0
 08/06  05:30:00,377.4039969118884,6.954830640516834
 08/06  05:45:00,143.39121283051907,15.612767817095188
 08/06  06:00:00,90.98,24.605703900207942
 08/06  06:15:00,143.40445432912182,33.57458840037258
 08/06  06:30:00,143.38881423089035,42.46405770038094
 08/06  06:45:00,44.97999999999999,51.12958614381945
 08/06  07:00:00,97.39763140968964,66.42359578936357
 08/06  07:15:00,131.11308298092803,91.40326965057281
 08/06  07:30:00,90.98,124.93378443669074
 08/06  07:45:00,521.9168778459173,160.526288759455
 08/06  08:00:00,497.3769409889812,200.23029981283824
 08/06  08:15:00,88.98000000000002,244.83184499772707
 08/06  08:30:00,189.364936990722,293.51146630215663
 08/06  08:45:00,189.34387423430155,338.8310731000099
 08/06  09:00:00,80.98000000000002,384.5071509413772
 08/06  09:15:00,117.34256086872608,434.78451060910584
 08/06  09:30:00,95.64666666666666,480.8388671315315
 08/06  09:45:00,163.34026654127862,519.734028792014
 08/06  10:00:00,92.58,558.084321403735
 08/06  10:15:00,7903.5836800858015,595.0427810133223
 08/06  10:30:00,631.1465955035163,630.8118442793005
 08/06  10:45:00,110.98000000000002,659.7660659228405
 08/06  11:00:00,163.34011900349248,687.1062895016962
 08/06  11:15:00,103.45127878532662,714.1027445402968
 08/06  11:30:00,44.97999999999999,733.851569659792
 08/06  11:45:00,72.57999999999998,751.263638075769
 08/06  12:00:00,143.3319301415114,766.2850092714058
 08/06  12:15:00,75.64666666666666,777.9507141457852
 08/06  12:30:00,97.32894631311156,787.1004166879649
 08/06  12:45:00,48.04666666666666,788.9362945771225
 08/06  13:00:00,143.32557718119597,788.3186746331775
 08/06  13:15:00,90.98,785.1320461402779
 08/06  13:30:00,106.5218191972546,779.3895942545598
 08/06  13:45:00,44.97999999999999,766.4129306189833
 08/06  14:00:00,121.85100178628774,751.1366724045819
 08/06  14:15:00,90.98,731.7254595048223
 08/06  14:30:00,131.04431619793988,710.1020361008104
 08/06  14:45:00,44.97999999999999,686.4492422201014
 08/06  15:00:00,97.30342193002627,656.1365546369574
 08/06  15:15:00,524.98,630.3626261708532
 08/06  15:30:00,524.98,601.2102517897692
 08/06  15:45:00,239.9808863579987,562.9263260366738
 08/06  16:00:00,64.98,523.0610586059106
 08/06  16:15:00,7926.752149322197,479.5242003203181
 08/06  16:30:00,670.4046273309239,435.8928598292949
 08/06  16:45:00,157.78,378.7482945335032
 08/06  17:00:00,350.5105219868769,322.04268796022967
 08/06  17:15:00,110.98000000000002,275.9723764359686
 08/06  17:30:00,163.30610102870608,229.57656377417007
 08/06  17:45:00,1928.980000000003,186.77683556179272
 08/06  18:00:00,1972.1137481756612,148.96470482313856
 08/06  18:15:00,657.6466666666668,116.83834369770511
 08/06  18:30:00,44.97999999999999,90.04025731313456
 08/06  18:45:00,140.25463987150965,67.16118461607093
 08/06  19:00:00,110.98000000000002,49.77534857035408
 08/06  19:15:00,132.65457365884333,38.48474138702145
 08/06  19:30:00,64.98,26.692284402301574
 08/06  19:45:00,135.7210950177487,20.218238033921466
 08/06  20:00:00,110.98000000000002,13.749462525427488
 08/06  20:15:00,157.1937030021719,7.613943760512704
 08/06  20:30:00,64.98,0.0
 08/06  20:45:00,285.34100677604715,0.0
 08/06  21:00:00,272.8466666666667,0.0
 08/06  21:15:00,331.3540479754494,0.0
 08/06  21:30:00,303.73861017368023,0.0
 08/06  21:45:00,232.98,0.0
 08/06  22:00:00,300.6834130773386,0.0
 08/06  22:15:00,292.31333333333333,0.0
 08/06  22:30:00,140.29821765554118,0.0
 08/06  22:45:00,44.97999999999999,0.0
 08/06  23:00:00,97.38131034744411,0.0
 08/06  23:15:00,1105.0978390898526,0.0
 08/06  23:30:00,150.66846000000004,0.0
 08/06  23:45:00,169.33653653081456,0.0
 08/06  24:00:00,157.05646363443554,0.0
 08/07  00:15:00,70.42589733333332,0.0
 08/07  00:30:00,143.38236414542592,0.0
 08/07  00:45:00,134.16900255963992,0.0
 08/07  01:00:00,44.97999999999999,0.0
 08/07  01:15:00,97.38541498137003,0.0
 08/07  01:30:00,140.3070885002168,0.0
 08/07  01:45:00,90.98,0.0
 08/07  02:00:00,112.72621775429369,0.0
 08/07  02:15:00,97.38020753179995,0.0
 08/07  02:30:00,63.38,0.0
 08/07  02:45:00,143.3965996996903,0.0
 08/07  03:00:00,137.25080522704712,0.0
 08/07  03:15:00,44.97999999999999,0.0
 08/07  03:30:00,97.398330376864,0.0
 08/07  03:45:00,137.25130083430665,0.0
 08/07  04:00:00,90.98,0.0
 08/07  04:15:00,115.79965308477269,0.0
 08/07  04:30:00,97.38726340291694,0.0
 08/07  04:45:00,60.313333333333325,0.0
 08/07  05:00:00,143.40390291959588,0.0
 08/07  05:15:00,158.99077275434783,0.0
 08/07  05:30:00,377.3917220755477,5.386415149014441
 08/07  05:45:00,90.98,14.623207783890775
 08/07  06:00:00,143.39226368229552,21.911260812169488
 08/07  06:15:00,143.3754256801633,30.218021870403987
 08/07  06:30:00,90.98,38.472478320473925
 08/07  06:45:00,97.38209428826188,50.89286535152782
 08/07  07:00:00,97.36396766461569,65.84587094907329
 08/07  07:15:00,78.71333333333334,86.27176433377483
 08/07  07:30:00,143.3666240670034,110.43758971884358
 08/07  07:45:00,469.5133333333336,137.5152201705403
 08/07  08:00:00,497.367050337928,173.5213271301471
 08/07  08:15:00,141.36280158650408,212.4534376142794
 08/07  08:30:00,136.98,255.9814933617115
 08/07  08:45:00,189.34622382395557,296.3092885148514
 08/07  09:00:00,80.98000000000002,346.4722160247585
 08/07  09:15:00,117.34414419066022,392.0965346099722
 08/07  09:30:00,95.64666666666666,439.0002060298896
 08/07  09:45:00,163.34061735610533,471.1184479245438
 08/07  10:00:00,92.58,502.37727474417056
 08/07  10:15:00,7906.71761951786,536.5934771200616
 08/07  10:30:00,630.9675657029709,570.1866194627427
 08/07  10:45:00,110.98000000000002,601.2923308840217
 08/07  11:00:00,163.32506251138363,626.8142109466266
 08/07  11:15:00,51.11333333333332,651.4662727596404
 08/07  11:30:00,97.31779508523078,674.4728552942142
 08/07  11:45:00,72.57999999999998,674.5134491363715
 08/07  12:00:00,143.3094370559529,668.547322129927
 08/07  12:15:00,75.64666666666666,663.0092123267526
 08/07  12:30:00,97.30067764347424,654.6716115533677
 08/07  12:45:00,48.04666666666666,653.1675874741097
 08/07  13:00:00,90.98,649.4246596946728
 08/07  13:15:00,143.3074667803589,645.7206066816784
 08/07  13:30:00,54.17999999999999,628.2181067791314
 08/07  13:45:00,97.29961924923576,618.2996727387932
 08/07  14:00:00,69.51333333333332,606.4955381644504
 08/07  14:15:00,143.2908637961525,591.2090615495844
 08/07  14:30:00,78.71333333333334,574.5932808542042
 08/07  14:45:00,44.97999999999999,536.3763607598394
 08/07  15:00:00,97.29645318920868,498.89650696105366
 08/07  15:15:00,524.98,463.8703438889606
 08/07  15:30:00,577.2984475188957,429.07631783966775
 08/07  15:45:00,187.64666666666668,409.4697625582362
 08/07  16:00:00,64.98,387.82975806279103
 08/07  16:15:00,7927.663271751956,363.79235558648355
 08/07  16:30:00,670.2069806720235,338.1508847431183
 08/07  16:45:00,157.78,305.94225242246983
 08/07  17:00:00,350.4967940013456,273.64371495485904
 08/07  17:15:00,110.98000000000002,241.229201841206
 08/07  17:30:00,163.28862665583,208.85497020373393
 08/07  17:45:00,1928.980000000003,171.03695589491582
 08/07  18:00:00,1919.78,137.15012226173937
 08/07  18:15:00,709.9705117194204,106.16887975991816
 08/07  18:30:00,44.97999999999999,82.29281968608677
 08/07  18:45:00,140.2360170895487,60.297534487712646
 08/07  19:00:00,110.98000000000002,43.2046615663307
 08/07  19:15:00,80.31333333333333,31.221892545706936
 08/07  19:30:00,117.31453387729776,17.754362079442526
 08/07  19:45:00,83.38,13.537713931325953
 08/07  20:00:00,163.31820572054846,9.287917021019501
 08/07  20:15:00,104.84666666666666,0.0
 08/07  20:30:00,285.3261241356037,0.0
 08/07  20:45:00,232.98,0.0
 08/07  21:00:00,325.20304118444403,0.0
 08/07  21:15:00,278.98,0.0
 08/07  21:30:00,303.74718061255726,0.0
 08/07  21:45:00,232.98,0.0
 08/07  22:00:00,300.693247922503,0.0
 08/07  22:15:00,344.67440105567846,0.0
 08/07  22:30:00,87.91333333333333,0.0
 08/07  22:45:00,97.34418546662285,0.0
 08/07  23:00:00,44.97999999999999,0.0
 08/07  23:15:00,143.3514210073052,0.0
 08/07  23:30:00,90.98,0.0
 08/07  23:45:00,109.63108963796785,0.0
 08/07  24:00:00,97.35094005959944,0.0
 08/08  00:15:00,66.44666666666666,0.0
 08/08  00:30:00,143.3611863283023,0.0
 08/08  00:45:00,81.78,0.0
 08/08  01:00:00,97.37178970173656,0.0
 08/08  01:15:00,97.35766659319894,0.0
 08/08  01:30:00,87.91333333333333,0.0
 08/08  01:45:00,143.3714601168685,0.0
 08/08  02:00:00,60.313333333333325,0.0
 08/08  02:15:00,97.38418217625916,0.0
 08/08  02:30:00,115.76925617089648,0.0
 08/08  02:45:00,90.98,0.0
 08/08  03:00:00,137.24719473584787,0.0
 08/08  03:15:00,97.36573717644993,0.0
 08/08  03:30:00,44.97999999999999,0.0
 08/08  03:45:00,137.24426080616445,0.0
 08/08  04:00:00,143.3628349667538,0.0
 08/08  04:15:00,63.38,0.0
 08/08  04:30:00,97.3732107199498,0.0
 08/08  04:45:00,60.313333333333325,0.0
 08/08  05:00:00,143.3831545949517,0.0
 08/08  05:15:00,158.96802151100883,0.0
 08/08  05:30:00,324.97999999999985,6.0929673776807105
 08/08  05:45:00,143.37887033004097,16.182342090284237
 08/08  06:00:00,143.36364220518175,23.417473229981017
 08/08  06:15:00,90.98,32.23318188107627
 08/08  06:30:00,143.3660049293225,40.95679981069305
 08/08  06:45:00,44.97999999999999,49.592699818422176
 08/08  07:00:00,97.36633149104576,64.4984470307882
 08/08  07:15:00,131.0774262240273,88.60181785750439
 08/08  07:30:00,90.98,121.11794778492104
 08/08  07:45:00,521.8833492706885,153.68566666546462
 08/08  08:00:00,444.9800000000002,191.8673712247595
 08/08  08:15:00,141.33986934629957,240.3292525738541
 08/08  08:30:00,136.98,291.2861557591516
 08/08  08:45:00,189.3263765572614,337.5064884809281
 08/08  09:00:00,80.98000000000002,383.8797076337096
 08/08  09:15:00,117.31868507399535,429.61982489556453
 08/08  09:30:00,95.64666666666666,474.7406236912767
 08/08  09:45:00,163.3099588635976,512.9254124816526
 08/08  10:00:00,92.58,550.1204688429832
 08/08  10:15:00,7899.170180123902,586.2353714201535
 08/08  10:30:00,630.5507259874581,620.93117129008
 08/08  10:45:00,110.98000000000002,645.5536666575605
 08/08  11:00:00,163.3024742447593,672.0330929905405
 08/08  11:15:00,51.11333333333332,696.335410075511
 08/08  11:30:00,97.28993126318974,718.5818706609489
 08/08  11:45:00,72.57999999999998,732.4198741183651
 08/08  12:00:00,90.98,744.0202010013473
 08/08  12:15:00,127.95767997702843,753.982141414418
 08/08  12:30:00,44.97999999999999,761.4807249121632
 08/08  12:45:00,48.04666666666666,762.9669032316069
 08/08  13:00:00,143.29444169944952,762.1234651219889
 08/08  13:15:00,90.98,758.6664477380706
 08/08  13:30:00,106.48219231103994,752.7502629376272
 08/08  13:45:00,44.97999999999999,740.1913009965355
 08/08  14:00:00,69.51333333333332,725.5331274577011
 08/08  14:15:00,143.2837327781991,707.1402836788094
 08/08  14:30:00,78.71333333333334,686.6043780187389
 08/08  14:45:00,44.97999999999999,659.6572311007616
 08/08  15:00:00,97.28627651145456,631.0683400167213
 08/08  15:15:00,524.98,606.2138777769859
 08/08  15:30:00,577.2808925474557,578.4556821618496
 08/08  15:45:00,187.64666666666668,544.716810584804
 08/08  16:00:00,64.98,506.69877683576124
 08/08  16:15:00,7924.094309791983,466.07943682827045
 08/08  16:30:00,669.8454193397707,424.88986519595886
 08/08  16:45:00,157.78,375.75747027401223
 08/08  17:00:00,350.4775570462659,328.5472763631869
 08/08  17:15:00,110.98000000000002,283.7515537728844
 08/08  17:30:00,110.98000000000002,237.98545226632143
 08/08  17:45:00,1981.290018139908,190.43545744989973
 08/08  18:00:00,1919.78,148.77209930976719
 08/08  18:15:00,657.6466666666668,111.76467189797006
 08/08  18:30:00,97.29182595184062,85.13790575493799
 08/08  18:45:00,87.91333333333333,60.37997380878406
 08/08  19:00:00,163.29284920706658,44.225486089948724
 08/08  19:15:00,80.31333333333333,33.93618352677991
 08/08  19:30:00,64.98,24.401611897579805
 08/08  19:45:00,135.70850270878358,18.498668904833863
 08/08  20:00:00,110.98000000000002,12.582785701197142
 08/08  20:15:00,157.1809111889613,0.0
 08/08  20:30:00,232.98,0.0
 08/08  20:45:00,285.32318516480734,0.0
 08/08  21:00:00,272.8466666666667,0.0
 08/08  21:15:00,331.33276113875786,0.0
 08/08  21:30:00,251.38,0.0
 08/08  21:45:00,285.3422740045127,0.0
 08/08  22:00:00,248.31333333333333,0.0
 08/08  22:15:00,344.68514068182503,0.0
 08/08  22:30:00,87.91333333333333,0.0
 08/08  22:45:00,97.3607463232282,0.0
 08/08  23:00:00,97.34506636805712,0.0
 08/08  23:15:00,1962.4762666666668,0.0
 08/08  23:30:00,1305.8849616795287,0.0
 08/08  23:45:00,1503.3613333333335,0.0
 08/08  24:00:00,118.0348059238867,0.0
 08/09  00:15:00,118.84407395922628,0.0
 08/09  00:30:00,90.98,0.0
 08/09  00:45:00,134.17231681261487,0.0
 08/09  01:00:00,97.35883714151822,0.0
 08/09  01:15:00,44.97999999999999,0.0
 08/09  01:30:00,140.30620239892707,0.0
 08/09  01:45:00,90.98,0.0
 08/09  02:00:00,112.72066447232956,0.0
 08/09  02:15:00,97.37285868994218,0.0
 08/09  02:30:00,63.38,0.0
 08/09  02:45:00,143.38513810375056,0.0
 08/09  03:00:00,137.2372870890664,0.0
 08/09  03:15:00,44.97999999999999,0.0
 08/09  03:30:00,97.3861543178758,0.0
 08/09  03:45:00,137.24013454393364,0.0
 08/09  04:00:00,90.98,0.0
 08/09  04:15:00,115.7889112918767,0.0
 08/09  04:30:00,97.37542625236614,0.0
 08/09  04:45:00,60.313333333333325,0.0
 08/09  05:00:00,143.39006586995052,0.0
 08/09  05:15:00,158.9772080331585,0.0
 08/09  05:30:00,324.97999999999985,5.380301748043703
 08/09  05:45:00,143.39326234635735,14.434866099065776
 08/09  06:00:00,143.38071213165168,21.352470811941316
 08/09  06:15:00,90.98,29.528133468659988
 08/09  06:30:00,143.3916235230835,37.666000463782765
 08/09  06:45:00,97.37606247388504,38.85363766581448
 08/09  07:00:00,44.97999999999999,40.26266217578412
 08/09  07:15:00,131.11883000945346,40.87664058483493
 08/09  07:30:00,143.36909189779558,40.58669123635828
 08/09  07:45:00,469.5133333333336,59.242664869642375
 08/09  08:00:00,497.3769839142493,78.05526233680837
 08/09  08:15:00,141.37686415585353,97.22958064435313
 08/09  08:30:00,136.98,116.76174158010583
 08/09  08:45:00,189.3652293146164,129.2979151949611
 08/09  09:00:00,80.98000000000002,141.98454356100154
 08/09  09:15:00,117.37106262921196,154.88054438003624
 08/09  09:30:00,148.0204616110541,167.8867852721919
 08/09  09:45:00,110.98000000000002,223.6598658177535
 08/09  10:00:00,144.9602211140548,274.4439310277041
 08/09  10:15:00,7891.963424634545,327.7877247123186
 08/09  10:30:00,631.6484293242131,395.28483616099805
 08/09  10:45:00,163.3487560366188,445.283806376048
 08/09  11:00:00,110.98000000000002,512.2281239994353
 08/09  11:15:00,103.48302982576904,565.3002944246821
 08/09  11:30:00,44.97999999999999,632.4955537714038
 08/09  11:45:00,124.94599693952892,665.2132686612239
 08/09  12:00:00,90.98,697.6753772518324
 08/09  12:15:00,128.0089265396769,732.6856442468045
 08/09  12:30:00,44.97999999999999,762.8985550495659
 08/09  12:45:00,100.40588613817388,764.1153656504193
 08/09  13:00:00,90.98,763.3844124981001
 08/09  13:15:00,143.33560317677754,763.792462529358
 08/09  13:30:00,54.17999999999999,755.1926943879652
 08/09  13:45:00,97.33159127397796,748.1311852266205
 08/09  14:00:00,69.51333333333332,738.2705652131767
 08/09  14:15:00,143.32690463680115,723.1702983845921
 08/09  14:30:00,78.71333333333334,705.6047422681618
 08/09  14:45:00,97.32159777622216,679.3503140973381
 08/09  15:00:00,44.97999999999999,651.0011670708523
 08/09  15:15:00,577.3153455070561,623.0416843369511
 08/09  15:30:00,524.98,592.3892132853
 08/09  15:45:00,239.9747490598582,552.7175972811399
 08/09  16:00:00,64.98,512.3806137046349
 08/09  16:15:00,7921.161215940255,472.91182226799606
 08/09  16:30:00,670.4689745094597,431.7294409171627
 08/09  16:45:00,157.78,381.713245468011
 08/09  17:00:00,350.513804103272,333.5752383872472
 08/09  17:15:00,110.98000000000002,287.66548648494006
 08/09  17:30:00,163.31178842327645,240.87114178189302
 08/09  17:45:00,1928.980000000003,192.70389700679698
 08/09  18:00:00,1972.1226555907876,149.7520530767293
 08/09  18:15:00,657.6466666666668,112.82293425661997
 08/09  18:30:00,97.32486048129311,81.74459645782257
 08/09  18:45:00,87.91333333333333,56.76425337583117
 08/09  19:00:00,163.31155672303765,40.29378563904542
 08/09  19:15:00,80.31333333333333,32.07334842242717
 08/09  19:30:00,117.3151903313576,23.421692410468967
 08/09  19:45:00,83.38,17.727300388348578
 08/09  20:00:00,163.32001507773634,12.036712345927166
 08/09  20:15:00,104.84666666666666,0.0
 08/09  20:30:00,285.32817022252664,0.0
 08/09  20:45:00,232.98,0.0
 08/09  21:00:00,325.2046536219336,0.0
 08/09  21:15:00,278.98,0.0
 08/09  21:30:00,303.7451646201738,0.0
 08/09  21:45:00,232.98,0.0
 08/09  22:00:00,300.68634669545366,0.0
 08/09  22:15:00,292.31333333333333,0.0
 08/09  22:30:00,140.29806085343864,0.0
 08/09  22:45:00,97.35058283439858,0.0
 08/09  23:00:00,44.97999999999999,0.0
 08/09  23:15:00,1918.7444465447536,0.0
 08/09  23:30:00,964.680125333334,0.0
 08/09  23:45:00,194.3743488201729,0.0
 08/09  24:00:00,182.1084749467309,0.0
 08/10  00:15:00,100.34121066666664,0.0
 08/10  00:30:00,143.3695664370771,0.0
 08/10  00:45:00,81.78,0.0
 08/10  01:00:00,97.38467102194372,0.0
 08/10  01:15:00,97.36997143307477,0.0
 08/10  01:30:00,87.91333333333333,0.0
 08/10  01:45:00,143.38175549649011,0.0
 08/10  02:00:00,112.700420198809,0.0
 08/10  02:15:00,44.97999999999999,0.0
 08/10  02:30:00,115.78131443209752,0.0
 08/10  02:45:00,143.3679371896344,0.0
 08/10  03:00:00,84.84666666666666,0.0
 08/10  03:15:00,97.3826576476969,0.0
 08/10  03:30:00,97.36914490198242,0.0
 08/10  03:45:00,84.84666666666666,0.0
 08/10  04:00:00,143.38404244524347,0.0
 08/10  04:15:00,115.77097356026115,0.0
 08/10  04:30:00,44.97999999999999,0.0
 08/10  04:45:00,112.7202080337209,0.0
 08/10  05:00:00,143.37415937191116,0.0
 08/10  05:15:00,106.58,0.0
 08/10  05:30:00,377.3900515836557,5.380518533131642
 08/10  05:45:00,143.37729907530547,15.202141864060664
 08/10  06:00:00,90.98,22.27768986036088
 08/10  06:15:00,143.39093919268996,30.95036953112816
 08/10  06:30:00,143.3754289829776,39.550515755481314
 08/10  06:45:00,44.97999999999999,48.393545658354526
 08/10  07:00:00,97.38524046178418,63.5590576027146
 08/10  07:15:00,131.09932456257715,87.95265249526945
 08/10  07:30:00,90.98,120.82364424118845
 08/10  07:45:00,521.9069094791425,156.1356253086019
 08/10  08:00:00,444.9800000000002,196.19083901067026
 08/10  08:15:00,141.36534178858366,241.58964360548282
 08/10  08:30:00,189.3542921275129,291.5059626257738
 08/10  08:45:00,136.98,338.6084351036543
 08/10  09:00:00,133.3361519429749,382.97642487967045
 08/10  09:15:00,64.98,427.843417186506
 08/10  09:30:00,147.99229149733094,472.8685658165116
 08/10  09:45:00,110.98000000000002,509.5355264701438
 08/10  10:00:00,144.91212212522294,543.8263034489524
 08/10  10:15:00,64.98,580.5682324410649
 08/10  10:30:00,123.43111429118574,616.1853455773986
 08/10  10:45:00,110.98000000000002,637.192112277169
 08/10  11:00:00,110.98000000000002,662.6583164745753
 08/10  11:15:00,103.42740860624698,685.1531406351137
 08/10  11:30:00,44.97999999999999,705.4974008187023
 08/10  11:45:00,124.87830676325332,719.2128644604363
 08/10  12:00:00,90.98,730.5939318775867
 08/10  12:15:00,95.64666666666666,737.7126631077936
 08/10  12:30:00,117.27318041922354,742.0444772089885
 08/10  12:45:00,68.04666666666667,740.3468073781128
 08/10  13:00:00,110.98000000000002,736.0945387203177
 08/10  13:15:00,163.26650835764406,735.176426103745
 08/10  13:30:00,74.18,731.6367185046197
 08/10  13:45:00,64.98,716.7427483378435
 08/10  14:00:00,141.7929239425109,708.2217432276515
 08/10  14:15:00,110.98000000000002,687.3290695043105
 08/10  14:30:00,98.71333333333334,664.79426784593
 08/10  14:45:00,64.98,634.9657171056913
 08/10  15:00:00,117.26232842004848,600.5111082667885
 08/10  15:15:00,524.98,565.1759883203051
 08/10  15:30:00,524.98,529.3430535380722
 08/10  15:45:00,239.9170492869855,476.2105079510284
 08/10  16:00:00,64.98,430.8609485864174
 08/10  16:15:00,86.44666666666667,388.55322837488325
 08/10  16:30:00,7945.740280064363,341.0970590296833
 08/10  16:45:00,716.0274168705918,278.97816595982823
 08/10  17:00:00,298.18,216.68946440849777
 08/10  17:15:00,110.98000000000002,167.88812176119694
 08/10  17:30:00,163.2521423394549,119.24629148719956
 08/10  17:45:00,1928.980000000003,102.39281637474207
 08/10  18:00:00,1919.78,86.18276944643034
 08/10  18:15:00,657.6466666666668,70.86925531188858
 08/10  18:30:00,97.26681250305722,56.50232966072964
 08/10  18:45:00,87.91333333333333,45.7320323186497
 08/10  19:00:00,110.98000000000002,35.16516539347132
 08/10  19:15:00,7921.81346095199,24.851216235037466
 08/10  19:30:00,623.6752375163034,13.906965313869023
 08/10  19:45:00,83.38,10.46085749200104
 08/10  20:00:00,163.2757614713849,7.247151788507543
 08/10  20:15:00,104.84666666666666,0.0
 08/10  20:30:00,232.98,0.0
 08/10  20:45:00,285.2883864482106,0.0
 08/10  21:00:00,272.8466666666667,0.0
 08/10  21:15:00,278.98,0.0
 08/10  21:30:00,303.70835245055827,0.0
 08/10  21:45:00,232.98,0.0
 08/10  22:00:00,300.64566892087674,0.0
 08/10  22:15:00,292.31333333333333,0.0
 08/10  22:30:00,140.2539681818863,0.0
 08/10  22:45:00,44.97999999999999,0.0
 08/10  23:00:00,97.33164949580905,0.0
 08/10  23:15:00,1951.154,0.0
 08/10  23:30:00,1886.0206992488893,0.0
 08/10  23:45:00,154.9392966666665,0.0
 08/10  24:00:00,195.04310880137103,0.0
 08/11  00:15:00,164.13929666666667,0.0
 08/11  00:30:00,241.0462044976644,0.0
 08/11  00:45:00,231.82970705454895,0.0
 08/11  01:00:00,142.67263,0.0
 08/11  01:15:00,123.39618430999,0.0
 08/11  01:30:00,87.91333333333333,0.0
 08/11  01:45:00,143.35178013917792,0.0
 08/11  02:00:00,60.313333333333325,0.0
 08/11  02:15:00,97.3600104535847,0.0
 08/11  02:30:00,115.74423747433306,0.0
 08/11  02:45:00,90.98,0.0
 08/11  03:00:00,137.2213318074538,0.0
 08/11  03:15:00,44.97999999999999,0.0
 08/11  03:30:00,97.36008506332128,0.0
 08/11  03:45:00,84.84666666666666,0.0
 08/11  04:00:00,143.36494551278284,0.0
 08/11  04:15:00,115.7487255111956,0.0
 08/11  04:30:00,44.97999999999999,0.0
 08/11  04:45:00,112.69108972763928,0.0
 08/11  05:00:00,90.98,0.0
 08/11  05:15:00,158.9671710482918,0.0
 08/11  05:30:00,377.3638197958541,4.541531507821122
 08/11  05:45:00,90.98,13.443140915003369
 08/11  06:00:00,143.36169625054805,20.30326387714354
 08/11  06:15:00,90.98,28.45576310340894
 08/11  06:30:00,143.362304104542,36.60677536608179
 08/11  06:45:00,97.3413527669842,47.83282410558776
 08/11  07:00:00,44.97999999999999,62.25006178170807
 08/11  07:15:00,131.07198457586222,81.3375515267308
 08/11  07:30:00,90.98,104.58614474655245
 08/11  07:45:00,521.8770152819891,131.16776815467563
 08/11  08:00:00,444.9800000000002,159.9593340648737
 08/11  08:15:00,141.3318542989035,190.53612408393798
 08/11  08:30:00,136.98,222.57528526884812
 08/11  08:45:00,189.31485982085388,251.15656371793807
 08/11  09:00:00,80.98000000000002,281.0417453922032
 08/11  09:15:00,117.30443438083844,320.06319065397906
 08/11  09:30:00,95.64666666666666,352.91464263866436
 08/11  09:45:00,110.98000000000002,379.94271077094703
 08/11  10:00:00,144.90951829026457,406.6104908125488
 08/11  10:15:00,64.98,432.57067473909524
 08/11  10:30:00,123.4297711965059,457.87361470377914
 08/11  10:45:00,110.98000000000002,491.6713005230629
 08/11  11:00:00,110.98000000000002,525.7378917665001
 08/11  11:15:00,103.42804887484868,571.7159210566377
 08/11  11:30:00,44.97999999999999,604.5689767505813
 08/11  11:45:00,124.8794087247812,596.1112309346164
 08/11  12:00:00,90.98,573.6521288587604
 08/11  12:15:00,95.64666666666666,564.8063420796245
 08/11  12:30:00,117.27638323455812,553.644341431543
 08/11  12:45:00,68.04666666666667,552.2117123682514
 08/11  13:00:00,110.98000000000002,549.1311849210294
 08/11  13:15:00,163.27367567647235,545.2605000567481
 08/11  13:30:00,74.18,540.3437571800484
 08/11  13:45:00,64.98,549.0273632139051
 08/11  14:00:00,141.80573532047572,555.1401008912616
 08/11  14:15:00,110.98000000000002,560.6237706245735
 08/11  14:30:00,98.71333333333334,576.4558122082216
 08/11  14:45:00,117.27229802126956,537.8831345655498
 08/11  15:00:00,64.98,489.54655575632745
 08/11  15:15:00,524.98,452.93651976606384
 08/11  15:30:00,577.269704906086,417.0151674403679
 08/11  15:45:00,187.64666666666668,365.46172798212405
 08/11  16:00:00,64.98,326.65934971214915
 08/11  16:15:00,138.73304811405467,289.56355739593914
 08/11  16:30:00,7933.474335011104,254.44430003512485
 08/11  16:45:00,716.4176865152048,227.87687397577358
 08/11  17:00:00,298.18,202.00938034899477
 08/11  17:15:00,110.98000000000002,172.19753049782003
 08/11  17:30:00,163.27672107355204,149.41539180748507
 08/11  17:45:00,1928.980000000003,125.73304429928476
 08/11  18:00:00,1919.78,103.6082463825922
 08/11  18:15:00,709.9500771822532,83.2491588317056
 08/11  18:30:00,44.97999999999999,64.80550269454504
 08/11  18:45:00,140.2170783542282,50.34542450460085
 08/11  19:00:00,110.98000000000002,37.43904679294496
 08/11  19:15:00,7909.911632698291,25.902808209121527
 08/11  19:30:00,624.0540626532404,13.336878019831051
 08/11  19:45:00,83.38,10.029822745506852
 08/11  20:00:00,163.2956551162329,6.946677543775637
 08/11  20:15:00,104.84666666666666,0.0
 08/11  20:30:00,285.29458520281094,0.0
 08/11  20:45:00,232.98,0.0
 08/11  21:00:00,272.8466666666667,0.0
 08/11  21:15:00,331.3160706548674,0.0
 08/11  21:30:00,251.38,0.0
 08/11  21:45:00,285.31857005414867,0.0
 08/11  22:00:00,248.31333333333333,0.0
 08/11  22:15:00,344.6549361442337,0.0
 08/11  22:30:00,87.91333333333333,0.0
 08/11  22:45:00,97.32489586329,0.0
 08/11  23:00:00,44.97999999999999,0.0
 08/11  23:15:00,188.6745124248889,0.0
 08/11  23:30:00,930.183988,0.0
 08/11  23:45:00,154.9553740661334,0.0
 08/11  24:00:00,90.32598,0.0
 08/12  00:15:00,164.1490248446257,0.0
 08/12  00:30:00,136.32598000000002,0.0
 08/12  00:45:00,179.486708740577,0.0
 08/12  01:00:00,90.32598,0.0
 08/12  01:15:00,1068.8591007163568,0.0
 08/12  01:30:00,1324.0463253333337,0.0
 08/12  01:45:00,188.69644769841852,0.0
 08/12  02:00:00,158.02690407715514,0.0
 08/12  02:15:00,78.23371866666666,0.0
 08/12  02:30:00,115.73952993250016,0.0
 08/12  02:45:00,90.98,0.0
 08/12  03:00:00,137.2137681414014,0.0
 08/12  03:15:00,44.97999999999999,0.0
 08/12  03:30:00,97.35284200302222,0.0
 08/12  03:45:00,84.84666666666666,0.0
 08/12  04:00:00,143.35869015076912,0.0
 08/12  04:15:00,115.7413173150568,0.0
 08/12  04:30:00,44.97999999999999,0.0
 08/12  04:45:00,112.68125186184736,0.0
 08/12  05:00:00,90.98,0.0
 08/12  05:15:00,158.95469868855994,0.0
 08/12  05:30:00,324.97999999999985,0.0
 08/12  05:45:00,143.36164965832847,7.917705707932737
 08/12  06:00:00,143.34466944807295,11.675986859467555
 08/12  06:15:00,90.98,15.658788914050826
 08/12  06:30:00,143.3456814023902,19.630224601287257
 08/12  06:45:00,44.97999999999999,33.62085893932813
 08/12  07:00:00,97.34545523573644,48.0268572536773
 08/12  07:15:00,78.71333333333334,64.96253818473369
 08/12  07:30:00,143.34544678722804,84.58605828357454
 08/12  07:45:00,469.5133333333336,114.23690525370642
 08/12  08:00:00,497.3445585112813,146.73203314594602
 08/12  08:15:00,88.98000000000002,183.03173147579528
 08/12  08:30:00,189.34210230995868,222.73308757818984
 08/12  08:45:00,189.32002373929333,243.8908878867134
 08/12  09:00:00,80.98000000000002,263.1101787160053
 08/12  09:15:00,117.31560181828696,280.42142651860394
 08/12  09:30:00,95.64666666666666,287.5347161431586
 08/12  09:45:00,110.98000000000002,292.00878113191834
 08/12  10:00:00,144.92639702191624,294.9773805963669
 08/12  10:15:00,7895.3982682862525,296.3393979492054
 08/12  10:30:00,630.7145158967295,296.46206841240877
 08/12  10:45:00,110.98000000000002,329.3312957966766
 08/12  11:00:00,163.3115524689045,376.8520578712162
 08/12  11:15:00,51.11333333333332,412.52180488358283
 08/12  11:30:00,97.30642936524151,448.9415477434963
 08/12  11:45:00,72.57999999999998,456.71636835869725
 08/12  12:00:00,143.3011821465035,464.03971240620325
 08/12  12:15:00,75.64666666666666,470.9518419155501
 08/12  12:30:00,44.97999999999999,476.98837126028207
 08/12  12:45:00,100.37852642082572,453.3695781105898
 08/12  13:00:00,90.98,429.15825687656115
 08/12  13:15:00,143.3044103541636,403.59685809368335
 08/12  13:30:00,54.17999999999999,361.0921741828432
 08/12  13:45:00,97.29568248014004,329.1951319357861
 08/12  14:00:00,69.51333333333332,297.3069537058633
 08/12  14:15:00,90.98,265.94064784434886
 08/12  14:30:00,131.03759404956986,221.26914802524922
 08/12  14:45:00,44.97999999999999,212.57726416281537
 08/12  15:00:00,97.29707384700964,203.6630982148179
 08/12  15:15:00,524.98,194.90043262076426
 08/12  15:30:00,577.3023062391993,186.17239607677072
 08/12  15:45:00,187.64666666666668,174.36100173816283
 08/12  16:00:00,64.98,162.71803446499007
 08/12  16:15:00,7927.415284653412,151.2679939041996
 08/12  16:30:00,670.4157551368869,139.9870601618454
 08/12  16:45:00,157.78,167.73521008578183
 08/12  17:00:00,350.5135329233024,189.42526890472928
 08/12  17:15:00,110.98000000000002,197.87128950055344
 08/12  17:30:00,163.31293934666633,204.26754071217283
 08/12  17:45:00,1928.980000000003,163.7415586352729
 08/12  18:00:00,1972.1257475639763,131.04728974567595
 08/12  18:15:00,657.6466666666668,101.6084557136671
 08/12  18:30:00,97.32473973037968,75.92717515485899
 08/12  18:45:00,87.91333333333333,55.139662451839655
 08/12  19:00:00,163.30779681680207,39.21011730400082
 08/12  19:15:00,80.31333333333333,27.42341629506462
 08/12  19:30:00,64.98,14.321680111279603
 08/12  19:45:00,135.74175330281727,10.777304247190694
 08/12  20:00:00,163.32699734541927,7.464325469750069
 08/12  20:15:00,104.84666666666666,0.0
 08/12  20:30:00,285.33638233521225,0.0
 08/12  20:45:00,232.98,0.0
 08/12  21:00:00,325.2139980539751,0.0
 08/12  21:15:00,278.98,0.0
 08/12  21:30:00,303.7558904661406,0.0
 08/12  21:45:00,232.98,0.0
 08/12  22:00:00,300.69842639402464,0.0
 08/12  22:15:00,344.6829436423259,0.0
 08/12  22:30:00,87.91333333333333,0.0
 08/12  22:45:00,97.36038763353156,0.0
 08/12  23:00:00,44.97999999999999,0.0
 08/12  23:15:00,143.3711778332836,0.0
 08/12  23:30:00,143.35587428481972,0.0
 08/12  23:45:00,57.246666666666655,0.0
 08/12  24:00:00,97.36688505353672,0.0
 08/13  00:15:00,66.44666666666666,0.0
 08/13  00:30:00,143.37965968235585,0.0
 08/13  00:45:00,134.16582136925888,0.0
 08/13  01:00:00,44.97999999999999,0.0
 08/13  01:15:00,97.3781738694152,0.0
 08/13  01:30:00,140.29626347619094,0.0
 08/13  01:45:00,90.98,0.0
 08/13  02:00:00,112.70720188549168,0.0
 08/13  02:15:00,97.35903511909508,0.0
 08/13  02:30:00,63.38,0.0
 08/13  02:45:00,143.37123703815328,0.0
 08/13  03:00:00,84.84666666666666,0.0
 08/13  03:15:00,97.38381916547849,0.0
 08/13  03:30:00,97.3698123853777,0.0
 08/13  03:45:00,84.84666666666666,0.0
 08/13  04:00:00,143.3833420562798,0.0
 08/13  04:15:00,115.76990334340933,0.0
 08/13  04:30:00,44.97999999999999,0.0
 08/13  04:45:00,112.71819673929588,0.0
 08/13  05:00:00,143.37179775250448,0.0
 08/13  05:15:00,106.58,0.0
 08/13  05:30:00,377.3851141549751,0.0
 08/13  05:45:00,143.37099507479616,12.441555866817124
 08/13  06:00:00,90.98,19.510817644480113
 08/13  06:15:00,143.38432731950766,27.981300412754475
 08/13  06:30:00,143.37018560478728,36.46018592002132
 08/13  06:45:00,44.97999999999999,47.039545772259864
 08/13  07:00:00,97.38353366737412,62.50852970006821
 08/13  07:15:00,131.0983249486789,86.02373237120352
 08/13  07:30:00,90.98,117.02434881104784
 08/13  07:45:00,521.9141367009743,148.78834582131546
 08/13  08:00:00,444.9800000000002,185.6662788917694
 08/13  08:15:00,141.37224576575406,227.44918179929041
 08/13  08:30:00,189.367578891796,279.0268122634957
 08/13  08:45:00,136.98,315.88170119154773
 08/13  09:00:00,133.36164998028653,352.2946777449067
 08/13  09:15:00,64.98,387.7643967855042
 08/13  09:30:00,148.0325191531607,422.35642715534186
 08/13  09:45:00,163.34706054685603,435.11890553974945
 08/13  10:00:00,92.58,454.03368639299555
 08/13  10:15:00,7901.120912336271,468.08393435260945
 08/13  10:30:00,631.4960464144033,478.8180749047458
 08/13  10:45:00,163.34129511793546,498.80062437021917
 08/13  11:00:00,110.98000000000002,517.3638679033492
 08/13  11:15:00,103.47838544816268,538.1917227643637
 08/13  11:30:00,44.97999999999999,558.0844751647189
 08/13  11:45:00,124.95009835811072,550.2275998823844
 08/13  12:00:00,90.98,540.5946061909088
 08/13  12:15:00,128.02075356401463,511.1540220180988
 08/13  12:30:00,97.33485719576638,496.7097402479841
 08/13  12:45:00,48.04666666666666,493.9795887661115
 08/13  13:00:00,143.33736568877305,490.20917332059645
 08/13  13:15:00,90.98,486.1615028934923
 08/13  13:30:00,106.54292812408286,481.54867469914944
 08/13  13:45:00,44.97999999999999,474.10815788613763
 08/13  14:00:00,121.88210357973752,465.80244895015795
 08/13  14:15:00,90.98,455.4725616035554
 08/13  14:30:00,131.08251435359546,444.09539257810604
 08/13  14:45:00,44.97999999999999,425.00070706203996
 08/13  15:00:00,97.34862842512707,405.5435970545104
 08/13  15:15:00,577.3445704656538,386.83057006230763
 08/13  15:30:00,524.98,367.5858946069654
 08/13  15:45:00,240.00020915380344,341.18147481739385
 08/13  16:00:00,64.98,315.50116793236566
 08/13  16:15:00,7922.12255751984,290.32754884647903
 08/13  16:30:00,671.1420310528597,258.18491043155836
 08/13  16:45:00,210.1321275311932,231.05432250996284
 08/13  17:00:00,298.18,204.58202959203874
 08/13  17:15:00,163.3367619863801,178.89214907143366
 08/13  17:30:00,110.98000000000002,154.08764921962427
 08/13  17:45:00,1981.3528005140813,129.08889880009318
 08/13  18:00:00,1919.78,106.07919144303696
 08/13  18:15:00,710.0206740171723,85.30074639900317
 08/13  18:30:00,44.97999999999999,66.30458744697536
 08/13  18:45:00,140.29088501958137,51.87911586257201
 08/13  19:00:00,163.34193907283532,38.31350848942562
 08/13  19:15:00,80.31333333333333,25.439120549419897
 08/13  19:30:00,117.3524405246377,11.644433409491974
 08/13  19:45:00,83.38,8.752344815327385
 08/13  20:00:00,163.36381434412027,6.062614045438644
 08/13  20:15:00,125.8746214944024,0.0
 08/13  20:30:00,264.3272285413082,0.0
 08/13  20:45:00,285.3620189863064,0.0
 08/13  21:00:00,272.8466666666667,0.0
 08/13  21:15:00,331.37557789831925,0.0
 08/13  21:30:00,303.76192400629355,0.0
 08/13  21:45:00,232.98,0.0
 08/13  22:00:00,300.71005417148103,0.0
 08/13  22:15:00,344.69611272708323,0.0
 08/13  22:30:00,87.91333333333333,0.0
 08/13  22:45:00,97.37696168696792,0.0
 08/13  23:00:00,44.97999999999999,0.0
 08/13  23:15:00,1105.1054568810882,0.0
 08/13  23:30:00,203.0724298808875,0.0
 08/13  23:45:00,116.93512666666666,0.0
 08/13  24:00:00,157.0747491606017,0.0
 08/14  00:15:00,122.81796554873608,0.0
 08/14  00:30:00,90.98,0.0
 08/14  00:45:00,134.1849919269846,0.0
 08/14  01:00:00,97.37084090286308,0.0
 08/14  01:15:00,44.97999999999999,0.0
 08/14  01:30:00,140.32237247732644,0.0
 08/14  01:45:00,143.3778853710433,0.0
 08/14  02:00:00,60.313333333333325,0.0
 08/14  02:15:00,97.39275403316095,0.0
 08/14  02:30:00,115.7767209265016,0.0
 08/14  02:45:00,90.98,0.0
 08/14  03:00:00,137.25184632808978,0.0
 08/14  03:15:00,97.37112982412172,0.0
 08/14  03:30:00,44.97999999999999,0.0
 08/14  03:45:00,137.25124512881047,0.0
 08/14  04:00:00,143.3706145681281,0.0
 08/14  04:15:00,63.38,0.0
 08/14  04:30:00,97.38432780793856,0.0
 08/14  04:45:00,112.70379064747355,0.0
 08/14  05:00:00,90.98,0.0
 08/14  05:15:00,158.98392278648765,0.0
 08/14  05:30:00,377.38331070985794,0.0
 08/14  05:45:00,90.98,6.122232660048554
 08/14  06:00:00,143.38250188628697,10.357976754674693
 08/14  06:15:00,143.36775238726327,14.786326018542258
 08/14  06:30:00,90.98,19.210714263235626
 08/14  06:45:00,97.37977831118684,29.83031140409515
 08/14  07:00:00,97.3648257154394,40.16288601887634
 08/14  07:15:00,78.71333333333334,50.71881049202895
 08/14  07:30:00,143.37402569922904,61.4341502932819
 08/14  07:45:00,469.5133333333336,73.9797775141682
 08/14  08:00:00,497.38220458086914,86.71792145708248
 08/14  08:15:00,141.38247543636786,99.62250236218932
 08/14  08:30:00,136.98,112.673553696998
 08/14  08:45:00,189.3719381123032,125.19562290335767
 08/14  09:00:00,133.35423819913913,137.89346177696638
 08/14  09:15:00,64.98,150.76622480919556
 08/14  09:30:00,148.02566372689998,163.79326339428192
 08/14  09:45:00,110.98000000000002,174.24073451003358
 08/14  10:00:00,144.96260502604218,184.7892935902692
 08/14  10:15:00,7895.245128496008,195.4644625611062
 08/14  10:30:00,631.5642792709849,206.2311720632105
 08/14  10:45:00,163.3439421205773,213.79997510166956
 08/14  11:00:00,110.98000000000002,221.45032434223873
 08/14  11:15:00,103.47867713351928,228.8161713457723
 08/14  11:30:00,44.97999999999999,236.15515751698683
 08/14  11:45:00,124.94491806317222,294.22328084880263
 08/14  12:00:00,90.98,353.447508847727
 08/14  12:15:00,128.01147027737483,397.4504471756679
 08/14  12:30:00,44.97999999999999,441.67459918176087
 08/14  12:45:00,100.41221308389176,473.2298475012071
 08/14  13:00:00,90.98,520.8778736207285
 08/14  13:15:00,143.34530679967162,547.3540031384603
 08/14  13:30:00,106.52423681732638,572.3616816055702
 08/14  13:45:00,44.97999999999999,558.4198371795549
 08/14  14:00:00,121.85590785740736,544.206835936996
 08/14  14:15:00,90.98,530.4878790727707
 08/14  14:30:00,131.05103619532505,515.7583180010705
 08/14  14:45:00,44.97999999999999,494.36278477612325
 08/14  15:00:00,97.31156599746186,472.31951432821444
 08/14  15:15:00,524.98,449.42367687181815
 08/14  15:30:00,524.98,425.87182706084997
 08/14  15:45:00,239.99556727192564,399.46858037555967
 08/14  16:00:00,64.98,372.43026277502724
 08/14  16:15:00,7929.11187809526,345.30982205404104
 08/14  16:30:00,670.6815587618911,317.4963682163145
 08/14  16:45:00,157.78,283.58466467422585
 08/14  17:00:00,350.5262774293532,245.31187923546122
 08/14  17:15:00,110.98000000000002,216.41077731793732
 08/14  17:30:00,163.3244543258744,189.80576081784054
 08/14  17:45:00,1928.98,158.64699952945216
 08/14  18:00:00,1972.1290441458727,128.70650320902448
 08/14  18:15:00,657.6466666666668,100.46692027382561
 08/14  18:30:00,97.33075366808194,74.12885934182275
 08/14  18:45:00,87.91333333333333,54.226285879032176
 08/14  19:00:00,163.33001670700247,38.76670836909284
 08/14  19:15:00,80.31333333333333,27.565051241116034
 08/14  19:30:00,117.33463187164696,15.129552461294526
 08/14  19:45:00,83.38,11.382002612146133
 08/14  20:00:00,163.34017858975534,7.86721303954481
 08/14  20:15:00,104.84666666666666,0.0
 08/14  20:30:00,285.3470067674164,0.0
 08/14  20:45:00,232.98,0.0
 08/14  21:00:00,325.2214927758711,0.0
 08/14  21:15:00,331.3384507480789,0.0
 08/14  21:30:00,251.38,0.0
 08/14  21:45:00,285.3475089183105,0.0
 08/14  22:00:00,248.31333333333333,0.0
 08/14  22:15:00,344.6899525590728,0.0
 08/14  22:30:00,87.91333333333333,0.0
 08/14  22:45:00,97.36546561183974,0.0
 08/14  23:00:00,97.34956180557651,0.0
 08/14  23:15:00,90.98,0.0
 08/14  23:30:00,143.35935244163187,0.0
 08/14  23:45:00,57.246666666666655,0.0
 08/14  24:00:00,97.36959588225406,0.0
 08/15  00:15:00,118.82099585230291,0.0
 08/15  00:30:00,90.98,0.0
 08/15  00:45:00,134.16551024641024,0.0
 08/15  01:00:00,44.97999999999999,0.0
 08/15  01:15:00,97.37711073845811,0.0
 08/15  01:30:00,140.29590054061023,0.0
 08/15  01:45:00,90.98,0.0
 08/15  02:00:00,112.70841950159152,0.0
 08/15  02:15:00,97.36082613753156,0.0
 08/15  02:30:00,63.38,0.0
 08/15  02:45:00,143.37425604089748,0.0
 08/15  03:00:00,84.84666666666666,0.0
 08/15  03:15:00,97.38720001913047,0.0
 08/15  03:30:00,97.3728387346986,0.0
 08/15  03:45:00,84.84666666666666,0.0
 08/15  04:00:00,143.3853274526539,0.0
 08/15  04:15:00,115.77119094850866,0.0
 08/15  04:30:00,44.97999999999999,0.0
 08/15  04:45:00,112.71769459222904,0.0
 08/15  05:00:00,143.37034977945513,0.0
 08/15  05:15:00,106.58,0.0
 08/15  05:30:00,377.3832020326328,0.0
 08/15  05:45:00,143.36891823328432,12.22573634346381
 08/15  06:00:00,90.98,18.84922838290766
 08/15  06:15:00,143.3799002248291,27.051883743866757
 08/15  06:30:00,143.36337106486292,35.20744316382277
 08/15  06:45:00,44.97999999999999,45.22061709924546
 08/15  07:00:00,97.3713058622268,60.05757865404718
 08/15  07:15:00,78.71333333333334,83.7904761168046
 08/15  07:30:00,143.37175389890592,115.60728920793906
 08/15  07:45:00,521.9020790859047,149.84450087437173
 08/15  08:00:00,444.9800000000002,193.05176962506857
 08/15  08:15:00,141.35642845598727,237.55084495723887
 08/15  08:30:00,136.98,285.5590826609668
 08/15  08:45:00,189.34589369568613,319.61308571178694
 08/15  09:00:00,80.98000000000002,350.838873385162
 08/15  09:15:00,117.34191902038816,371.82319313533685
 08/15  09:30:00,95.64666666666666,397.7018768529777
 08/15  09:45:00,163.33705925745073,429.34926109359486
 08/15  10:00:00,92.58,471.28860626563903
 08/15  10:15:00,7907.808423053559,503.25861814612057
 08/15  10:30:00,630.923688313187,534.9032667656061
 08/15  10:45:00,110.98000000000002,543.1028276686241
 08/15  11:00:00,163.33065321584326,536.3913346678917
 08/15  11:15:00,51.11333333333332,540.1566611598054
 08/15  11:30:00,97.32710747005346,541.2298684208434
 08/15  11:45:00,72.57999999999998,551.9913632064545
 08/15  12:00:00,143.32302160785088,561.0386759528689
 08/15  12:15:00,75.64666666666666,566.5103658088316
 08/15  12:30:00,97.31661054707466,570.5067338057453
 08/15  12:45:00,48.04666666666666,603.3553229834379
 08/15  13:00:00,143.3092596828119,647.5343298830829
 08/15  13:15:00,90.98,679.0797837647275
 08/15  13:30:00,106.50344270077476,707.7890404325452
 08/15  13:45:00,44.97999999999999,698.4300713371672
 08/15  14:00:00,69.51333333333332,692.0513374635752
 08/15  14:15:00,143.31537768411445,678.5130163705229
 08/15  14:30:00,78.71333333333334,662.3421433796173
 08/15  14:45:00,97.31103996431948,615.256572439313
 08/15  15:00:00,44.97999999999999,574.7991916810082
 08/15  15:15:00,577.3157100299911,533.4847884809525
 08/15  15:30:00,524.98,493.0572315553108
 08/15  15:45:00,239.969129620008,435.0296181138096
 08/15  16:00:00,64.98,390.2302062473616
 08/15  16:15:00,7918.514451910864,348.84527719051925
 08/15  16:30:00,670.570134832777,301.24192401690163
 08/15  16:45:00,157.78,291.9753286827575
 08/15  17:00:00,350.52688848232634,270.1238932907188
 08/15  17:15:00,110.98000000000002,244.038140228035
 08/15  17:30:00,163.33142740725552,219.28153140584078
 08/15  17:45:00,1928.980000000003,170.3410531929292
 08/15  18:00:00,1972.137274564492,132.40075109980296
 08/15  18:15:00,657.6466666666668,100.5711628058594
 08/15  18:30:00,97.34693892235794,75.33066699684582
 08/15  18:45:00,94.37610644341524,53.253529045725045
 08/15  19:00:00,156.88928489540243,37.59772437662537
 08/15  19:15:00,132.6879243974413,26.195513578319204
 08/15  19:30:00,64.98,14.537877576414767
 08/15  19:45:00,135.75378383615146,10.928461291809285
 08/15  20:00:00,110.98000000000002,0.0
 08/15  20:15:00,325.23225873709146,0.0
 08/15  20:30:00,285.35118788902935,0.0
 08/15  20:45:00,232.98,0.0
 08/15  21:00:00,325.23128508956006,0.0
 08/15  21:15:00,278.98,0.0
 08/15  21:30:00,303.780090930641,0.0
 08/15  21:45:00,285.36772474789063,0.0
 08/15  22:00:00,248.31333333333333,0.0
 08/15  22:15:00,344.7179388194657,0.0
 08/15  22:30:00,140.3057490571308,0.0
 08/15  22:45:00,44.97999999999999,0.0
 08/15  23:00:00,97.3902765865019,0.0
 08/15  23:15:00,2014.8939087796516,0.0
 08/15  23:30:00,1253.5069333333329,0.0
 08/15  23:45:00,1555.770517711808,0.0
 08/15  24:00:00,118.05788366673804,0.0
 08/16  00:15:00,66.44666666666666,0.0
 08/16  00:30:00,143.38899066352997,0.0
 08/16  00:45:00,134.17533838560172,0.0
 08/16  01:00:00,44.97999999999999,0.0
 08/16  01:15:00,97.3910987173101,0.0
 08/16  01:30:00,140.3125362981834,0.0
 08/16  01:45:00,90.98,0.0
 08/16  02:00:00,112.73080829290588,0.0
 08/16  02:15:00,97.3839994396306,0.0
 08/16  02:30:00,63.38,0.0
 08/16  02:45:00,143.39825210487078,0.0
 08/16  03:00:00,137.25130680173237,0.0
 08/16  03:15:00,44.97999999999999,0.0
 08/16  03:30:00,97.40385281359262,0.0
 08/16  03:45:00,137.2598840926487,0.0
 08/16  04:00:00,143.38260985553592,0.0
 08/16  04:15:00,63.38,0.0
 08/16  04:30:00,97.40035606414324,0.0
 08/16  04:45:00,112.7217828834174,0.0
 08/16  05:00:00,90.98,0.0
 08/16  05:15:00,159.0063188786845,0.0
 08/16  05:30:00,377.3946073306999,0.0
 08/16  05:45:00,139.06642496817804,10.233230166258508
 08/16  06:00:00,95.29562067743085,16.513840074702475
 08/16  06:15:00,143.398227952981,23.919402112684068
 08/16  06:30:00,143.38336767741922,31.34354868016962
 08/16  06:45:00,44.97999999999999,43.26813533442012
 08/16  07:00:00,97.39442073108997,57.98537255774965
 08/16  07:15:00,131.11088614144825,76.23096127550095
 08/16  07:30:00,90.98,99.59947034900443
 08/16  07:45:00,521.9239881542339,125.05824040482604
 08/16  08:00:00,497.3791523266429,152.35775107874983
 08/16  08:15:00,88.98000000000002,181.45362100627744
 08/16  08:30:00,189.3697309531903,211.957823736064
 08/16  08:45:00,136.98,233.12274018820196
 08/16  09:00:00,133.37171222894025,253.2628943124314
 08/16  09:15:00,117.35306771102816,272.26245749471406
 08/16  09:30:00,95.64666666666666,290.20138345124604
 08/16  09:45:00,163.35613568919027,289.135555719442
 08/16  10:00:00,92.58,295.78513942136925
 08/16  10:15:00,7907.028910902293,301.29843529051374
 08/16  10:30:00,631.4477136809057,305.6625513311512
 08/16  10:45:00,163.33872008129845,316.1215774161799
 08/16  11:00:00,110.98000000000002,326.25390709122956
 08/16  11:15:00,103.47286388881854,335.65552146482923
 08/16  11:30:00,44.97999999999999,344.7465643779226
 08/16  11:45:00,124.93921095600324,360.12660950717174
 08/16  12:00:00,90.98,375.20118001132687
 08/16  12:15:00,128.00510053273788,390.9440536944689
 08/16  12:30:00,44.97999999999999,406.44857053673235
 08/16  12:45:00,100.40405653365048,449.02145404103277
 08/16  13:00:00,90.98,473.559050080519
 08/16  13:15:00,143.33648251816896,512.0976230087692
 08/16  13:30:00,54.17999999999999,531.1791990996966
 08/16  13:45:00,97.3360088384717,498.68760610459753
 08/16  14:00:00,69.51333333333332,452.27937127720173
 08/16  14:15:00,143.3362349401782,425.66934331443537
 08/16  14:30:00,78.71333333333334,398.9342064966093
 08/16  14:45:00,97.33751059504544,355.55744048187665
 08/16  15:00:00,44.97999999999999,326.98932754807225
 08/16  15:15:00,577.338265393323,297.58945844715333
 08/16  15:30:00,524.98,268.8049799535509
 08/16  15:45:00,240.00493747698997,250.25402177908578
 08/16  16:00:00,64.98,231.78780160994268
 08/16  16:15:00,7929.983078310881,214.37405680444527
 08/16  16:30:00,670.8720614093987,197.1471360540988
 08/16  16:45:00,157.78,186.36329895296763
 08/16  17:00:00,350.53705875596137,174.3737322221217
 08/16  17:15:00,110.98000000000002,161.17225383831547
 08/16  17:30:00,163.33794665472496,146.7941550155245
 08/16  17:45:00,1928.98,124.93266981189345
 08/16  18:00:00,1972.1389839229928,104.31346402658792
 08/16  18:15:00,710.0045092276939,85.15791262942611
 08/16  18:30:00,44.97999999999999,67.52122330641963
 08/16  18:45:00,140.27430579672995,51.58652998178644
 08/16  19:00:00,110.98000000000002,37.680764226134
 08/16  19:15:00,132.68415880919667,25.832195224555377
 08/16  19:30:00,64.98,13.06654464803119
 08/16  19:45:00,135.75052476497223,9.833248820379398
 08/16  20:00:00,110.98000000000002,0.0
 08/16  20:15:00,325.2296513847258,0.0
 08/16  20:30:00,285.3491259462388,0.0
 08/16  20:45:00,232.98,0.0
 08/16  21:00:00,325.2306171468801,0.0
 08/16  21:15:00,278.98,0.0
 08/16  21:30:00,303.7801471213967,0.0
 08/16  21:45:00,285.36818280709497,0.0
 08/16  22:00:00,248.31333333333333,0.0
 08/16  22:15:00,344.71935579826413,0.0
 08/16  22:30:00,140.30769514587206,0.0
 08/16  22:45:00,44.97999999999999,0.0
 08/16  23:00:00,97.39340917749,0.0
 08/16  23:15:00,1918.7632702647088,0.0
 08/16  23:30:00,964.680125333334,0.0
 08/16  23:45:00,194.4002213888774,0.0
 08/16  24:00:00,182.1341697319938,0.0
 08/17  00:15:00,100.34121066666664,0.0
 08/17  00:30:00,143.39328803273185,0.0
 08/17  00:45:00,134.17958421374283,0.0
 08/17  01:00:00,44.97999999999999,0.0
 08/17  01:15:00,97.39463218743504,0.0
 08/17  01:30:00,140.3155258419661,0.0
 08/17  01:45:00,90.98,0.0
 08/17  02:00:00,112.73230649442392,0.0
 08/17  02:15:00,97.38640282034233,0.0
 08/17  02:30:00,63.38,0.0
 08/17  02:45:00,143.4026612401164,0.0
 08/17  03:00:00,137.25697052943974,0.0
 08/17  03:15:00,97.3799796221864,0.0
 08/17  03:30:00,44.97999999999999,0.0
 08/17  03:45:00,137.26876240838922,0.0
 08/17  04:00:00,143.3927853427473,0.0
 08/17  04:15:00,63.38,0.0
 08/17  04:30:00,97.41095897895852,0.0
 08/17  04:45:00,112.73268776034672,0.0
 08/17  05:00:00,143.38758056224728,0.0
 08/17  05:15:00,106.58,0.0
 08/17  05:30:00,377.4073098277392,0.0
 08/17  05:45:00,143.39646563159596,10.258238342838212
 08/17  06:00:00,90.98,18.198791592240962
 08/17  06:15:00,143.41193734137852,23.69349002317477
 08/17  06:30:00,143.39634529306412,31.07365321250414
 08/17  06:45:00,97.38012286953554,42.33139410142087
 08/17  07:00:00,44.97999999999999,58.02420011244632
 08/17  07:15:00,131.12041221135442,79.57439611150417
 08/17  07:30:00,143.3684137860987,106.66332464367389
 08/17  07:45:00,469.5133333333336,138.61808707514112
 08/17  08:00:00,497.3710146681973,172.61165339520812
 08/17  08:15:00,88.98000000000002,210.36846057348907
 08/17  08:30:00,189.3714943058496,251.2038400834376
 08/17  08:45:00,189.3503837197728,281.0729024577709
 08/17  09:00:00,80.98000000000002,309.1599228249153
 08/17  09:15:00,117.35021031126448,335.391854641674
 08/17  09:30:00,95.64666666666666,359.81350779133226
 08/17  09:45:00,163.3511805276062,363.44569283916917
 08/17  10:00:00,92.58,373.40451260189
 08/17  10:15:00,117.35109333890588,380.6512589802792
 08/17  10:30:00,123.46348247787552,385.48373097920484
 08/17  10:45:00,110.98000000000002,401.9036907757782
 08/17  11:00:00,163.3286475193939,417.9074205779352
 08/17  11:15:00,51.11333333333332,433.1975490973895
 08/17  11:30:00,97.32681685221796,448.07693351114426
 08/17  11:45:00,72.57999999999998,456.3256363076205
 08/17  12:00:00,143.3241133491075,463.876835657368
 08/17  12:15:00,95.64666666666666,471.2298866335609
 08/17  12:30:00,117.32018673434855,477.8545369908609
 08/17  12:45:00,68.04666666666667,501.0641624476593
 08/17  13:00:00,163.31531694046976,523.3702944697812
 08/17  13:15:00,110.98000000000002,560.3864068069823
 08/17  13:30:00,126.51306202201684,578.4004686275534
 08/17  13:45:00,64.98,543.4690798019128
 08/17  14:00:00,141.8439786450974,509.24599178146246
 08/17  14:15:00,110.98000000000002,461.6353447186065
 08/17  14:30:00,98.71333333333334,430.0683222213777
 08/17  14:45:00,117.3339540581765,393.1487085759768
 08/17  15:00:00,64.98,356.57973733291124
 08/17  15:15:00,577.3346606705237,307.159831520293
 08/17  15:30:00,524.98,272.6502719493354
 08/17  15:45:00,239.99986285335808,252.6216004313641
 08/17  16:00:00,64.98,233.16812489414974
 08/17  16:15:00,138.79917861295314,214.6319186455684
 08/17  16:30:00,7941.202194881956,188.57862565753396
 08/17  16:45:00,717.6248627797152,186.608049191284
 08/17  17:00:00,298.18,174.66439650295166
 08/17  17:15:00,163.33494011582107,161.17614630193566
 08/17  17:30:00,110.98000000000002,146.0634051268556
 08/17  17:45:00,1981.3358396098463,117.52553612900309
 08/17  18:00:00,1919.78,91.86300379329248
 08/17  18:15:00,710.0048225321159,69.2363957701516
 08/17  18:30:00,44.97999999999999,49.131176449302615
 08/17  18:45:00,140.27561805906976,38.64470732631889
 08/17  19:00:00,163.32413799668285,28.362811966318645
 08/17  19:15:00,7899.823630362948,17.83911613506064
 08/17  19:30:00,625.0926077046794,7.188707800087997
 08/17  19:45:00,135.72974578868772,5.39832977742923
 08/17  20:00:00,110.98000000000002,0.0
 08/17  20:15:00,325.2034258127687,0.0
 08/17  20:30:00,232.98,0.0
 08/17  20:45:00,285.34461856495324,0.0
 08/17  21:00:00,272.8466666666667,0.0
 08/17  21:15:00,331.3536437355169,0.0
 08/17  21:30:00,251.38,0.0
 08/17  21:45:00,285.36393211206587,0.0
 08/17  22:00:00,300.68224124446687,0.0
 08/17  22:15:00,292.31333333333333,0.0
 08/17  22:30:00,140.29275323198414,0.0
 08/17  22:45:00,44.97999999999999,0.0
 08/17  23:00:00,97.37054046924912,0.0
 08/17  23:15:00,2003.548497305581,0.0
 08/17  23:30:00,1833.6552420000005,0.0
 08/17  23:45:00,207.33678523872803,0.0
 08/17  24:00:00,142.67263,0.0
 08/18  00:15:00,216.5369128319989,0.0
 08/18  00:30:00,241.0554084253595,0.0
 08/18  00:45:00,179.47263000000004,0.0
 08/18  01:00:00,195.06721034681877,0.0
 08/18  01:15:00,123.41144451264654,0.0
 08/18  01:30:00,87.91333333333333,0.0
 08/18  01:45:00,143.37295109132495,0.0
 08/18  02:00:00,60.313333333333325,0.0
 08/18  02:15:00,97.38543704947026,0.0
 08/18  02:30:00,115.77091151811108,0.0
 08/18  02:45:00,90.98,0.0
 08/18  03:00:00,137.2497652377733,0.0
 08/18  03:15:00,97.36912434275946,0.0
 08/18  03:30:00,44.97999999999999,0.0
 08/18  03:45:00,137.2494595709324,0.0
 08/18  04:00:00,143.36905391518724,0.0
 08/18  04:15:00,63.38,0.0
 08/18  04:30:00,97.37943185310245,0.0
 08/18  04:45:00,112.69698779201954,0.0
 08/18  05:00:00,90.98,0.0
 08/18  05:15:00,158.97336845667706,0.0
 08/18  05:30:00,324.97999999999985,0.0
 08/18  05:45:00,143.3824026197728,3.0486263553433823
 08/18  06:00:00,143.36620959535506,5.336995419430366
 08/18  06:15:00,90.98,7.33601961622304
 08/18  06:30:00,143.37568669701713,9.534515631360469
 08/18  06:45:00,97.35965895299772,15.971264082917504
 08/18  07:00:00,44.97999999999999,22.4055442937828
 08/18  07:15:00,131.1016932071839,28.824699321873762
 08/18  07:30:00,90.98,35.237418796903874
 08/18  07:45:00,521.9093153048973,42.93567534434951
 08/18  08:00:00,497.3716724529432,50.624706199573666
 08/18  08:15:00,88.98000000000002,58.307851491499335
 08/18  08:30:00,189.36395951205765,66.03077946542567
 08/18  08:45:00,136.98,73.22713119398479
 08/18  09:00:00,133.3677806925608,80.45436376635388
 08/18  09:15:00,117.3508640068796,87.79058009924177
 08/18  09:30:00,95.64666666666666,95.16175445322725
 08/18  09:45:00,163.35814191920085,121.14311285403402
 08/18  10:00:00,92.58,147.58644157479333
 08/18  10:15:00,117.36212718103756,174.40215707904426
 08/18  10:30:00,123.47490546137996,201.66893538938848
 08/18  10:45:00,110.98000000000002,223.3065047903176
 08/18  11:00:00,163.34061502483925,245.25068156048079
 08/18  11:15:00,51.11333333333332,267.25427841411494
 08/18  11:30:00,97.338828448547,289.3623536213701
 08/18  11:45:00,72.57999999999998,328.7158650299715
 08/18  12:00:00,143.33568686201042,349.42418880679355
 08/18  12:15:00,95.64666666666666,371.61533178968966
 08/18  12:30:00,117.3397634616776,393.78090637808816
 08/18  12:45:00,68.04666666666667,426.4284474083489
 08/18  13:00:00,163.34437581172895,441.3137662114725
 08/18  13:15:00,110.98000000000002,454.410437661144
 08/18  13:30:00,126.54096372990952,466.54233542227104
 08/18  13:45:00,64.98,440.6406200415334
 08/18  14:00:00,141.86956769416244,415.3276783683152
 08/18  14:15:00,110.98000000000002,375.38988824348667
 08/18  14:30:00,151.0703023386579,351.82556619809907
 08/18  14:45:00,64.98,323.76295041929154
 08/18  15:00:00,117.33785697778828,296.15363294857997
 08/18  15:15:00,524.98,269.0445532138278
 08/18  15:30:00,577.3385395109688,229.99833072625347
 08/18  15:45:00,187.64666666666668,205.64961462142028
 08/18  16:00:00,117.33930405071038,181.63000316641953
 08/18  16:15:00,138.78675043324273,158.18139899024936
 08/18  16:30:00,7930.366902832733,135.33743558351233
 08/18  16:45:00,717.7792054740107,149.92224703220376
 08/18  17:00:00,298.18,155.0614295119818
 08/18  17:15:00,163.34510005308545,156.96749803567914
 08/18  17:30:00,163.327208406783,159.81698410510626
 08/18  17:45:00,1928.98,137.1662345447913
 08/18  18:00:00,1972.147684017138,114.50947585338054
 08/18  18:15:00,657.6466666666668,91.96800887313013
 08/18  18:30:00,97.3500285349626,70.0557647305072
 08/18  18:45:00,87.91333333333333,49.72297902073446
 08/18  19:00:00,163.3453904687804,34.36721232156367
 08/18  19:15:00,7906.973700760735,22.975058948602953
 08/18  19:30:00,625.3157125821149,10.87797843335811
 08/18  19:45:00,135.74384625401058,8.472237771042606
 08/18  20:00:00,110.98000000000002,0.0
 08/18  20:15:00,325.2219427900454,0.0
 08/18  20:30:00,232.98,0.0
 08/18  20:45:00,285.3678091092523,0.0
 08/18  21:00:00,325.2205273591745,0.0
 08/18  21:15:00,278.98,0.0
 08/18  21:30:00,303.76756534775245,0.0
 08/18  21:45:00,232.98,0.0
 08/18  22:00:00,300.7154799770327,0.0
 08/18  22:15:00,344.70257970291783,0.0
 08/18  22:30:00,87.91333333333333,0.0
 08/18  22:45:00,97.38543143909888,0.0
 08/18  23:00:00,97.37322574627837,0.0
 08/18  23:15:00,136.32598000000002,0.0
 08/18  23:30:00,982.598151365852,0.0
 08/18  23:45:00,154.9865250251641,0.0
 08/18  24:00:00,90.32598,0.0
 08/19  00:15:00,164.2014181660072,0.0
 08/19  00:30:00,188.72176086961588,0.0
 08/19  00:45:00,127.12598,0.0
 08/19  01:00:00,142.73754963076476,0.0
 08/19  01:15:00,1068.9073690060484,0.0
 08/19  01:30:00,1324.0463253333337,0.0
 08/19  01:45:00,188.74120681677837,0.0
 08/19  02:00:00,158.0762942639825,0.0
 08/19  02:15:00,78.23371866666666,0.0
 08/19  02:30:00,115.8001304723715,0.0
 08/19  02:45:00,143.38828602994425,0.0
 08/19  03:00:00,84.84666666666666,0.0
 08/19  03:15:00,97.40621490217964,0.0
 08/19  03:30:00,97.39477255660528,0.0
 08/19  03:45:00,137.2499131124378,0.0
 08/19  04:00:00,90.98,0.0
 08/19  04:15:00,115.8021516116828,0.0
 08/19  04:30:00,97.39086514779274,0.0
 08/19  04:45:00,60.313333333333325,0.0
 08/19  05:00:00,143.41009415153394,0.0
 08/19  05:15:00,158.99901557847184,0.0
 08/19  05:30:00,377.3878420236958,0.0
 08/19  05:45:00,90.98,9.49028081922622
 08/19  06:00:00,143.407565042747,17.456730117738722
 08/19  06:15:00,143.3958802971554,23.052922073210784
 08/19  06:30:00,90.98,30.597105251101784
 08/19  06:45:00,97.41392323192234,42.16625203412084
 08/19  07:00:00,97.40227823570302,56.97523185610452
 08/19  07:15:00,131.11973034243036,76.47475067550549
 08/19  07:30:00,90.98,99.60536991399067
 08/19  07:45:00,521.9352325936024,126.93234633064411
 08/19  08:00:00,497.3915729222612,156.5715624905215
 08/19  08:15:00,88.98000000000002,188.48004112445477
 08/19  08:30:00,189.38271074707427,222.171134469199
 08/19  08:45:00,189.36376608755583,237.75414314811943
 08/19  09:00:00,80.98000000000002,250.9942967500641
 08/19  09:15:00,117.36701464626418,261.44517686396813
 08/19  09:30:00,95.64666666666666,260.4833365926695
 08/19  09:45:00,163.3696464609591,251.43930314036572
 08/19  10:00:00,144.94986220015866,240.36312478173156
 08/19  10:15:00,7887.4856988894335,227.72031008196768
 08/19  10:30:00,631.6256778215397,201.4282884661434
 08/19  10:45:00,163.34881646376198,267.1734381158758
 08/19  11:00:00,110.98000000000002,335.0000266988441
 08/19  11:15:00,103.48748044000524,391.2495902751157
 08/19  11:30:00,44.97999999999999,448.8255162534849
 08/19  11:45:00,124.95787543802167,454.7070908018701
 08/19  12:00:00,143.33886037831456,461.09859393932703
 08/19  12:15:00,75.64666666666666,465.60538694370643
 08/19  12:30:00,97.3428397523806,469.2576178127706
 08/19  12:45:00,48.04666666666666,403.5848427424994
 08/19  13:00:00,143.34636880780164,355.45122212476946
 08/19  13:15:00,90.98,306.54301326542685
 08/19  13:30:00,106.54411079776725,241.06197980313837
 08/19  13:45:00,44.97999999999999,236.49208329544354
 08/19  14:00:00,121.87359854031914,230.96058103879375
 08/19  14:15:00,90.98,225.45381189327188
 08/19  14:30:00,131.0756767670485,219.88036578787325
 08/19  14:45:00,44.97999999999999,218.7377898017364
 08/19  15:00:00,97.34449165338032,217.5755300180681
 08/19  15:15:00,577.3344922581064,216.5362280496671
 08/19  15:30:00,524.98,215.5963988071565
 08/19  15:45:00,239.9895780121553,207.81279771498998
 08/19  16:00:00,64.98,199.95359583140672
 08/19  16:15:00,7919.57262181498,192.06918418121336
 08/19  16:30:00,670.9442578496512,183.94991372352453
 08/19  16:45:00,157.78,165.1620832563791
 08/19  17:00:00,350.5425359461738,146.78872005072205
 08/19  17:15:00,163.3228503200732,128.71761793008685
 08/19  17:30:00,110.98000000000002,111.02065175320955
 08/19  17:45:00,1981.3430639061623,96.90680546018659
 08/19  18:00:00,1919.78,82.94758802507874
 08/19  18:15:00,710.0103504890757,69.27879307297434
 08/19  18:30:00,44.97999999999999,55.88957595716508
 08/19  18:45:00,140.27688488549427,43.36693495486614
 08/19  19:00:00,110.98000000000002,31.48150623890531
 08/19  19:15:00,132.68504599562627,20.11528592327262
 08/19  19:30:00,64.98,7.9602097230687505
 08/19  19:45:00,135.75213956445572,6.219543027240382
 08/19  20:00:00,110.98000000000002,0.0
 08/19  20:15:00,325.23051932745386,0.0
 08/19  20:30:00,285.34885620767614,0.0
 08/19  20:45:00,232.98,0.0
 08/19  21:00:00,325.22754515861425,0.0
 08/19  21:15:00,278.98,0.0
 08/19  21:30:00,303.7716779017909,0.0
 08/19  21:45:00,285.3566783805595,0.0
 08/19  22:00:00,248.31333333333333,0.0
 08/19  22:15:00,344.7041038016221,0.0
 08/19  22:30:00,87.91333333333333,0.0
 08/19  22:45:00,97.38844718240712,0.0
 08/19  23:00:00,97.377396324448,0.0
 08/19  23:15:00,90.98,0.0
 08/19  23:30:00,143.3965237927662,0.0
 08/19  23:45:00,109.65271172004486,0.0
 08/19  24:00:00,44.97999999999999,0.0
 08/20  00:15:00,118.87142052143082,0.0
 08/20  00:30:00,143.3925314711388,0.0
 08/20  00:45:00,134.1801537962374,0.0
 08/20  01:00:00,44.97999999999999,0.0
 08/20  01:15:00,97.39816448007647,0.0
 08/20  01:30:00,140.32029540731514,0.0
 08/20  01:45:00,90.98,0.0
 08/20  02:00:00,112.73991218298482,0.0
 08/20  02:15:00,97.39490532405613,0.0
 08/20  02:30:00,115.78308778759734,0.0
 08/20  02:45:00,90.98,0.0
 08/20  03:00:00,137.26818268298703,0.0
 08/20  03:15:00,97.3895653052861,0.0
 08/20  03:30:00,44.97999999999999,0.0
 08/20  03:45:00,137.27396448974827,0.0
 08/20  04:00:00,143.3954339951029,0.0
 08/20  04:15:00,63.38,0.0
 08/20  04:30:00,97.4130261663538,0.0
 08/20  04:45:00,112.73458193014474,0.0
 08/20  05:00:00,143.38929374002606,0.0
 08/20  05:15:00,106.58,0.0
 08/20  05:30:00,377.4095338987975,0.0
 08/20  05:45:00,143.39912442404128,7.5444303836455475
 08/20  06:00:00,143.38868711469476,13.549633073490137
 08/20  06:15:00,90.98,18.305099735630904
 08/20  06:30:00,143.40336838948917,24.141393886564394
 08/20  06:45:00,97.38948900143367,37.16323717914013
 08/20  07:00:00,44.97999999999999,52.36078697863846
 08/20  07:15:00,131.13322357595888,70.71302731544732
 08/20  07:30:00,143.3823714191438,92.22500964602318
 08/20  07:45:00,469.5133333333336,120.31449143456005
 08/20  08:00:00,497.3870023498599,150.4648573463862
 08/20  08:15:00,141.38552974187752,184.0446116223477
 08/20  08:30:00,136.98,220.66824775156016
 08/20  08:45:00,189.36979602611365,251.39582571246225
 08/20  09:00:00,133.34915985954126,283.2943003112859
 08/20  09:15:00,64.98,325.5724002698092
 08/20  09:30:00,148.0202001415296,361.1024847234277
 08/20  09:45:00,110.98000000000002,412.0949013470354
 08/20  10:00:00,144.9569373989193,478.504927767769
 08/20  10:15:00,7893.59934106146,536.1201923575603
 08/20  10:30:00,631.4946565310146,595.2985905374101
 08/20  10:45:00,163.33967059405776,621.1298855524055
 08/20  11:00:00,110.98000000000002,645.6754036151525
 08/20  11:15:00,103.47331694325489,677.4129985257822
 08/20  11:30:00,44.97999999999999,702.6588101926103
 08/20  11:45:00,124.93863160196852,712.028255391902
 08/20  12:00:00,90.98,718.9072968105087
 08/20  12:15:00,128.00291911245284,719.3832994368884
 08/20  12:30:00,44.97999999999999,722.1261723639615
 08/20  12:45:00,100.39958926122549,716.8732490057262
 08/20  13:00:00,90.98,709.4596140354893
 08/20  13:15:00,143.32985077351407,699.504691227717
 08/20  13:30:00,54.17999999999999,687.6189568915125
 08/20  13:45:00,97.3275074578186,670.126917327146
 08/20  14:00:00,69.51333333333332,650.9650970927089
 08/20  14:15:00,143.32554104362785,630.4639333022939
 08/20  14:30:00,78.71333333333334,608.4198813586645
 08/20  14:45:00,97.32424182170512,531.473747598275
 08/20  15:00:00,44.97999999999999,471.9277551944374
 08/20  15:15:00,577.3209624130984,401.64914341986275
 08/20  15:30:00,524.98,348.7778746184334
 08/20  15:45:00,240.00206898865605,283.26980324137617
 08/20  16:00:00,64.98,232.18525813021972
 08/20  16:15:00,7924.084228547057,183.91486702660643
 08/20  16:30:00,670.8755240048621,132.42567607675446
 08/20  16:45:00,157.78,119.19656182642525
 08/20  17:00:00,350.5406763935297,106.06178301889936
 08/20  17:15:00,163.3228369389362,93.2256213871798
 08/20  17:30:00,110.98000000000002,80.66798605274975
 08/20  17:45:00,1981.3475974920773,68.64674270827746
 08/20  18:00:00,1919.78,56.748614048420336
 08/20  18:15:00,710.013228217663,44.97834812245776
 08/20  18:30:00,44.97999999999999,33.28490562554889
 08/20  18:45:00,140.28659087778811,26.053509755489603
 08/20  19:00:00,110.98000000000002,18.812270767475614
 08/20  19:15:00,132.68281299101682,11.568432338630176
 08/20  19:30:00,64.98,4.328911126646308
 08/20  19:45:00,135.75781529829356,3.3829076076537348
 08/20  20:00:00,163.34168361134385,0.0
 08/20  20:15:00,272.8466666666667,0.0
 08/20  20:30:00,285.3502421503615,0.0
 08/20  20:45:00,232.98,0.0
 08/20  21:00:00,325.2259496952875,0.0
 08/20  21:15:00,278.98,0.0
 08/20  21:30:00,303.76843372193787,0.0
 08/20  21:45:00,285.35266526629727,0.0
 08/20  22:00:00,248.31333333333333,0.0
 08/20  22:15:00,344.6959726708869,0.0
 08/20  22:30:00,87.91333333333333,0.0
 08/20  22:45:00,97.37297257559692,0.0
 08/20  23:00:00,97.3577750089506,0.0
 08/20  23:15:00,1052.6955840000005,0.0
 08/20  23:30:00,203.06536791254035,0.0
 08/20  23:45:00,169.32552715864318,0.0
 08/20  24:00:00,104.66846,0.0
 08/21  00:15:00,122.81038405288471,0.0
 08/21  00:30:00,90.98,0.0
 08/21  00:45:00,134.17542278096988,0.0
 08/21  01:00:00,97.36032166510498,0.0
 08/21  01:15:00,44.97999999999999,0.0
 08/21  01:30:00,140.3046770435484,0.0
 08/21  01:45:00,90.98,0.0
 08/21  02:00:00,112.715687365872,0.0
 08/21  02:15:00,97.36724649454273,0.0
 08/21  02:30:00,63.38,0.0
 08/21  02:45:00,143.37817562956224,0.0
 08/21  03:00:00,137.22968785465062,0.0
 08/21  03:15:00,44.97999999999999,0.0
 08/21  03:30:00,97.37378973118248,0.0
 08/21  03:45:00,137.22505105610583,0.0
 08/21  04:00:00,90.98,0.0
 08/21  04:15:00,115.77091677796756,0.0
 08/21  04:30:00,44.97999999999999,0.0
 08/21  04:45:00,112.7188735808492,0.0
 08/21  05:00:00,143.3725569008716,0.0
 08/21  05:15:00,106.58,0.0
 08/21  05:30:00,377.3891260214041,0.0
 08/21  05:45:00,143.37710937600195,0.0
 08/21  06:00:00,90.98,4.593580361254136
 08/21  06:15:00,143.39292195345996,6.630810878126828
 08/21  06:30:00,143.37915446795813,8.840304553023545
 08/21  06:45:00,44.97999999999999,15.126114190815139
 08/21  07:00:00,97.39290248802612,21.418894813507713
 08/21  07:15:00,131.1127559723878,27.72384211120328
 08/21  07:30:00,90.98,34.0361153371015
 08/21  07:45:00,521.9271699783335,41.65953726476354
 08/21  08:00:00,497.39429054806726,49.29096406361771
 08/21  08:15:00,88.98000000000002,56.93902096621489
 08/21  08:30:00,189.39316142326877,64.6454327647443
 08/21  08:45:00,189.3787847454572,72.21354579782752
 08/21  09:00:00,267.215988210926,79.82995928780517
 08/21  09:15:00,64.98,87.465700648282
 08/21  09:30:00,148.04575402555497,95.14328614515676
 08/21  09:45:00,110.98000000000002,101.29627577058876
 08/21  10:00:00,144.9890676602209,107.47818806443235
 08/21  10:15:00,7899.727241038087,113.64705547532418
 08/21  10:30:00,629.0506588148202,119.83667796964792
 08/21  10:45:00,163.36729553533468,124.24655480759662
 08/21  11:00:00,110.98000000000002,128.69602352715492
 08/21  11:15:00,103.50855998110248,133.25349425780402
 08/21  11:30:00,97.358988338551,137.83567194525122
 08/21  11:45:00,72.57999999999998,139.8169194793169
 08/21  12:00:00,143.36772301112794,141.79431102869745
 08/21  12:15:00,75.64666666666666,143.75069289265835
 08/21  12:30:00,97.37634252239415,145.68732245248344
 08/21  12:45:00,100.42668400228486,169.06200109870196
 08/21  13:00:00,90.98,192.5285812004507
 08/21  13:15:00,143.3680441376834,216.29986125635384
 08/21  13:30:00,106.55101056349572,240.27506770674356
 08/21  13:45:00,44.97999999999999,234.76154993310408
 08/21  14:00:00,121.89158474927962,229.39973188254208
 08/21  14:15:00,90.98,223.7041264779468
 08/21  14:30:00,131.09545129944888,218.00240369428312
 08/21  14:45:00,44.97999999999999,208.4173458285815
 08/21  15:00:00,97.36486391303772,198.91658179354985
 08/21  15:15:00,577.3666677188821,190.06541890633113
 08/21  15:30:00,524.98,181.22704860227753
 08/21  15:45:00,240.0308838659789,168.97010676508538
 08/21  16:00:00,64.98,156.86894035514354
 08/21  16:15:00,7929.925476432119,144.53383251640284
 08/21  16:30:00,671.531950368331,132.4363279018027
 08/21  16:45:00,210.15255977201556,119.02430703009833
 08/21  17:00:00,298.18,105.80349679701354
 08/21  17:15:00,163.3570654202344,92.84434718017587
 08/21  17:30:00,110.98000000000002,80.07844754447196
 08/21  17:45:00,1981.3652222828543,70.7934183563207
 08/21  18:00:00,1972.1600687112257,61.57258914335073
 08/21  18:15:00,657.6466666666668,52.47089953944564
 08/21  18:30:00,97.3640304709694,43.45295883536142
 08/21  18:45:00,87.91333333333333,33.69546342143283
 08/21  19:00:00,163.36029849625328,24.08019022560824
 08/21  19:15:00,80.31333333333333,14.223871496602596
 08/21  19:30:00,117.37300152282972,4.365391597839387
 08/21  19:45:00,135.7593383963757,3.413797568929068
 08/21  20:00:00,110.98000000000002,0.0
 08/21  20:15:00,325.2386768878021,0.0
 08/21  20:30:00,285.3568562790178,0.0
 08/21  20:45:00,232.98,0.0
 08/21  21:00:00,325.2349777693352,0.0
 08/21  21:15:00,278.98,0.0
 08/21  21:30:00,303.77920426621904,0.0
 08/21  21:45:00,285.36413129210496,0.0
 08/21  22:00:00,248.31333333333333,0.0
 08/21  22:15:00,344.70867649129434,0.0
 08/21  22:30:00,140.30669646509688,0.0
 08/21  22:45:00,44.97999999999999,0.0
 08/21  23:00:00,97.37180261228512,0.0
 08/21  23:15:00,90.98,0.0
 08/21  23:30:00,143.3847325487372,0.0
 08/21  23:45:00,109.63750144031326,0.0
 08/21  24:00:00,44.97999999999999,0.0
 08/22  00:15:00,118.8506954703922,0.0
 08/22  00:30:00,143.36984925691362,0.0
 08/22  00:45:00,81.78,0.0
 08/22  01:00:00,97.38300181572968,0.0
 08/22  01:15:00,97.3699580251856,0.0
 08/22  01:30:00,87.91333333333333,0.0
 08/22  01:45:00,143.38588569238016,0.0
 08/22  02:00:00,112.7066753118974,0.0
 08/22  02:15:00,44.97999999999999,0.0
 08/22  02:30:00,115.78749583407424,0.0
 08/22  02:45:00,143.37381546910768,0.0
 08/22  03:00:00,84.84666666666666,0.0
 08/22  03:15:00,97.38825660426954,0.0
 08/22  03:30:00,97.37482556408013,0.0
 08/22  03:45:00,84.84666666666666,0.0
 08/22  04:00:00,143.38964788896732,0.0
 08/22  04:15:00,115.77667994130933,0.0
 08/22  04:30:00,44.97999999999999,0.0
 08/22  04:45:00,112.72585318290422,0.0
 08/22  05:00:00,143.39388336387617,0.0
 08/22  05:15:00,106.58,0.0
 08/22  05:30:00,377.3960876913933,0.0
 08/22  05:45:00,143.38364296680834,0.0
 08/22  06:00:00,90.98,9.603683540422551
 08/22  06:15:00,143.399517015669,13.509326495833347
 08/22  06:30:00,143.38639757030018,17.832138074349857
 08/22  06:45:00,44.97999999999999,26.710702577820115
 08/22  07:00:00,97.4013513121754,35.65696334176617
 08/22  07:15:00,131.12104084836574,44.7791189006981
 08/22  07:30:00,143.37375908889342,54.002378254521695
 08/22  07:45:00,1443.1080506548951,66.8775237771489
 08/22  08:00:00,1102.4899834249272,79.95793340254858
 08/22  08:15:00,141.39316532203358,93.20937585100165
 08/22  08:30:00,189.3858370267593,106.61330280594555
 08/22  08:45:00,136.98,119.38935011391169
 08/22  09:00:00,3221.633851848683,132.42074352369218
 08/22  09:15:00,118.0651990334246,145.61022579008437
 08/22  09:30:00,834.9254112095747,158.99957798464757
 08/22  09:45:00,628.32701121967,188.92900354751794
 08/22  10:00:00,515.2918430562546,231.53575848907167
 08/22  10:15:00,7910.467647704568,265.72681234886886
 08/22  10:30:00,1705.5890553053134,301.1108769890014
 08/22  10:45:00,977.7276358702194,313.09095966896825
 08/22  11:00:00,741.1445061166645,325.0872640818871
 08/22  11:15:00,51.11333333333332,336.6274956801536
 08/22  11:30:00,97.36593086497992,347.9215079108583
 08/22  11:45:00,72.57999999999998,353.2444512169008
 08/22  12:00:00,143.3728536528821,358.2747120384939
 08/22  12:15:00,128.02122673293118,363.074268026477
 08/22  12:30:00,44.97999999999999,367.5664040527066
 08/22  12:45:00,100.42520542923904,339.9028008985226
 08/22  13:00:00,90.98,312.34155909265803
 08/22  13:15:00,143.36517887841237,266.2865552275603
 08/22  13:30:00,106.54984498551504,240.49967027390824
 08/22  13:45:00,44.97999999999999,235.21919563720922
 08/22  14:00:00,121.89442617019684,229.7757170007731
 08/22  14:15:00,90.98,224.16340979661283
 08/22  14:30:00,131.10376903755818,218.5258617618124
 08/22  14:45:00,97.35453171391264,208.98053534944407
 08/22  15:00:00,44.97999999999999,199.50335723931485
 08/22  15:15:00,1632.1010631010197,190.43694548878543
 08/22  15:30:00,882.9337933026287,181.38734386449704
 08/22  15:45:00,642.5176061467529,224.13236309055776
 08/22  16:00:00,438.1408984051484,261.72698774932087
 08/22  16:15:00,7933.06535585669,282.3537105584269
 08/22  16:30:00,1569.7061120428534,297.7168484683431
 08/22  16:45:00,907.6398530824686,253.57799832243916
 08/22  17:00:00,875.0150318450203,213.02396786060805
 08/22  17:15:00,562.6280284249899,175.76206621457118
 08/22  17:30:00,590.4983752267171,137.33646803603497
 08/22  17:45:00,2030.6001394461275,119.06349470518704
 08/22  18:00:00,1972.1783235215908,103.4859928179613
 08/22  18:15:00,657.6466666666668,84.6512687755776
 08/22  18:30:00,701.1488695643066,66.43539852744166
 08/22  18:45:00,823.8971986954062,47.99408338621856
 08/22  19:00:00,420.1863150577108,33.78051486981426
 08/22  19:15:00,530.1630474294689,22.10530448347204
 08/22  19:30:00,608.814499471792,9.606808269591951
 08/22  19:45:00,656.0432831722596,7.480997726606252
 08/22  20:00:00,701.5023833883322,0.0
 08/22  20:15:00,606.6855041835175,0.0
 08/22  20:30:00,564.9741195856369,0.0
 08/22  20:45:00,574.3869397771308,0.0
 08/22  21:00:00,623.9605785554404,0.0
 08/22  21:15:00,627.1207644495415,0.0
 08/22  21:30:00,587.9248634243479,0.0
 08/22  21:45:00,567.4452752630848,0.0
 08/22  22:00:00,586.8515780022358,0.0
 08/22  22:15:00,292.31333333333333,0.0
 08/22  22:30:00,140.3295468808995,0.0
 08/22  22:45:00,97.38404327844312,0.0
 08/22  23:00:00,44.97999999999999,0.0
 08/22  23:15:00,2014.9060007786468,0.0
 08/22  23:30:00,1305.933285275125,0.0
 08/22  23:45:00,1503.3613333333335,0.0
 08/22  24:00:00,118.07424979117776,0.0
 08/23  00:15:00,118.87653334566949,0.0
 08/23  00:30:00,143.4082463309761,0.0
 08/23  00:45:00,81.78,0.0
 08/23  01:00:00,97.41678692418904,0.0
 08/23  01:15:00,97.40490950603836,0.0
 08/23  01:30:00,140.3260879074543,0.0
 08/23  01:45:00,90.98,0.0
 08/23  02:00:00,112.74323692958409,0.0
 08/23  02:15:00,97.39964183125538,0.0
 08/23  02:30:00,63.38,0.0
 08/23  02:45:00,143.42091437099606,0.0
 08/23  03:00:00,137.2777798073822,0.0
 08/23  03:15:00,97.40128743102466,0.0
 08/23  03:30:00,44.97999999999999,0.0
 08/23  03:45:00,137.2902258997126,0.0
 08/23  04:00:00,143.41420698355097,0.0
 08/23  04:15:00,115.80366267608788,0.0
 08/23  04:30:00,44.97999999999999,0.0
 08/23  04:45:00,112.7574432012818,0.0
 08/23  05:00:00,143.4136342902649,0.0
 08/23  05:15:00,159.0023363778206,0.0
 08/23  05:30:00,324.97999999999985,0.0
 08/23  05:45:00,143.42104042895224,0.0
 08/23  06:00:00,143.40957300129432,11.251518231883356
 08/23  06:15:00,143.39702541869852,15.530780013282618
 08/23  06:30:00,90.98,20.70372936552387
 08/23  06:45:00,97.41299332094214,28.651187114232876
 08/23  07:00:00,97.39996954180162,36.88187573840067
 08/23  07:15:00,131.11941383915328,45.2046876931061
 08/23  07:30:00,90.98,53.55061764959909
 08/23  07:45:00,867.5379847104011,56.30151264684676
 08/23  08:00:00,899.6532203102122,58.94185808865819
 08/23  08:15:00,142.59422478198138,61.520959658207396
 08/23  08:30:00,242.42531019166563,64.0754070588577
 08/23  08:45:00,137.0285465978421,71.60392946043835
 08/23  09:00:00,1276.2175365095145,79.15471449742572
 08/23  09:15:00,65.12695479885996,86.76959549824998
 08/23  09:30:00,594.3981231884087,94.42285379415135
 08/23  09:45:00,515.9124994993729,100.74247674739641
 08/23  10:00:00,484.4506548653387,107.09230497767972
 08/23  10:15:00,7905.057152629417,113.45819957148647
 08/23  10:30:00,2043.4602292968077,119.84809510934696
 08/23  10:45:00,1358.3710714547328,124.26915284342118
 08/23  11:00:00,1066.9171460074035,128.72220362931526
 08/23  11:15:00,51.11333333333332,133.2306092868063
 08/23  11:30:00,97.36588836726544,137.75650705485378
 08/23  11:45:00,72.57999999999998,139.6879937255233
 08/23  12:00:00,143.37352550467085,141.62486174070634
 08/23  12:15:00,128.0229882389099,143.54234328210813
 08/23  12:30:00,44.97999999999999,145.45065150606317
 08/23  12:45:00,100.42949909894318,144.5542797912165
 08/23  13:00:00,90.98,143.66044671527695
 08/23  13:15:00,143.3701003605347,142.8387694225914
 08/23  13:30:00,106.55385029350364,142.00661921711648
 08/23  13:45:00,44.97999999999999,138.58352705488437
 08/23  14:00:00,121.89602272388962,135.1728806013785
 08/23  14:15:00,90.98,131.82538320411837
 08/23  14:30:00,131.10517795033488,128.4780933325286
 08/23  14:45:00,97.35591411646465,122.96839819167593
 08/23  15:00:00,44.97999999999999,117.4942748233385
 08/23  15:15:00,2278.902940586765,112.05124528572408
 08/23  15:30:00,963.1203953040024,106.64367051834373
 08/23  15:45:00,812.7209572377707,99.69004247624798
 08/23  16:00:00,700.4931611804166,92.77662713662397
 08/23  16:15:00,7930.287281359705,85.88153517168249
 08/23  16:30:00,2388.7932436867127,79.02848178156549
 08/23  16:45:00,1534.351189273649,71.0777399556173
 08/23  17:00:00,1344.7688242741722,63.18683882983768
 08/23  17:15:00,950.507200381345,55.48303987500903
 08/23  17:30:00,869.7291250505556,47.843041046000586
 08/23  17:45:00,2387.126570836246,40.54366257248422
 08/23  18:00:00,2567.0709661468154,33.217016265907475
 08/23  18:15:00,1436.500466552437,25.823986742787895
 08/23  18:30:00,942.3392754643436,18.43335168551039
 08/23  18:45:00,966.5714312118308,14.376373663317834
 08/23  19:00:00,798.949279242806,10.318089910739587
 08/23  19:15:00,526.1492281374751,6.252522300635562
 08/23  19:30:00,539.8764405512771,2.2004479944329223
 08/23  19:45:00,570.4727564267782,0.0
 08/23  20:00:00,636.7021101200107,0.0
 08/23  20:15:00,626.2761633958229,0.0
 08/23  20:30:00,582.3551453054005,0.0
 08/23  20:45:00,585.3005653991422,0.0
 08/23  21:00:00,628.8848016592852,0.0
 08/23  21:15:00,635.0297686973927,0.0
 08/23  21:30:00,600.6667195258733,0.0
 08/23  21:45:00,580.8568406817162,0.0
 08/23  22:00:00,600.1237398270462,0.0
 08/23  22:15:00,292.31333333333333,0.0
 08/23  22:30:00,140.3143487478037,0.0
 08/23  22:45:00,44.97999999999999,0.0
 08/23  23:00:00,97.37691960708516,0.0
 08/23  23:15:00,1918.7535925801355,0.0
 08/23  23:30:00,964.680125333334,0.0
 08/23  23:45:00,194.380254262462,0.0
 08/23  24:00:00,129.71635999999995,0.0
 08/24  00:15:00,152.7397383297242,0.0
 08/24  00:30:00,143.37475197261946,0.0
 08/24  00:45:00,81.78,0.0
 08/24  01:00:00,97.3701375135114,0.0
 08/24  01:15:00,97.35637322158392,0.0
 08/24  01:30:00,87.91333333333333,0.0
 08/24  01:45:00,143.37115184483088,0.0
 08/24  02:00:00,60.313333333333325,0.0
 08/24  02:15:00,97.38433443758063,0.0
 08/24  02:30:00,115.76923181016105,0.0
 08/24  02:45:00,90.98,0.0
 08/24  03:00:00,137.24679227468835,0.0
 08/24  03:15:00,97.36538950582812,0.0
 08/24  03:30:00,44.97999999999999,0.0
 08/24  03:45:00,137.24408756351343,0.0
 08/24  04:00:00,143.36272262650797,0.0
 08/24  04:15:00,63.38,0.0
 08/24  04:30:00,97.37576787425962,0.0
 08/24  04:45:00,60.313333333333325,0.0
 08/24  05:00:00,143.38891807884193,0.0
 08/24  05:15:00,158.97407678084767,0.0
 08/24  05:30:00,324.97999999999985,0.0
 08/24  05:45:00,143.38536400234457,0.0
 08/24  06:00:00,143.37035315575207,6.091819109557802
 08/24  06:15:00,90.98,8.8230141719316
 08/24  06:30:00,143.38431440610043,11.766171485398548
 08/24  06:45:00,97.37079164824256,21.951675593395095
 08/24  07:00:00,44.97999999999999,31.951315774094795
 08/24  07:15:00,131.1171515597633,42.02906838523751
 08/24  07:30:00,856.7802476543657,52.27913956226126
 08/24  07:45:00,617.7148215021821,64.93230276500442
 08/24  08:00:00,1161.8294736795644,77.79358642195082
 08/24  08:15:00,341.59165880584663,90.88140418974301
 08/24  08:30:00,354.37548646784546,104.14741278678471
 08/24  08:45:00,1263.8902855438305,109.36928166916967
 08/24  09:00:00,490.2918633331929,114.63907562327614
 08/24  09:15:00,758.2947738718694,119.79377144144041
 08/24  09:30:00,765.9016564471001,124.98608774854218
 08/24  09:45:00,770.452776807931,123.26954320164948
 08/24  10:00:00,741.8309612774281,121.51008656989956
 08/24  10:15:00,719.0516983340137,120.07454719863595
 08/24  10:30:00,737.267209883583,118.5830543480667
 08/24  10:45:00,783.8125781452801,135.26245174061867
 08/24  11:00:00,780.8654358006294,152.18694462294812
 08/24  11:15:00,312.3837008692466,169.02118109548212
 08/24  11:30:00,278.68197127588405,186.04223853879972
 08/24  11:45:00,376.4873151764478,199.99412451692635
 08/24  12:00:00,304.53126199396314,213.9706456422407
 08/24  12:15:00,864.096362535097,227.95861771571646
 08/24  12:30:00,87.93012478157546,242.00278453612273
 08/24  12:45:00,566.0717135491531,240.88967630887083
 08/24  13:00:00,483.6052624843136,239.90533711399655
 08/24  13:15:00,476.2996357404822,239.0475867857887
 08/24  13:30:00,430.9310484069603,238.12981250314022
 08/24  13:45:00,417.1710835932568,256.16875691859263
 08/24  14:00:00,429.56936219549925,291.17412144069914
 08/24  14:15:00,429.1214124586531,307.8694998454112
 08/24  14:30:00,389.37080491412326,324.0327102114644
 08/24  14:45:00,332.2007607252606,329.7347412644545
 08/24  15:00:00,314.94021245106904,334.2171821244172
 08/24  15:15:00,719.3783143364715,350.10746813529624
 08/24  15:30:00,622.0265835727034,349.9050044694944
 08/24  15:45:00,240.78856857455267,321.48122048907504
 08/24  16:00:00,178.15174878744125,283.94191850656983
 08/24  16:15:00,386.0334966396472,259.5358191109622
 08/24  16:30:00,7950.001117338241,236.24314656019143
 08/24  16:45:00,1815.9596287697173,210.52946187404714
 08/24  17:00:00,1399.8577865676227,184.88823869369173
 08/24  17:15:00,994.202249445306,159.13675470051874
 08/24  17:30:00,914.5674807600856,133.64473283853985
 08/24  17:45:00,2435.433917178223,103.3495427395228
 08/24  18:00:00,2594.6844298162223,75.91543514774013
 08/24  18:15:00,1533.181176500285,51.53521171116238
 08/24  18:30:00,1047.059155698906,29.44333962910382
 08/24  18:45:00,1029.4015928756355,23.960752837421875
 08/24  19:00:00,826.9100435788662,18.44561466327036
 08/24  19:15:00,7921.619235360887,12.913122832764934
 08/24  19:30:00,2374.5147975657155,7.374589544853177
 08/24  19:45:00,1555.1794311300168,0.0
 08/24  20:00:00,1114.7962477881454,0.0
 08/24  20:15:00,992.2688020981168,0.0
 08/24  20:30:00,873.217936409396,0.0
 08/24  20:45:00,828.8101627000123,0.0
 08/24  21:00:00,836.1425487402697,0.0
 08/24  21:15:00,812.5092710546528,0.0
 08/24  21:30:00,753.8410183727686,0.0
 08/24  21:45:00,720.93105203395,0.0
 08/24  22:00:00,730.6857097486343,0.0
 08/24  22:15:00,1008.822656676307,0.0
 08/24  22:30:00,87.91333333333333,0.0
 08/24  22:45:00,97.41305163638428,0.0
 08/24  23:00:00,97.39315274069428,0.0
 08/24  23:15:00,1951.154,0.0
 08/24  23:30:00,1886.086897378852,0.0
 08/24  23:45:00,207.37276075629904,0.0
 08/24  24:00:00,195.1052744542034,0.0
 08/25  00:15:00,164.13929666666667,0.0
 08/25  00:30:00,241.1001936003948,0.0
 08/25  00:45:00,231.8888811186017,0.0
 08/25  01:00:00,142.67263,0.0
 08/25  01:15:00,123.46789167587298,0.0
 08/25  01:30:00,140.3402106757669,0.0
 08/25  01:45:00,143.39725542753135,0.0
 08/25  02:00:00,60.313333333333325,0.0
 08/25  02:15:00,97.42039415478732,0.0
 08/25  02:30:00,115.81160826140194,0.0
 08/25  02:45:00,143.4028897601682,0.0
 08/25  03:00:00,84.84666666666666,0.0
 08/25  03:15:00,97.42760138357572,0.0
 08/25  03:30:00,97.4194170113048,0.0
 08/25  03:45:00,137.2779684676652,0.0
 08/25  04:00:00,90.98,0.0
 08/25  04:15:00,115.83484728179468,0.0
 08/25  04:30:00,97.42476493155348,0.0
 08/25  04:45:00,112.74781971891323,0.0
 08/25  05:00:00,143.40400650549387,0.0
 08/25  05:15:00,106.58,0.0
 08/25  05:30:00,377.4214159096998,0.0
 08/25  05:45:00,143.40890445515865,0.0
 08/25  06:00:00,143.39599283124582,8.156689232855674
 08/25  06:15:00,90.98,11.800309654068105
 08/25  06:30:00,143.4147409197056,15.763530389636285
 08/25  06:45:00,97.4032039544226,24.791867055560417
 08/25  07:00:00,97.39144397038368,33.820175762844244
 08/25  07:15:00,78.71333333333334,42.99125395990877
 08/25  07:30:00,1015.4618608245646,52.25094261310259
 08/25  07:45:00,678.279005373683,65.01315189124502
 08/25  08:00:00,1477.6147585474882,77.96518835757695
 08/25  08:15:00,507.6688131412527,91.11251901255353
 08/25  08:30:00,524.5143449546736,104.39281235832598
 08/25  08:45:00,1606.6698990425307,117.09708107681182
 08/25  09:00:00,770.4479625866263,129.95765021450626
 08/25  09:15:00,970.7620335809248,142.85807952403374
 08/25  09:30:00,967.0063258082292,155.88835792228346
 08/25  09:45:00,930.3462753655064,213.4142974158359
 08/25  10:00:00,872.1298460438916,265.94477516785446
 08/25  10:15:00,798.7511391216683,334.1955587689437
 08/25  10:30:00,759.5259601463436,393.0336186904933
 08/25  10:45:00,762.5238070825457,414.9614743893424
 08/25  11:00:00,719.4167781831813,436.50360590070335
 08/25  11:15:00,393.1910400145263,456.52259110977866
 08/25  11:30:00,312.8117550034099,475.5692852826426
 08/25  11:45:00,403.7763892908042,490.98075213172353
 08/25  12:00:00,311.0838822316249,506.017096464529
 08/25  12:15:00,742.4310796132465,521.9316963799165
 08/25  12:30:00,64.98,537.1859910704684
 08/25  12:45:00,385.2221521658752,561.6903469232153
 08/25  13:00:00,381.5210910415605,567.6380676285806
 08/25  13:15:00,287.6345187207084,572.4132814551936
 08/25  13:30:00,243.58202249705784,575.7812466723851
 08/25  13:45:00,212.998178644537,583.2566803305298
 08/25  14:00:00,143.050034277823,588.4363027408515
 08/25  14:15:00,164.0651165420009,606.454604514926
 08/25  14:30:00,151.3117631533715,606.6620746235214
 08/25  14:45:00,117.34939908134896,561.761985464287
 08/25  15:00:00,64.98,505.245047499057
 08/25  15:15:00,577.3544754439062,464.038116693544
 08/25  15:30:00,524.98,423.81106617158457
 08/25  15:45:00,240.0233529545544,406.6948194962957
 08/25  16:00:00,117.3484691707875,386.85206755852414
 08/25  16:15:00,86.44666666666667,364.2521773195488
 08/25  16:30:00,7930.949584041573,339.108040009095
 08/25  16:45:00,701.8978783620381,262.9490872457804
 08/25  17:00:00,754.0292470444602,188.4507474393325
 08/25  17:15:00,621.2931703776192,130.1538185851561
 08/25  17:30:00,745.1085370918968,74.5379758010891
 08/25  17:45:00,2246.018050710761,62.708359211944014
 08/25  18:00:00,2224.6079733383744,50.88967589050936
 08/25  18:15:00,1392.830400319334,39.23181124943749
 08/25  18:30:00,1072.9557287211455,27.5957115464319
 08/25  18:45:00,1021.4410070680392,21.42069813274825
 08/25  19:00:00,668.2235481646923,15.239435048156388
 08/25  19:15:00,7925.887842935442,9.073530632139745
 08/25  19:30:00,1963.754821876685,2.8995627714582817
 08/25  19:45:00,1250.9215985335013,0.0
 08/25  20:00:00,762.4599767296125,0.0
 08/25  20:15:00,700.8506796181475,0.0
 08/25  20:30:00,625.2584783599569,0.0
 08/25  20:45:00,619.5691007605088,0.0
 08/25  21:00:00,653.7250265065693,0.0
 08/25  21:15:00,645.7773647325166,0.0
 08/25  21:30:00,591.3089274711951,0.0
 08/25  21:45:00,564.3146715401916,0.0
 08/25  22:00:00,579.6646108529944,0.0
 08/25  22:15:00,1534.820174138221,0.0
 08/25  22:30:00,87.91333333333333,0.0
 08/25  22:45:00,97.3751839320672,0.0
 08/25  23:00:00,44.97999999999999,0.0
 08/25  23:15:00,188.72806607020357,0.0
 08/25  23:30:00,982.5888787180492,0.0
 08/25  23:45:00,102.59264666666668,0.0
 08/25  24:00:00,142.7388774473415,0.0
 08/26  00:15:00,164.19311365410596,0.0
 08/26  00:30:00,136.32598000000002,0.0
 08/26  00:45:00,179.54334904075986,0.0
 08/26  01:00:00,142.7312902400374,0.0
 08/26  01:15:00,1016.493656,0.0
 08/26  01:30:00,1376.4681251139052,0.0
 08/26  01:45:00,188.74501187184416,0.0
 08/26  02:00:00,144.5472307791213,0.0
 08/26  02:15:00,91.7568842334691,0.0
 08/26  02:30:00,115.7956860232702,0.0
 08/26  02:45:00,143.38430915022215,0.0
 08/26  03:00:00,84.84666666666666,0.0
 08/26  03:15:00,97.400971415655,0.0
 08/26  03:30:00,97.38706450076307,0.0
 08/26  03:45:00,84.84666666666666,0.0
 08/26  04:00:00,143.40017644631595,0.0
 08/26  04:15:00,115.78715158169533,0.0
 08/26  04:30:00,44.97999999999999,0.0
 08/26  04:45:00,112.73563937113308,0.0
 08/26  05:00:00,143.38926755060996,0.0
 08/26  05:15:00,158.97514527609306,0.0
 08/26  05:30:00,324.97999999999985,0.0
 08/26  05:45:00,143.38838607888096,0.0
 08/26  06:00:00,143.3739428939941,3.455308326171554
 08/26  06:15:00,90.98,4.98918133031528
 08/26  06:30:00,143.38965369175924,6.651561420922301
 08/26  06:45:00,97.37675131656488,12.774396312552451
 08/26  07:00:00,44.97999999999999,18.904000464378605
 08/26  07:15:00,131.12460350021132,25.019476755061582
 08/26  07:30:00,143.37687846718683,31.131025225429955
 08/26  07:45:00,964.5059684024652,48.4384166594669
 08/26  08:00:00,1601.279432627178,65.9566144015953
 08/26  08:15:00,480.5025239134314,83.76973330349226
 08/26  08:30:00,441.5240715154084,101.86812708277682
 08/26  08:45:00,421.84605617737634,99.37030724420028
 08/26  09:00:00,1268.868552450068,96.8950326261986
 08/26  09:15:00,629.965549855154,94.44887100392043
 08/26  09:30:00,746.7859531414756,92.01749627112493
 08/26  09:45:00,714.4600706734353,98.21006099598634
 08/26  10:00:00,685.0666964920777,104.41093375048462
 08/26  10:15:00,7908.057899362488,110.59036193151917
 08/26  10:30:00,2785.922402529711,116.78847323229971
 08/26  10:45:00,1645.4727251444044,121.00803042936157
 08/26  11:00:00,1233.57954944652,125.25458948241437
 08/26  11:15:00,51.11333333333332,129.55180325986092
 08/26  11:30:00,97.37679977874014,133.8662318526768
 08/26  11:45:00,72.57999999999998,135.79554183034102
 08/26  12:00:00,143.36956629728883,137.7345033678432
 08/26  12:15:00,128.02098173535992,139.84663591266153
 08/26  12:30:00,44.97999999999999,141.95803316135965
 08/26  12:45:00,100.43226577129956,141.2360250864696
 08/26  13:00:00,90.98,140.5108589724227
 08/26  13:15:00,143.37384161513543,139.53078642985884
 08/26  13:30:00,106.55547850927354,138.5410542930759
 08/26  13:45:00,44.97999999999999,146.4781226548035
 08/26  14:00:00,121.89252720544592,154.31794603142035
 08/26  14:15:00,90.98,162.29879426660878
 08/26  14:30:00,131.10074276937934,170.20062294034352
 08/26  14:45:00,97.35100011310206,171.89828654742095
 08/26  15:00:00,44.97999999999999,173.4709858454875
 08/26  15:15:00,1951.7356495991949,174.92116101956964
 08/26  15:30:00,1142.1723686456126,176.18461836571328
 08/26  15:45:00,817.9080243117343,162.90613584867086
 08/26  16:00:00,639.7721286550179,150.0363599932445
 08/26  16:15:00,7929.522965957351,137.69961331953516
 08/26  16:30:00,2861.906665408705,125.76949124701248
 08/26  16:45:00,1733.310086459774,112.56465957920852
 08/26  17:00:00,1476.106415914539,99.48896812429793
 08/26  17:15:00,1052.9249702452105,86.54428016938985
 08/26  17:30:00,1243.9983819190306,73.75655912191024
 08/26  17:45:00,2480.393846104256,62.02026489048201
 08/26  18:00:00,2653.6221789695337,50.39774247856917
 08/26  18:15:00,1503.7702287324396,38.86930152189265
 08/26  18:30:00,1102.4365710650331,27.376084002757786
 08/26  18:45:00,790.2362547797381,21.27815144440481
 08/26  19:00:00,677.1436956859982,15.172202278356322
 08/26  19:15:00,666.0835688790949,9.059779724677796
 08/26  19:30:00,686.2722775159154,3.073178299769119
 08/26  19:45:00,726.683372281386,0.0
 08/26  20:00:00,788.3651457574966,0.0
 08/26  20:15:00,779.4984703255091,0.0
 08/26  20:30:00,741.2755541238737,0.0
 08/26  20:45:00,750.1282357413824,0.0
 08/26  21:00:00,798.3595883427279,0.0
 08/26  21:15:00,809.1329332747763,0.0
 08/26  21:30:00,780.8329160875148,0.0
 08/26  21:45:00,767.7479080536751,0.0
 08/26  22:00:00,792.5636828985719,0.0
 08/26  22:15:00,292.31333333333333,0.0
 08/26  22:30:00,140.32577956837986,0.0
 08/26  22:45:00,97.37987183026108,0.0
 08/26  23:00:00,44.97999999999999,0.0
 08/26  23:15:00,143.3967272386501,0.0
 08/26  23:30:00,143.38450453069956,0.0
 08/26  23:45:00,57.246666666666655,0.0
 08/26  24:00:00,97.40178889458096,0.0
 08/27  00:15:00,118.85596205113175,0.0
 08/27  00:30:00,90.98,0.0
 08/27  00:45:00,134.20565719110309,0.0
 08/27  01:00:00,97.3932264905324,0.0
 08/27  01:15:00,97.38143775176786,0.0
 08/27  01:30:00,87.91333333333333,0.0
 08/27  01:45:00,143.39998014428255,0.0
 08/27  02:00:00,112.72189026976076,0.0
 08/27  02:15:00,44.97999999999999,0.0
 08/27  02:30:00,115.810797379393,0.0
 08/27  02:45:00,143.40162251702827,0.0
 08/27  03:00:00,137.25922774237495,0.0
 08/27  03:15:00,44.97999999999999,0.0
 08/27  03:30:00,97.40962778371409,0.0
 08/27  03:45:00,137.26379914984162,0.0
 08/27  04:00:00,90.98,0.0
 08/27  04:15:00,115.81401789819093,0.0
 08/27  04:30:00,97.40215405316285,0.0
 08/27  04:45:00,112.72341673223704,0.0
 08/27  05:00:00,90.98,0.0
 08/27  05:15:00,159.00785922854004,0.0
 08/27  05:30:00,377.4109595683938,0.0
 08/27  05:45:00,90.98,0.0
 08/27  06:00:00,143.41405618745722,5.41166122617944
 08/27  06:15:00,143.40175371747773,8.118405341271203
 08/27  06:30:00,143.38920052332904,10.43505205970596
 08/27  06:45:00,44.97999999999999,20.36110190943681
 08/27  07:00:00,97.4055127193882,30.12627067724937
 08/27  07:15:00,131.12513061683438,39.9363849982633
 08/27  07:30:00,90.98,49.887335063332245
 08/27  07:45:00,1109.8029576826527,64.93765100319574
 08/27  08:00:00,1683.566597276454,80.27537723837872
 08/27  08:15:00,649.6749692191133,95.98408855913556
 08/27  08:30:00,659.6290691164664,111.94555905200592
 08/27  08:45:00,651.2781702392008,129.65942873196192
 08/27  09:00:00,1750.968513415479,147.67318395351103
 08/27  09:15:00,1098.6418496258282,165.81066635065568
 08/27  09:30:00,1144.19618669568,184.18320704923377
 08/27  09:45:00,1078.8244309565694,201.87154593412208
 08/27  10:00:00,1016.0432893842813,219.89457165836635
 08/27  10:15:00,7921.808054419591,238.33719303939506
 08/27  10:30:00,3784.976365782634,257.0500028993564
 08/27  10:45:00,1867.5962228557196,290.91661029151265
 08/27  11:00:00,1360.745110899143,309.0180376683532
 08/27  11:15:00,51.11333333333332,328.1008940659486
 08/27  11:30:00,97.38447180802736,347.63157678570013
 08/27  11:45:00,124.9683123599398,360.2656984457096
 08/27  12:00:00,90.98,372.8097054582088
 08/27  12:15:00,128.04699631139087,385.22977275810126
 08/27  12:30:00,44.97999999999999,397.3616384222521
 08/27  12:45:00,100.46220402690406,420.5851831082967
 08/27  13:00:00,143.38278759477197,424.93250923852486
 08/27  13:15:00,90.98,428.49957524308803
 08/27  13:30:00,106.59156534559447,431.36939523182986
 08/27  13:45:00,97.37500969920352,426.99357638909925
 08/27  14:00:00,69.51333333333332,421.93241115353413
 08/27  14:15:00,143.3865537904056,416.4512563402337
 08/27  14:30:00,131.10735834984624,410.14110691482057
 08/27  14:45:00,44.97999999999999,396.75557048042975
 08/27  15:00:00,97.39090453024156,382.66499596723867
 08/27  15:15:00,1870.164676736375,367.4588328228797
 08/27  15:30:00,1172.9704271788023,351.4646111793095
 08/27  15:45:00,836.6396945228722,351.93503632915355
 08/27  16:00:00,662.7774492990133,359.4576018109066
 08/27  16:15:00,7929.577708930616,351.1085504088079
 08/27  16:30:00,2824.060512742077,338.659088533992
 08/27  16:45:00,1702.7665817112616,286.544854811719
 08/27  17:00:00,1450.1111457485304,239.17631887405315
 08/27  17:15:00,1056.0476676560456,190.5390698615637
 08/27  17:30:00,1352.96496726525,153.9768660318161
 08/27  17:45:00,2463.720726017046,120.08614945957727
 08/27  18:00:00,2619.8243657250605,87.49674173444762
 08/27  18:15:00,1488.125053062499,63.1399558722169
 08/27  18:30:00,1158.4383262594097,42.53708806935063
 08/27  18:45:00,805.9659783335155,32.83506823878726
 08/27  19:00:00,707.4459831094084,23.37945950719665
 08/27  19:15:00,703.8270063386815,14.09324169719298
 08/27  19:30:00,729.9911703946007,4.610200569709864
 08/27  19:45:00,773.6781269056914,0.0
 08/27  20:00:00,836.4143205127782,0.0
 08/27  20:15:00,833.420124491543,0.0
 08/27  20:30:00,799.8558385574803,0.0
 08/27  20:45:00,813.879068527651,0.0
 08/27  21:00:00,867.073271905702,0.0
 08/27  21:15:00,877.2718259119733,0.0
 08/27  21:30:00,846.9199524981285,0.0
 08/27  21:45:00,832.6469594988591,0.0
 08/27  22:00:00,856.2108688747792,0.0
 08/27  22:15:00,292.31333333333333,0.0
 08/27  22:30:00,140.33597200567596,0.0
 08/27  22:45:00,97.3909850852232,0.0
 08/27  23:00:00,44.97999999999999,0.0
 08/27  23:15:00,1105.129120793131,0.0
 08/27  23:30:00,203.09620889969784,0.0
 08/27  23:45:00,169.36131116835008,0.0
 08/27  24:00:00,104.66846,0.0
 08/28  00:15:00,122.85122873638208,0.0
 08/28  00:30:00,143.39438915050792,0.0
 08/28  00:45:00,81.78,0.0
 08/28  01:00:00,97.41429885751955,0.0
 08/28  01:15:00,97.40284730223289,0.0
 08/28  01:30:00,140.32455113980177,0.0
 08/28  01:45:00,90.98,0.0
 08/28  02:00:00,112.7430124734179,0.0
 08/28  02:15:00,97.39910663463056,0.0
 08/28  02:30:00,63.38,0.0
 08/28  02:45:00,143.41964609008843,0.0
 08/28  03:00:00,137.27613688414846,0.0
 08/28  03:15:00,97.3994118220647,0.0
 08/28  03:30:00,44.97999999999999,0.0
 08/28  03:45:00,137.28787727630038,0.0
 08/28  04:00:00,143.4116204173053,0.0
 08/28  04:15:00,115.80133755967114,0.0
 08/28  04:30:00,44.97999999999999,0.0
 08/28  04:45:00,112.7558597736792,0.0
 08/28  05:00:00,143.4124859237234,0.0
 08/28  05:15:00,159.0010049184524,0.0
 08/28  05:30:00,324.97999999999985,0.0
 08/28  05:45:00,143.4193385115372,0.0
 08/28  06:00:00,143.40762811586686,5.046586300503996
 08/28  06:15:00,143.39599766257103,7.569512875125454
 08/28  06:30:00,90.98,9.723583805708053
 08/28  06:45:00,97.4142228394498,19.680267799292196
 08/28  07:00:00,97.402470596066,29.49051678340608
 08/28  07:15:00,131.1233149112286,39.35701993959506
 08/28  07:30:00,90.98,49.372410182421845
 08/28  07:45:00,1125.3290462670366,62.153485814443485
 08/28  08:00:00,1857.4619053985132,75.08867253504194
 08/28  08:15:00,776.4282003956149,88.1224919635194
 08/28  08:30:00,766.7674975238394,101.25422367273572
 08/28  08:45:00,755.1607329609599,113.98775228017013
 08/28  09:00:00,1856.3242105912836,126.91194718896686
 08/28  09:15:00,1362.092261693505,140.1732777363117
 08/28  09:30:00,1132.5134786504389,153.63791760005472
 08/28  09:45:00,1145.7064785708342,164.87457528246628
 08/28  10:00:00,1090.2867449505002,176.4696561660848
 08/28  10:15:00,7936.934339772108,188.01998733066586
 08/28  10:30:00,3762.084599284576,199.76807853648188
 08/28  10:45:00,1901.9393515506915,207.30889574990215
 08/28  11:00:00,1399.1504869996213,214.84685401372695
 08/28  11:15:00,51.11333333333332,222.79442634614594
 08/28  11:30:00,97.38312678478316,230.74078474054133
 08/28  11:45:00,124.96869674238177,234.23014890477353
 08/28  12:00:00,90.98,237.70745948113833
 08/28  12:15:00,128.0467900959856,241.00758951666162
 08/28  12:30:00,44.97999999999999,244.2398011920097
 08/28  12:45:00,100.45588995886337,243.1446271054756
 08/28  13:00:00,143.3729183376437,242.00153192545315
 08/28  13:15:00,90.98,240.89017570825328
 08/28  13:30:00,106.58504865317155,239.702765484043
 08/28  13:45:00,97.37053695143268,233.7874233136753
 08/28  14:00:00,69.51333333333332,227.86098929142264
 08/28  14:15:00,143.3826678843594,221.98267357038526
 08/28  14:30:00,131.10130325397296,216.0491983601172
 08/28  14:45:00,44.97999999999999,206.32787164688943
 08/28  15:00:00,97.38000142402822,196.63499141092345
 08/28  15:15:00,2108.613287157479,187.04738725321857
 08/28  15:30:00,1513.3117545081757,177.49277920545993
 08/28  15:45:00,1096.5439249354467,164.20900458555184
 08/28  16:00:00,1002.4932743340672,151.17933888480488
 08/28  16:15:00,7944.441512015129,138.28984874259035
 08/28  16:30:00,3936.2537912535354,125.72306431788971
 08/28  16:45:00,1977.8022599037183,111.7973902915252
 08/28  17:00:00,1612.3832000489142,98.13941903273977
 08/28  17:15:00,1202.0740957801113,84.75943395609335
 08/28  17:30:00,1642.9597045624894,71.68832362031307
 08/28  17:45:00,2680.871709494443,59.678002610951765
 08/28  18:00:00,2880.3593577521488,47.81535262044562
 08/28  18:15:00,1746.2414980622689,36.113500508716335
 08/28  18:30:00,1275.6858099905658,24.4224992388678
 08/28  18:45:00,1080.6643153912655,18.873246463730023
 08/28  19:00:00,990.4795675278084,13.316101369498606
 08/28  19:15:00,998.0359607410574,7.762132596880517
 08/28  19:30:00,1006.4585871612962,2.3047688745511503
 08/28  19:45:00,1033.2656096469686,0.0
 08/28  20:00:00,1075.5389226040995,0.0
 08/28  20:15:00,1074.4055653154703,0.0
 08/28  20:30:00,1037.8197128748632,0.0
 08/28  20:45:00,1047.9291100427074,0.0
 08/28  21:00:00,1094.6783613654777,0.0
 08/28  21:15:00,1107.143606228505,0.0
 08/28  21:30:00,1080.9214633312463,0.0
 08/28  21:45:00,1070.1244680964912,0.0
 08/28  22:00:00,1098.772398165682,0.0
 08/28  22:15:00,292.3133333333333,0.0
 08/28  22:30:00,140.34406667493943,0.0
 08/28  22:45:00,97.40541596916296,0.0
 08/28  23:00:00,44.97999999999999,0.0
 08/28  23:15:00,143.41223220328882,0.0
 08/28  23:30:00,143.40294667636263,0.0
 08/28  23:45:00,109.66040923215874,0.0
 08/28  24:00:00,44.97999999999999,0.0
 08/29  00:15:00,118.88120668207318,0.0
 08/29  00:30:00,143.4023948529068,0.0
 08/29  00:45:00,134.18994889240952,0.0
 08/29  01:00:00,44.97999999999999,0.0
 08/29  01:15:00,97.40705692388542,0.0
 08/29  01:30:00,140.32814457135672,0.0
 08/29  01:45:00,90.98,0.0
 08/29  02:00:00,112.74491430774243,0.0
 08/29  02:15:00,97.39981669913308,0.0
 08/29  02:30:00,115.78786326332312,0.0
 08/29  02:45:00,90.98,0.0
 08/29  03:00:00,137.27237912012345,0.0
 08/29  03:15:00,97.39497510762536,0.0
 08/29  03:30:00,44.97999999999999,0.0
 08/29  03:45:00,137.2819925314359,0.0
 08/29  04:00:00,143.4050363874062,0.0
 08/29  04:15:00,115.79588870812628,0.0
 08/29  04:30:00,44.97999999999999,0.0
 08/29  04:45:00,112.75339538342706,0.0
 08/29  05:00:00,143.41179624482146,0.0
 08/29  05:15:00,158.99960511507007,0.0
 08/29  05:30:00,324.97999999999985,0.0
 08/29  05:45:00,143.41631935776306,0.0
 08/29  06:00:00,143.4036039116823,4.654069825673109
 08/29  06:15:00,143.3920451330867,6.984449539433067
 08/29  06:30:00,90.98,8.974110493592159
 08/29  06:45:00,97.41065032656444,18.750833893086234
 08/29  07:00:00,97.39908278413095,28.426431199484952
 08/29  07:15:00,78.71333333333334,38.04953388334161
 08/29  07:30:00,143.41046152367153,47.78891021133194
 08/29  07:45:00,1265.338915706017,60.45384879646576
 08/29  08:00:00,2147.288490112845,73.24938657712123
 08/29  08:15:00,969.0596892769856,86.21874540837948
 08/29  08:30:00,938.1696508632288,99.28819521221294
 08/29  08:45:00,926.8708032128616,142.66167420242377
 08/29  09:00:00,2094.4617538278635,185.80908159279545
 08/29  09:15:00,1532.6310114864257,241.6357984207806
 08/29  09:30:00,1367.1296262595583,292.50408200800746
 08/29  09:45:00,1306.146534038454,278.76222692059235
 08/29  10:00:00,1265.8227378721367,250.92562272790076
 08/29  10:15:00,7943.500878967882,230.85869407415709
 08/29  10:30:00,4094.295062276739,195.77474436309058
 08/29  10:45:00,1922.8239977679336,203.80844931577946
 08/29  11:00:00,1470.8089020610746,211.35505674271872
 08/29  11:15:00,51.11333333333332,219.44549538783076
 08/29  11:30:00,97.37722489308696,227.5374181158088
 08/29  11:45:00,72.57999999999998,230.7826680595856
 08/29  12:00:00,143.37568985892244,233.99721597770323
 08/29  12:15:00,128.02566594367264,236.88895184527638
 08/29  12:30:00,44.97999999999999,239.6922241362309
 08/29  12:45:00,100.43326771046588,238.41114933407962
 08/29  13:00:00,90.98,237.09223985786113
 08/29  13:15:00,143.3744309068018,236.10298779250834
 08/29  13:30:00,106.55816603284322,235.0303717068982
 08/29  13:45:00,44.97999999999999,229.47379366346695
 08/29  14:00:00,121.90006286583797,223.8965742977256
 08/29  14:15:00,139.98037565661275,218.0886325227115
 08/29  14:30:00,82.08245028682215,212.24819805301323
 08/29  14:45:00,97.35934485794638,202.08278205935792
 08/29  15:00:00,44.97999999999999,192.01132573482846
 08/29  15:15:00,2140.871728237509,182.24537251548793
 08/29  15:30:00,1664.709749651505,172.5100428299011
 08/29  15:45:00,1204.6269384498623,146.69224547911492
 08/29  16:00:00,1154.6531207371513,121.52723820932226
 08/29  16:15:00,7960.683196920277,96.99528067682624
 08/29  16:30:00,4024.405702494064,73.12765624219402
 08/29  16:45:00,2016.795693890513,65.26446116905585
 08/29  17:00:00,1682.74441299104,57.39915072654821
 08/29  17:15:00,1307.6086628511864,49.67000787059319
 08/29  17:30:00,1835.857521922376,41.95433271663568
 08/29  17:45:00,2846.665392336092,34.97034116275482
 08/29  18:00:00,3027.361964055985,27.978698446932825
 08/29  18:15:00,1888.413070159921,20.984041249397418
 08/29  18:30:00,1536.151309650215,13.986621341380939
 08/29  18:45:00,1212.1546515929683,10.864344423191113
 08/29  19:00:00,1129.0663364063164,7.737019378789498
 08/29  19:15:00,1146.0624696471168,4.605010199609015
 08/29  19:30:00,1150.3207411936553,1.5351291635180744
 08/29  19:45:00,1174.981029928541,0.0
 08/29  20:00:00,1212.1971892085137,0.0
 08/29  20:15:00,1215.0399987845178,0.0
 08/29  20:30:00,1180.0494212841531,0.0
 08/29  20:45:00,1189.8693054278892,0.0
 08/29  21:00:00,1235.9359865967092,0.0
 08/29  21:15:00,1241.7940146638816,0.0
 08/29  21:30:00,1209.8700712998643,0.0
 08/29  21:45:00,1193.2940600288655,0.0
 08/29  22:00:00,1214.374521876297,0.0
 08/29  22:15:00,292.3133333333333,0.0
 08/29  22:30:00,140.33327609559365,0.0
 08/29  22:45:00,97.39226793083272,0.0
 08/29  23:00:00,44.97999999999999,0.0
 08/29  23:15:00,2014.8996156590529,0.0
 08/29  23:30:00,1305.907739935183,0.0
 08/29  23:45:00,1503.3613333333335,0.0
 08/29  24:00:00,118.06407623195378,0.0
 08/30  00:15:00,118.86431756850686,0.0
 08/30  00:30:00,90.98,0.0
 08/30  00:45:00,134.1996700277894,0.0
 08/30  01:00:00,97.38717624857604,0.0
 08/30  01:15:00,44.97999999999999,0.0
 08/30  01:30:00,140.3373058095763,0.0
 08/30  01:45:00,143.3918533210283,0.0
 08/30  02:00:00,112.71291747906112,0.0
 08/30  02:15:00,44.97999999999999,0.0
 08/30  02:30:00,115.79635116486804,0.0
 08/30  02:45:00,143.38390396664096,0.0
 08/30  03:00:00,84.84666666666666,0.0
 08/30  03:15:00,97.40053357030452,0.0
 08/30  03:30:00,97.38801979786874,0.0
 08/30  03:45:00,84.84666666666666,0.0
 08/30  04:00:00,143.40441071544907,0.0
 08/30  04:15:00,115.7917908199298,0.0
 08/30  04:30:00,97.37894904926353,0.0
 08/30  04:45:00,60.313333333333325,0.0
 08/30  05:00:00,143.39510252308614,0.0
 08/30  05:15:00,158.9820945216291,0.0
 08/30  05:30:00,324.97999999999985,0.0
 08/30  05:45:00,143.39764313017332,0.0
 08/30  06:00:00,143.38457505804485,2.6973559295537317
 08/30  06:15:00,90.98,4.048540862515082
 08/30  06:30:00,143.39981422653292,5.1864041198239335
 08/30  06:45:00,97.38668138472453,11.133108788860676
 08/30  07:00:00,44.97999999999999,17.080829126303627
 08/30  07:15:00,131.1344440324211,23.028873068803208
 08/30  07:30:00,143.38734367842255,28.974420567091585
 08/30  07:45:00,1291.3910271606835,36.410315783195124
 08/30  08:00:00,2195.510453611418,43.83658153654083
 08/30  08:15:00,1178.0771000573784,51.263179255100795
 08/30  08:30:00,987.8277527119394,58.779524900106054
 08/30  08:45:00,968.6236836745117,66.34491576482105
 08/30  09:00:00,2193.568581927508,73.95853998343762
 08/30  09:15:00,1665.421328069192,81.60087464580972
 08/30  09:30:00,1577.17883959789,89.28254578093117
 08/30  09:45:00,1469.954129559109,95.42362560407997
 08/30  10:00:00,1437.0989150777236,101.59837568501045
 08/30  10:15:00,7943.500916624566,107.72578101813814
 08/30  10:30:00,4897.2078684625785,113.86078482962256
 08/30  10:45:00,1772.8184399581032,118.00037798160368
 08/30  11:00:00,1562.3201575607543,122.16328595786837
 08/30  11:15:00,51.11333333333332,126.56636668277208
 08/30  11:30:00,97.38051448314278,131.0026394794289
 08/30  11:45:00,72.57999999999998,156.80637417627523
 08/30  12:00:00,143.38348649017254,182.86809791825453
 08/30  12:15:00,128.0339309775839,209.06073648443783
 08/30  12:30:00,44.97999999999999,235.51274524883348
 08/30  12:45:00,100.44227677796216,233.7868146091871
 08/30  13:00:00,143.35883294546122,232.37306690192582
 08/30  13:15:00,90.98,230.86845924891296
 08/30  13:30:00,106.56559753554244,229.33992802166878
 08/30  13:45:00,44.97999999999999,223.3742822645471
 08/30  14:00:00,121.90475404213902,217.4637308545166
 08/30  14:15:00,143.35531103484254,211.7731104069377
 08/30  14:30:00,78.71333333333334,206.08327089460846
 08/30  14:45:00,97.3644210967212,196.4731540521429
 08/30  15:00:00,44.97999999999999,186.95329872417418
 08/30  15:15:00,2075.378979473337,177.4433906475547
 08/30  15:30:00,1844.496472318956,168.00009368851929
 08/30  15:45:00,1280.5331284551282,155.4960443188951
 08/30  16:00:00,1252.632213122249,143.18495177294932
 08/30  16:15:00,7964.967764973123,131.14897373919447
 08/30  16:30:00,4222.881096948051,119.27798270731728
 08/30  16:45:00,1967.0194823889096,106.05973939238432
 08/30  17:00:00,1696.4305944122582,92.98268055382036
 08/30  17:15:00,1335.3385734890744,80.02206260652268
 08/30  17:30:00,1882.6501810784396,67.24790701299928
 08/30  17:45:00,2889.0659975276008,55.73618229249056
 08/30  18:00:00,3005.390965949791,44.36072177473717
 08/30  18:15:00,1867.6113677459864,33.14891729529301
 08/30  18:30:00,1611.1046250715403,21.960797232666874
 08/30  18:45:00,1246.977638829278,16.846908158306018
 08/30  19:00:00,1163.2610929194868,11.722804926214343
 08/30  19:15:00,1179.6884248317144,6.591327606657285
 08/30  19:30:00,1185.7454688821856,0.0
 08/30  19:45:00,1215.782933788401,0.0
 08/30  20:00:00,1250.3872578670475,0.0
 08/30  20:15:00,1242.469603075222,0.0
 08/30  20:30:00,1203.1804916242222,0.0
 08/30  20:45:00,1209.0738850888815,0.0
 08/30  21:00:00,1252.0906068569657,0.0
 08/30  21:15:00,1259.734849965798,0.0
 08/30  21:30:00,1229.403531524597,0.0
 08/30  21:45:00,1214.284961845091,0.0
 08/30  22:00:00,1238.120088761859,0.0
 08/30  22:15:00,292.3133333333333,0.0
 08/30  22:30:00,140.32292015527784,0.0
 08/30  22:45:00,44.97999999999999,0.0
 08/30  23:00:00,97.3991006201147,0.0
 08/30  23:15:00,1918.7628760767084,0.0
 08/30  23:30:00,1017.089448204197,0.0
 08/30  23:45:00,141.98302666666663,0.0
 08/30  24:00:00,182.13901071019768,0.0
 08/31  00:15:00,152.75553112748565,0.0
 08/31  00:30:00,90.98,0.0
 08/31  00:45:00,134.19503029375505,0.0
 08/31  01:00:00,97.3817154820194,0.0
 08/31  01:15:00,44.97999999999999,0.0
 08/31  01:30:00,140.33412269006482,0.0
 08/31  01:45:00,143.38989970519503,0.0
 08/31  02:00:00,60.313333333333325,0.0
 08/31  02:15:00,97.40805146949182,0.0
 08/31  02:30:00,115.7955564063793,0.0
 08/31  02:45:00,143.382830785624,0.0
 08/31  03:00:00,84.84666666666666,0.0
 08/31  03:15:00,97.4017576094929,0.0
 08/31  03:30:00,97.39200121032476,0.0
 08/31  03:45:00,84.84666666666666,0.0
 08/31  04:00:00,143.41485078037272,0.0
 08/31  04:15:00,115.80398212176604,0.0
 08/31  04:30:00,97.3929979601876,0.0
 08/31  04:45:00,60.313333333333325,0.0
 08/31  05:00:00,143.41292154790818,0.0
 08/31  05:15:00,159.00098279220794,0.0
 08/31  05:30:00,377.4040445326712,0.0
 08/31  05:45:00,90.98,0.0
 08/31  06:00:00,143.4060554382594,0.0
 08/31  06:15:00,143.39384272576766,5.808399554397969
 08/31  06:30:00,90.98,7.46293554890195
 08/31  06:45:00,97.41073396863077,17.215202358786133
 08/31  07:00:00,97.39838254751834,26.88866121433645
 08/31  07:15:00,131.11894400373853,36.556947259469126
 08/31  07:30:00,1400.7835835337462,46.369585602271684
 08/31  07:45:00,1263.651903843686,58.96029509778461
 08/31  08:00:00,2142.453827541914,71.69999219491888
 08/31  08:15:00,1298.831182162004,84.52748448561114
 08/31  08:30:00,1054.025550823304,97.44456866794127
 08/31  08:45:00,2283.35560316924,110.16468064650017
 08/31  09:00:00,2188.5980825873585,123.12141194331357
 08/31  09:15:00,1535.1170057999798,136.30390728063816
 08/31  09:30:00,1499.9654072481617,149.6844598818307
 08/31  09:45:00,1487.5719236195648,179.02379330482432
 08/31  10:00:00,1407.1253972858638,221.279366798281
 08/31  10:15:00,1352.952668236882,254.2762430988182
 08/31  10:30:00,1327.8988917971776,288.29114787465403
 08/31  10:45:00,1330.05766718123,320.7311485499446
 08/31  11:00:00,1276.9291778278366,353.99237397338635
 08/31  11:15:00,890.0341343775672,403.3441279075442
 08/31  11:30:00,829.9876778051996,437.3318573277826
 08/31  11:45:00,856.990516887656,450.9722884815551
 08/31  12:00:00,788.9308703545546,464.66668680170443
 08/31  12:15:00,1142.6002843021977,479.15475162683333
 08/31  12:30:00,869.4701697492064,492.99673931291284
 08/31  12:45:00,937.62385524666,500.75237754880203
 08/31  13:00:00,875.7972244499184,507.81865055559484
 08/31  13:15:00,838.5102179720942,530.2420019680332
 08/31  13:30:00,771.1376216185131,533.3944063530774
 08/31  13:45:00,739.6132544574812,528.0744284288828
 08/31  14:00:00,735.8969756447002,521.6687069047023
 08/31  14:15:00,724.2802219628716,513.8467127320753
 08/31  14:30:00,675.4210440983508,504.59470597495533
 08/31  14:45:00,607.6664981245195,497.5054416136437
 08/31  15:00:00,578.8893327424643,488.15811735079046
 08/31  15:15:00,995.8740282875611,476.9219082042949
 08/31  15:30:00,909.037817050912,463.1963731349931
 08/31  15:45:00,549.0267981911255,422.149138888791
 08/31  16:00:00,455.687379941353,382.12675352839614
 08/31  16:15:00,640.726423350312,342.52740620515624
 08/31  16:30:00,7953.627091882321,303.82862377520786
 08/31  16:45:00,2786.2653701182503,259.00382479600927
 08/31  17:00:00,1813.1424345873927,217.36783394511227
 08/31  17:15:00,1268.3226909689952,173.5069236095875
 08/31  17:30:00,1097.1984450916698,140.45399269969832
 08/31  17:45:00,2974.701489006908,107.51563993987791
 08/31  18:00:00,2551.191110558965,78.92693403591781
 08/31  18:15:00,1460.787923962628,53.26080429183967
 08/31  18:30:00,1097.410184408824,34.257745656008915
 08/31  18:45:00,886.7944878014926,26.387809635298204
 08/31  19:00:00,786.8640338972241,18.615128066708536
 08/31  19:15:00,7930.4887813106225,10.867071008432722
 08/31  19:30:00,3367.656355370058,0.0
 08/31  19:45:00,1685.1399314498276,0.0
 08/31  20:00:00,1385.1439462715582,0.0
 08/31  20:15:00,1179.1460265841365,0.0
 08/31  20:30:00,1023.4934647493574,0.0
 08/31  20:45:00,959.0584354792002,0.0
 08/31  21:00:00,960.027957288616,0.0
 08/31  21:15:00,936.79260776176,0.0
 08/31  21:30:00,886.2542983182093,0.0
 08/31  21:45:00,856.8109966252106,0.0
 08/31  22:00:00,870.2036792257957,0.0
 08/31  22:15:00,1336.7472595925622,0.0
 08/31  22:30:00,87.91333333333333,0.0
 08/31  22:45:00,97.3895166221378,0.0
 08/31  23:00:00,44.97999999999999,0.0
 08/31  23:15:00,2003.5511737271768,0.0
 08/31  23:30:00,1886.0534454833871,0.0
 08/31  23:45:00,154.9392966666665,0.0
 08/31  24:00:00,195.06981802546048,0.0
 09/01  00:15:00,216.51891084625197,0.0
 09/01  00:30:00,188.67263000000003,0.0
 09/01  00:45:00,231.85771595802584,0.0
 09/01  01:00:00,142.67263,0.0
 09/01  01:15:00,123.42109670044914,0.0
 09/01  01:30:00,140.28465822992516,0.0
 09/01  01:45:00,90.98,0.0
 09/01  02:00:00,112.68842095119588,0.0
 09/01  02:15:00,44.97999999999999,0.0
 09/01  02:30:00,115.75968149616024,0.0
 09/01  02:45:00,143.34117374651638,0.0
 09/01  03:00:00,84.84666666666666,0.0
 09/01  03:15:00,97.34619604804227,0.0
 09/01  03:30:00,44.97999999999999,0.0
 09/01  03:45:00,137.21871358404096,0.0
 09/01  04:00:00,90.98,0.0
 09/01  04:15:00,115.75851087775008,0.0
 09/01  04:30:00,97.34153570495133,0.0
 09/01  04:45:00,60.313333333333325,0.0
 09/01  05:00:00,143.34919158352702,0.0
 09/01  05:15:00,106.58,0.0
 09/01  05:30:00,377.3567355652249,0.0
 09/01  05:45:00,90.98,0.0
 09/01  06:00:00,143.3644386755147,0.0
 09/01  06:15:00,143.34697543798217,5.090308574286568
 09/01  06:30:00,90.98,6.533382765965564
 09/01  06:45:00,97.35317371324795,10.900134011063091
 09/01  07:00:00,44.97999999999999,15.268061368329013
 09/01  07:15:00,131.09263681158126,19.63808176590326
 09/01  07:30:00,1168.623199489707,24.01034484293477
 09/01  07:45:00,995.6117831454812,31.311738585521745
 09/01  08:00:00,1766.2119997643156,38.614144248135005
 09/01  08:15:00,764.9710342104868,45.925111523104704
 09/01  08:30:00,756.4360505958564,53.25518705796109
 09/01  08:45:00,1821.8583175155716,60.52595526261804
 09/01  09:00:00,803.0919839089335,67.85281500615528
 09/01  09:15:00,860.946704341547,75.19279052422026
 09/01  09:30:00,934.3724376033044,82.56922235797951
 09/01  09:45:00,939.6958557331905,88.8126150198394
 09/01  10:00:00,904.750292713878,95.07709227500571
 09/01  10:15:00,878.4287049605704,101.44679753559313
 09/01  10:30:00,881.3825221920605,107.85432457123389
 09/01  10:45:00,916.077377495799,112.12308982343355
 09/01  11:00:00,899.9110437906488,116.43638303982021
 09/01  11:15:00,796.337039348698,120.8432214153625
 09/01  11:30:00,625.1762521695647,125.2813260278848
 09/01  11:45:00,688.3502568506137,127.35864570675267
 09/01  12:00:00,638.5688855527504,129.4603523388673
 09/01  12:15:00,927.2198346466153,131.37306959321697
 09/01  12:30:00,616.9450785914555,133.27987431701365
 09/01  12:45:00,725.0438715882086,132.15148948212268
 09/01  13:00:00,694.9535991243631,131.0348571909386
 09/01  13:15:00,690.6461609787733,129.96687143615554
 09/01  13:30:00,650.2595178353456,128.8978071949802
 09/01  13:45:00,640.5053300804822,125.45602081414668
 09/01  14:00:00,661.4998022526213,122.0404225727014
 09/01  14:15:00,679.2939614544046,118.72967975077756
 09/01  14:30:00,659.2107619481142,115.43655620216353
 09/01  14:45:00,616.4138550322075,126.34732400405579
 09/01  15:00:00,610.5422458124997,137.15271266788673
 09/01  15:15:00,1039.9348937411978,147.76023259718065
 09/01  15:30:00,961.2364594037726,158.28873901055442
 09/01  15:45:00,618.6181147979762,145.15498875655985
 09/01  16:00:00,537.1555046878309,132.4281518827015
 09/01  16:15:00,716.7104905670133,119.9955394995747
 09/01  16:30:00,7954.685688279364,107.87774901677372
 09/01  16:45:00,3015.005766904876,95.06973775375405
 09/01  17:00:00,1870.566235354542,82.39784144897014
 09/01  17:15:00,1258.2514823246584,69.94117808595693
 09/01  17:30:00,1070.9338768825965,57.6022981628205
 09/01  17:45:00,2900.8767243393845,47.25854909865184
 09/01  18:00:00,2517.498587576283,37.02332933185034
 09/01  18:15:00,1403.8725535300546,26.856478527372925
 09/01  18:30:00,1153.3142771748126,16.68243425975052
 09/01  18:45:00,858.5815847040992,12.883180504313339
 09/01  19:00:00,750.7487095061676,9.075490887024683
 09/01  19:15:00,7929.647030833464,5.266057539415336
 09/01  19:30:00,3271.647792216557,0.0
 09/01  19:45:00,1658.313228378532,0.0
 09/01  20:00:00,1370.4569410724644,0.0
 09/01  20:15:00,1166.292198887102,0.0
 09/01  20:30:00,1006.070072376916,0.0
 09/01  20:45:00,937.3643330360192,0.0
 09/01  21:00:00,934.0578258063535,0.0
 09/01  21:15:00,910.4652635422348,0.0
 09/01  21:30:00,861.1041336702741,0.0
 09/01  21:45:00,832.9361987395835,0.0
 09/01  22:00:00,848.7011356557912,0.0
 09/01  22:15:00,1272.706060027513,0.0
 09/01  22:30:00,87.91333333333333,0.0
 09/01  22:45:00,97.374257970817,0.0
 09/01  23:00:00,44.97999999999999,0.0
 09/01  23:15:00,188.7194654608507,0.0
 09/01  23:30:00,982.5822028431415,0.0
 09/01  23:45:00,102.59264666666668,0.0
 09/01  24:00:00,142.71763944747576,0.0
 09/02  00:15:00,111.79264666666668,0.0
 09/02  00:30:00,188.7268428544517,0.0
 09/02  00:45:00,179.51079609943548,0.0
 09/02  01:00:00,90.32598,0.0
 09/02  01:15:00,1068.894634531759,0.0
 09/02  01:30:00,1376.4428982000284,0.0
 09/02  01:45:00,136.32598000000002,0.0
 09/02  02:00:00,158.05826251560532,0.0
 09/02  02:15:00,78.23371866666666,0.0
 09/02  02:30:00,115.7839254204924,0.0
 09/02  02:45:00,143.37042124078525,0.0
 09/02  03:00:00,84.84666666666666,0.0
 09/02  03:15:00,97.38456762884164,0.0
 09/02  03:30:00,97.37095332723376,0.0
 09/02  03:45:00,84.84666666666666,0.0
 09/02  04:00:00,143.38541009490498,0.0
 09/02  04:15:00,115.77058675416907,0.0
 09/02  04:30:00,44.97999999999999,0.0
 09/02  04:45:00,112.7155518172055,0.0
 09/02  05:00:00,143.3671836796778,0.0
 09/02  05:15:00,106.58,0.0
 09/02  05:30:00,377.3784977077681,0.0
 09/02  05:45:00,143.3632467487784,0.0
 09/02  06:00:00,90.98,0.0
 09/02  06:15:00,143.37408227843227,6.292092521863562
 09/02  06:30:00,90.98,8.085744863943113
 09/02  06:45:00,97.3842392491362,15.831629594889746
 09/02  07:00:00,97.36864441616972,23.57241466354482
 09/02  07:15:00,78.71333333333334,31.281648306084538
 09/02  07:30:00,143.3783936868955,39.038011459925976
 09/02  07:45:00,1074.3567570616565,65.27109067920746
 09/02  08:00:00,1757.9167153722526,93.62552715827978
 09/02  08:15:00,867.5009448224861,124.89454919052228
 09/02  08:30:00,710.7835946799383,158.81281978585193
 09/02  08:45:00,706.4680813558548,183.58635537806921
 09/02  09:00:00,1750.8470724045055,209.2286574727226
 09/02  09:15:00,1042.3098232910145,235.72781235837076
 09/02  09:30:00,978.5964415755528,262.91043907311877
 09/02  09:45:00,937.5879936286344,310.70502421483155
 09/02  10:00:00,874.4135536415504,350.744334494287
 09/02  10:15:00,7917.312668714862,392.4205443643048
 09/02  10:30:00,3448.216212255202,435.4752681808991
 09/02  10:45:00,1728.9434292141896,470.824751839281
 09/02  11:00:00,1236.6408741111163,492.1243920220645
 09/02  11:15:00,51.11333333333332,514.2833571270094
 09/02  11:30:00,97.3593676974936,535.8510986716706
 09/02  11:45:00,72.57999999999998,547.24770199051
 09/02  12:00:00,143.3502712160586,557.4955033257152
 09/02  12:15:00,75.64666666666666,565.3449539809088
 09/02  12:30:00,97.35504128934744,571.8284676335815
 09/02  12:45:00,48.04666666666666,546.9439400345318
 09/02  13:00:00,143.35960299917065,503.0830246587657
 09/02  13:15:00,143.33984137932117,477.2712001373244
 09/02  13:30:00,54.17999999999999,450.72156432252746
 09/02  13:45:00,97.34072845493348,440.1053805023005
 09/02  14:00:00,69.51333333333332,428.6143271434378
 09/02  14:15:00,143.34189473878115,415.7662040626473
 09/02  14:30:00,78.71333333333334,402.21731559630683
 09/02  14:45:00,97.34376642958338,414.0402532881501
 09/02  15:00:00,44.97999999999999,436.5386283830842
 09/02  15:15:00,1563.0754951921708,443.1692852131082
 09/02  15:30:00,798.1490447212325,446.05491731300674
 09/02  15:45:00,612.8795413413643,372.63453952341985
 09/02  16:00:00,391.1165746635552,292.5765704534672
 09/02  16:15:00,7926.908323383241,228.9453692499938
 09/02  16:30:00,2162.729403586623,162.62508821177582
 09/02  16:45:00,1499.753569750042,134.04451760011054
 09/02  17:00:00,1361.6350479444616,107.0968043091351
 09/02  17:15:00,981.9767293570858,78.91348705024444
 09/02  17:30:00,1447.6330840920416,56.96230184366622
 09/02  17:45:00,2331.382528882501,46.59995163194666
 09/02  18:00:00,2353.604360933636,36.34360212381768
 09/02  18:15:00,1227.905701916168,26.134871160972075
 09/02  18:30:00,928.7010416796212,15.941500276628915
 09/02  18:45:00,652.8576750260968,12.13355742626088
 09/02  19:00:00,525.8551107125027,8.326025940569783
 09/02  19:15:00,506.0371768383945,4.699902805460981
 09/02  19:30:00,514.8663885816123,0.0
 09/02  19:45:00,570.8969614419077,0.0
 09/02  20:00:00,596.3100651484588,0.0
 09/02  20:15:00,582.0197758640505,0.0
 09/02  20:30:00,537.377460536522,0.0
 09/02  20:45:00,539.5618798306733,0.0
 09/02  21:00:00,581.664480533017,0.0
 09/02  21:15:00,592.288354080272,0.0
 09/02  21:30:00,563.7562869903484,0.0
 09/02  21:45:00,551.7348270181595,0.0
 09/02  22:00:00,577.0672520353714,0.0
 09/02  22:15:00,292.31333333333333,0.0
 09/02  22:30:00,140.29792726336677,0.0
 09/02  22:45:00,44.97999999999999,0.0
 09/02  23:00:00,97.3620244303846,0.0
 09/02  23:15:00,90.98,0.0
 09/02  23:30:00,143.3712446656191,0.0
 09/02  23:45:00,109.62211998106206,0.0
 09/02  24:00:00,44.97999999999999,0.0
 09/03  00:15:00,118.83259825682153,0.0
 09/03  00:30:00,90.98,0.0
 09/03  00:45:00,134.17751141936864,0.0
 09/03  01:00:00,97.36303794757696,0.0
 09/03  01:15:00,44.97999999999999,0.0
 09/03  01:30:00,140.30684803346207,0.0
 09/03  01:45:00,143.35812200225607,0.0
 09/03  02:00:00,60.313333333333325,0.0
 09/03  02:15:00,97.36977036590396,0.0
 09/03  02:30:00,63.38,0.0
 09/03  02:45:00,143.3825491779037,0.0
 09/03  03:00:00,137.23526537901466,0.0
 09/03  03:15:00,44.97999999999999,0.0
 09/03  03:30:00,97.3822749690036,0.0
 09/03  03:45:00,137.2353192097351,0.0
 09/03  04:00:00,90.98,0.0
 09/03  04:15:00,115.78186300440083,0.0
 09/03  04:30:00,97.36709308526142,0.0
 09/03  04:45:00,60.313333333333325,0.0
 09/03  05:00:00,143.37903775946023,0.0
 09/03  05:15:00,158.96432916733042,0.0
 09/03  05:30:00,324.97999999999985,0.0
 09/03  05:45:00,143.37659331470326,0.0
 09/03  06:00:00,90.98,0.0
 09/03  06:15:00,143.38863570572568,4.5700777425956955
 09/03  06:30:00,143.37412602661755,5.8637434688110135
 09/03  06:45:00,44.97999999999999,13.972999018465226
 09/03  07:00:00,97.3862137490804,22.098101660048016
 09/03  07:15:00,131.10498723384669,30.21852913415184
 09/03  07:30:00,90.98,38.37942503060161
 09/03  07:45:00,1155.3218499277411,50.615429604198866
 09/03  08:00:00,1631.6358379427793,63.04790633613435
 09/03  08:15:00,728.2593159989473,75.60940861080442
 09/03  08:30:00,629.5621197435521,88.30398328615881
 09/03  08:45:00,623.1595645831596,101.031058795267
 09/03  09:00:00,1469.2906421307878,113.9396440660766
 09/03  09:15:00,754.47289174225,127.07902313225227
 09/03  09:30:00,883.913517539696,140.3981781674869
 09/03  09:45:00,843.470567857023,132.3291143876342
 09/03  10:00:00,817.1611579440753,124.36166538113221
 09/03  10:15:00,7916.44298142324,116.66220815710386
 09/03  10:30:00,3485.634288045253,108.99424855996729
 09/03  10:45:00,1846.2626734259024,113.56724870486217
 09/03  11:00:00,1374.0758129120552,118.15950572138269
 09/03  11:15:00,51.11333333333332,122.61849883707417
 09/03  11:30:00,97.38602203541387,127.1004807599107
 09/03  11:45:00,124.97292703228985,128.96134876330075
 09/03  12:00:00,90.98,130.84190881211342
 09/03  12:15:00,128.05570622634963,132.76445718872426
 09/03  12:30:00,97.37651423217662,134.69413709734758
 09/03  12:45:00,48.04666666666666,133.94072635575967
 09/03  13:00:00,143.39348564965252,133.18795321971353
 09/03  13:15:00,143.38011049401888,132.3484891041194
 09/03  13:30:00,54.17999999999999,131.50705042329665
 09/03  13:45:00,97.3948476838202,127.99334933221371
 09/03  14:00:00,121.91472834373356,124.49873194323594
 09/03  14:15:00,90.98,121.05995922959903
 09/03  14:30:00,131.1309665925868,117.64392379570808
 09/03  14:45:00,97.38513958379636,111.82395082688718
 09/03  15:00:00,44.97999999999999,106.0390574810229
 09/03  15:15:00,2311.7669858218974,100.17441734769557
 09/03  15:30:00,1496.7139089988525,94.35479131539697
 09/03  15:45:00,1056.5356260399728,86.79802823542866
 09/03  16:00:00,946.535713343374,79.31053591349135
 09/03  16:15:00,7942.297634626583,71.91474387427753
 09/03  16:30:00,3833.801606560441,64.58156766777994
 09/03  16:45:00,1940.006226062702,62.52242668830817
 09/03  17:00:00,1573.594676612464,60.47852966491926
 09/03  17:15:00,1150.4994022353394,58.46606748124381
 09/03  17:30:00,1593.9311006491157,56.45919107814777
 09/03  17:45:00,2588.1715477409525,45.83481924578953
 09/03  18:00:00,2748.962564248096,35.381421453325345
 09/03  18:15:00,1625.0472289154632,25.02247421899949
 09/03  18:30:00,1135.353572122737,14.685781536769506
 09/03  18:45:00,978.1035087321142,11.19179193285255
 09/03  19:00:00,890.8608513967497,7.700070996381585
 09/03  19:15:00,898.8097506351542,4.381471970487662
 09/03  19:30:00,908.6284488314164,0.0
 09/03  19:45:00,956.0652445838114,0.0
 09/03  20:00:00,987.605007766162,0.0
 09/03  20:15:00,983.2678648616388,0.0
 09/03  20:30:00,946.8912009006684,0.0
 09/03  20:45:00,955.878174437073,0.0
 09/03  21:00:00,1003.9320233689496,0.0
 09/03  21:15:00,1013.0302042443296,0.0
 09/03  21:30:00,983.574122297098,0.0
 09/03  21:45:00,968.3348807130116,0.0
 09/03  22:00:00,991.5037541289856,0.0
 09/03  22:15:00,292.3133333333333,0.0
 09/03  22:30:00,140.32241205141364,0.0
 09/03  22:45:00,44.97999999999999,0.0
 09/03  23:00:00,97.39346645053531,0.0
 09/03  23:15:00,1105.1070771431837,0.0
 09/03  23:30:00,150.66846000000004,0.0
 09/03  23:45:00,169.3489231124743,0.0
 09/03  24:00:00,157.06874338916836,0.0
 09/04  00:15:00,70.42589733333332,0.0
 09/04  00:30:00,143.39555726144846,0.0
 09/04  00:45:00,134.1827690536146,0.0
 09/04  01:00:00,44.97999999999999,0.0
 09/04  01:15:00,97.39845946191068,0.0
 09/04  01:30:00,140.3191183278407,0.0
 09/04  01:45:00,138.68388253573357,0.0
 09/04  02:00:00,65.00157082200509,0.0
 09/04  02:15:00,97.38904103665573,0.0
 09/04  02:30:00,115.77609437139404,0.0
 09/04  02:45:00,90.98,0.0
 09/04  03:00:00,137.2587560358591,0.0
 09/04  03:15:00,97.37963481501058,0.0
 09/04  03:30:00,44.97999999999999,0.0
 09/04  03:45:00,137.26327767397964,0.0
 09/04  04:00:00,143.38443675895851,0.0
 09/04  04:15:00,63.38,0.0
 09/04  04:30:00,97.40146498205064,0.0
 09/04  04:45:00,112.7227046740864,0.0
 09/04  05:00:00,90.98,0.0
 09/04  05:15:00,159.00633689918783,0.0
 09/04  05:30:00,377.3941027839951,0.0
 09/04  05:45:00,143.38169530408862,0.0
 09/04  06:00:00,90.98,0.0
 09/04  06:15:00,143.39804137598315,5.773875169474657
 09/04  06:30:00,143.38499785661057,7.41863905971058
 09/04  06:45:00,44.97999999999999,21.732505250938647
 09/04  07:00:00,97.4002997368622,37.53709900500058
 09/04  07:15:00,131.1204739094972,56.587039966931286
 09/04  07:30:00,90.98,81.17544212211055
 09/04  07:45:00,1144.612005199328,85.7853768179181
 09/04  08:00:00,2048.207307871304,90.16009693712914
 09/04  08:15:00,916.8708999756348,88.45717420700464
 09/04  08:30:00,899.1745934306049,87.32324579291097
 09/04  08:45:00,889.9017930521073,112.63744833456802
 09/04  09:00:00,2030.942089641584,139.24995727476576
 09/04  09:15:00,1464.40267727007,167.0418484743191
 09/04  09:30:00,1270.320724132006,206.583553027361
 09/04  09:45:00,1227.4637493282264,240.73942395188988
 09/04  10:00:00,1160.1905091530596,276.96757409735585
 09/04  10:15:00,7940.8164882633055,327.90880537567716
 09/04  10:30:00,3730.8888711471,367.87736487653524
 09/04  10:45:00,1886.6741042538256,340.2380352491962
 09/04  11:00:00,1409.7184773700826,295.1327685538974
 09/04  11:15:00,51.11333333333332,263.4500178681903
 09/04  11:30:00,97.37125291756853,214.2943190485678
 09/04  11:45:00,72.57999999999998,282.389486606854
 09/04  12:00:00,143.37124737336148,335.2003305595492
 09/04  12:15:00,128.01918218245424,388.05515512561146
 09/04  12:30:00,44.97999999999999,459.04737255071797
 09/04  12:45:00,100.42222680279366,432.69976353800786
 09/04  13:00:00,90.98,388.20531908455814
 09/04  13:15:00,143.3606083669383,362.5522965298911
 09/04  13:30:00,106.54405139893976,336.609409316845
 09/04  13:45:00,44.97999999999999,304.20287366151
 09/04  14:00:00,121.88600687532582,272.1281468754646
 09/04  14:15:00,90.98,224.40548251928936
 09/04  14:30:00,131.09200062859352,195.0209204602065
 09/04  14:45:00,44.97999999999999,184.7758720817709
 09/04  15:00:00,97.36425840801692,174.56436508960337
 09/04  15:15:00,2024.7789548675037,164.67847109685815
 09/04  15:30:00,1489.3886420100189,154.88714321266082
 09/04  15:45:00,1098.3368607599111,131.3179020113453
 09/04  16:00:00,1008.6767389667316,108.18801513237867
 09/04  16:15:00,7952.047962588796,85.51717208305915
 09/04  16:30:00,3929.714188525831,63.32727724187132
 09/04  16:45:00,2005.0909887638215,55.69855451684581
 09/04  17:00:00,1645.6676313943478,48.18384689704541
 09/04  17:15:00,1241.405498370788,40.64569204451802
 09/04  17:30:00,1749.6777454868425,33.104069250532014
 09/04  17:45:00,2729.8115437067954,28.331626555916245
 09/04  18:00:00,2910.0344095062846,23.55470099221359
 09/04  18:15:00,1763.1055372202609,18.75538050111236
 09/04  18:30:00,1377.43261526116,13.961750611457049
 09/04  18:45:00,1092.6558964980698,10.649543051949417
 09/04  19:00:00,1003.7482560051016,7.3402703243852905
 09/04  19:15:00,1011.20858544466,4.191412534127866
 09/04  19:30:00,1013.6426314932598,0.0
 09/04  19:45:00,1050.495451454762,0.0
 09/04  20:00:00,1080.1184979155898,0.0
 09/04  20:15:00,1068.0872106518927,0.0
 09/04  20:30:00,1026.4210020769249,0.0
 09/04  20:45:00,1027.977912944286,0.0
 09/04  21:00:00,1070.0834729069386,0.0
 09/04  21:15:00,1073.2533897204898,0.0
 09/04  21:30:00,1038.028459118268,0.0
 09/04  21:45:00,1020.0568490982864,0.0
 09/04  22:00:00,1037.0619905985504,0.0
 09/04  22:15:00,292.3133333333333,0.0
 09/04  22:30:00,140.30421645525217,0.0
 09/04  22:45:00,44.97999999999999,0.0
 09/04  23:00:00,97.3704560036172,0.0
 09/04  23:15:00,143.35383403775137,0.0
 09/04  23:30:00,90.98,0.0
 09/04  23:45:00,109.628539152899,0.0
 09/04  24:00:00,44.97999999999999,0.0
 09/05  00:15:00,118.83688556580496,0.0
 09/05  00:30:00,143.3540945697976,0.0
 09/05  00:45:00,81.78,0.0
 09/05  01:00:00,97.36326384755692,0.0
 09/05  01:15:00,44.97999999999999,0.0
 09/05  01:30:00,140.30607433760235,0.0
 09/05  01:45:00,143.35695556405966,0.0
 09/05  02:00:00,60.313333333333325,0.0
 09/05  02:15:00,97.3671110007718,0.0
 09/05  02:30:00,63.38,0.0
 09/05  02:45:00,143.37774105169984,0.0
 09/05  03:00:00,137.22932686948408,0.0
 09/05  03:15:00,44.97999999999999,0.0
 09/05  03:30:00,97.37421341800965,0.0
 09/05  03:45:00,137.22610404708675,0.0
 09/05  04:00:00,90.98,0.0
 09/05  04:15:00,115.7715019738426,0.0
 09/05  04:30:00,44.97999999999999,0.0
 09/05  04:45:00,112.71688954282628,0.0
 09/05  05:00:00,143.36916932121173,0.0
 09/05  05:15:00,106.58,0.0
 09/05  05:30:00,377.3824788501991,0.0
 09/05  05:45:00,143.36866723154213,0.0
 09/05  06:00:00,90.98,0.0
 09/05  06:15:00,143.38206839334043,6.862101653534658
 09/05  06:30:00,143.36779242466852,8.835759057690225
 09/05  06:45:00,44.97999999999999,18.59528264235494
 09/05  07:00:00,97.38087984975364,28.5179582728999
 09/05  07:15:00,131.09899884799512,38.690021585783164
 09/05  07:30:00,90.98,48.98836018679324
 09/05  07:45:00,1210.9518684170876,70.13851952811106
 09/05  08:00:00,2053.2045126716007,97.37168135805489
 09/05  08:15:00,904.6878488356664,125.07077766720836
 09/05  08:30:00,880.7081499939031,155.30231267774275
 09/05  08:45:00,869.7515591263206,197.23119782311298
 09/05  09:00:00,1897.9496343431365,236.2412327879276
 09/05  09:15:00,1396.286417895603,277.99029068262683
 09/05  09:30:00,1134.032633265032,322.1664760188852
 09/05  09:45:00,1123.2638459431469,350.1841721722062
 09/05  10:00:00,1045.9166890814363,378.656016362117
 09/05  10:15:00,7922.677738251639,407.70920222424
 09/05  10:30:00,3792.133226220373,450.99912095489856
 09/05  10:45:00,1825.4947309099523,501.9491568371598
 09/05  11:00:00,1295.1676309594154,554.8918077293091
 09/05  11:15:00,51.11333333333332,625.2512108996749
 09/05  11:30:00,97.36369494189844,681.0670999771427
 09/05  11:45:00,72.57999999999998,697.7405963524188
 09/05  12:00:00,143.35560144194773,713.0761372936014
 09/05  12:15:00,75.64666666666666,732.78631508333
 09/05  12:30:00,97.35986333063744,745.0424178020382
 09/05  12:45:00,100.40790890800804,744.9751398076895
 09/05  13:00:00,90.98,742.5986920671647
 09/05  13:15:00,143.3454284802771,736.6918256393519
 09/05  13:30:00,54.17999999999999,728.3568522877896
 09/05  13:45:00,97.3497679025218,710.9998883856782
 09/05  14:00:00,69.51333333333332,691.597299538178
 09/05  14:15:00,143.35483299807655,670.9564537860383
 09/05  14:30:00,131.07060593712183,648.3667679155815
 09/05  14:45:00,44.97999999999999,607.3614902761921
 09/05  15:00:00,97.3437075040392,572.882447774275
 09/05  15:15:00,1145.392520143475,538.2594542796279
 09/05  15:30:00,854.7199033180354,503.25869212635945
 09/05  15:45:00,518.3841963140933,463.1740605193052
 09/05  16:00:00,318.34839313327257,423.37448492271324
 09/05  16:15:00,7925.628794886161,383.7329805817346
 09/05  16:30:00,1622.244337546832,335.6143856108613
 09/05  16:45:00,1193.7013375290792,283.83089605581677
 09/05  17:00:00,1176.9884082246724,235.96863895144497
 09/05  17:15:00,898.8466673836342,192.67056036431902
 09/05  17:30:00,1812.947434538719,154.12366950683545
 09/05  17:45:00,2232.2260694298184,111.35632510807719
 09/05  18:00:00,2346.3984429258558,79.11242241713212
 09/05  18:15:00,1256.017878294194,50.98127416782637
 09/05  18:30:00,1016.6197795370427,30.891340261274166
 09/05  18:45:00,617.2614077934165,23.165137215897715
 09/05  19:00:00,511.2475681168428,15.810562797875392
 09/05  19:15:00,515.2669971820246,9.116750751667839
 09/05  19:30:00,525.680609003711,0.0
 09/05  19:45:00,578.0644081621826,0.0
 09/05  20:00:00,609.5794656110933,0.0
 09/05  20:15:00,607.0760050276734,0.0
 09/05  20:30:00,575.1766443330516,0.0
 09/05  20:45:00,590.5476538064966,0.0
 09/05  21:00:00,644.4077663865742,0.0
 09/05  21:15:00,664.1289554034659,0.0
 09/05  21:30:00,644.7484570473722,0.0
 09/05  21:45:00,642.7211761612707,0.0
 09/05  22:00:00,677.4867467988046,0.0
 09/05  22:15:00,292.31333333333333,0.0
 09/05  22:30:00,140.3390260328802,0.0
 09/05  22:45:00,97.3940236839766,0.0
 09/05  23:00:00,44.97999999999999,0.0
 09/05  23:15:00,2014.9119173640604,0.0
 09/05  23:30:00,1305.9278647578326,0.0
 09/05  23:45:00,1555.7857630683802,0.0
 09/05  24:00:00,65.64239999999998,0.0
 09/06  00:15:00,118.8811219807776,0.0
 09/06  00:30:00,143.3946220881029,0.0
 09/06  00:45:00,81.78,0.0
 09/06  01:00:00,97.41087798487466,0.0
 09/06  01:15:00,97.39805503750692,0.0
 09/06  01:30:00,140.31826871345675,0.0
 09/06  01:45:00,90.98,0.0
 09/06  02:00:00,112.73344881036726,0.0
 09/06  02:15:00,97.38789967657758,0.0
 09/06  02:30:00,63.38,0.0
 09/06  02:45:00,143.40503702958569,0.0
 09/06  03:00:00,137.25961699431105,0.0
 09/06  03:15:00,75.01205769795446,0.0
 09/06  03:30:00,67.35169802608227,0.0
 09/06  03:45:00,137.26651919362584,0.0
 09/06  04:00:00,143.38841340495344,0.0
 09/06  04:15:00,63.38,0.0
 09/06  04:30:00,97.40742965065968,0.0
 09/06  04:45:00,112.72964469810344,0.0
 09/06  05:00:00,90.98,0.0
 09/06  05:15:00,159.0149806918343,0.0
 09/06  05:30:00,377.40343487590405,0.0
 09/06  05:45:00,143.3917283026348,0.0
 09/06  06:00:00,90.98,0.0
 09/06  06:15:00,143.40975861512717,6.380497517682685
 09/06  06:30:00,143.39795052796816,8.21419536238402
 09/06  06:45:00,97.38595236647924,20.08458241065503
 09/06  07:00:00,44.97999999999999,32.55025080256011
 09/06  07:15:00,131.13561827302163,45.78387727257362
 09/06  07:30:00,143.38862354671505,59.622992064130045
 09/06  07:45:00,1169.7215123479486,85.58411167541912
 09/06  08:00:00,1851.6894196976011,114.12228462053795
 09/06  08:15:00,848.7022849661319,151.73305085370265
 09/06  08:30:00,682.5173619284664,188.5606634654661
 09/06  08:45:00,674.1142187621003,219.25572910120388
 09/06  09:00:00,1566.884704032317,250.92648290871503
 09/06  09:15:00,858.00299267488,283.8281036629192
 09/06  09:30:00,822.6955123036264,317.6712135944622
 09/06  09:45:00,784.2735967630987,314.1443514873763
 09/06  10:00:00,741.0232928431715,295.1080796384493
 09/06  10:15:00,7913.936183133091,283.2173976702259
 09/06  10:30:00,3187.138269211805,251.12503070585578
 09/06  10:45:00,1693.6945323374218,302.09187401051116
 09/06  11:00:00,1221.132083661154,336.46803666227436
 09/06  11:15:00,51.11333333333332,388.6237397632653
 09/06  11:30:00,97.36685811160258,425.82592445697094
 09/06  11:45:00,72.57999999999998,433.50652891877945
 09/06  12:00:00,143.35923384371034,441.1420252909802
 09/06  12:15:00,75.64666666666666,449.05916838406824
 09/06  12:30:00,97.36802842123878,456.33655008960045
 09/06  12:45:00,100.41871733810272,430.9775617560182
 09/06  13:00:00,90.98,405.0921252716722
 09/06  13:15:00,143.3608774726025,359.98087725963234
 09/06  13:30:00,54.17999999999999,333.14543307737176
 09/06  13:45:00,97.36908372582084,324.11580017331846
 09/06  14:00:00,121.88598882156673,314.6935666101847
 09/06  14:15:00,90.98,305.03115770815464
 09/06  14:30:00,131.09514191157035,295.1739338869948
 09/06  14:45:00,44.97999999999999,297.92726674669086
 09/06  15:00:00,97.37108563733644,299.54139472359174
 09/06  15:15:00,1846.8823362075652,313.34132092557275
 09/06  15:30:00,993.65238176487,311.2565459682017
 09/06  15:45:00,682.7807251912427,295.56831583673807
 09/06  16:00:00,499.639965340796,279.0252234192724
 09/06  16:15:00,7927.641693379103,261.54065157704554
 09/06  16:30:00,2295.461347439996,242.98981319202773
 09/06  16:45:00,1494.2256789508697,213.63646665079983
 09/06  17:00:00,1327.2053182123286,184.62710950397042
 09/06  17:15:00,953.6773336343202,156.12163597949592
 09/06  17:30:00,1487.133039363677,128.0181735209811
 09/06  17:45:00,2323.2288720295905,96.48347510883876
 09/06  18:00:00,2442.240874886234,69.40349772342951
 09/06  18:15:00,1339.9355538535226,45.28447900837842
 09/06  18:30:00,1070.1162250961463,27.877862549487247
 09/06  18:45:00,689.4014826872274,20.98730071200185
 09/06  19:00:00,603.4098834364693,14.186793962508004
 09/06  19:15:00,611.6843609698708,0.0
 09/06  19:30:00,648.5598860231121,0.0
 09/06  19:45:00,677.6455019781203,0.0
 09/06  20:00:00,709.6497333208778,0.0
 09/06  20:15:00,705.2004761097116,0.0
 09/06  20:30:00,673.2625466251708,0.0
 09/06  20:45:00,685.5616035998601,0.0
 09/06  21:00:00,738.5068418508603,0.0
 09/06  21:15:00,747.5354034253104,0.0
 09/06  21:30:00,716.787938233683,0.0
 09/06  21:45:00,702.389469920418,0.0
 09/06  22:00:00,723.4742040296923,0.0
 09/06  22:15:00,292.31333333333333,0.0
 09/06  22:30:00,140.32855847293803,0.0
 09/06  22:45:00,97.38499538023444,0.0
 09/06  23:00:00,44.97999999999999,0.0
 09/06  23:15:00,1918.7848041410969,0.0
 09/06  23:30:00,1017.1072072917912,0.0
 09/06  23:45:00,141.98302666666663,0.0
 09/06  24:00:00,182.14577383892876,0.0
 09/07  00:15:00,152.75697881966107,0.0
 09/07  00:30:00,143.3963604078238,0.0
 09/07  00:45:00,81.78,0.0
 09/07  01:00:00,97.39486860463926,0.0
 09/07  01:15:00,97.38485867451134,0.0
 09/07  01:30:00,87.91333333333333,0.0
 09/07  01:45:00,143.4074374015404,0.0
 09/07  02:00:00,112.73183009924222,0.0
 09/07  02:15:00,97.38921443568908,0.0
 09/07  02:30:00,63.38,0.0
 09/07  02:45:00,143.41343441357824,0.0
 09/07  03:00:00,137.27176188390672,0.0
 09/07  03:15:00,44.97999999999999,0.0
 09/07  03:30:00,97.42573130710204,0.0
 09/07  03:45:00,137.28209406702695,0.0
 09/07  04:00:00,143.4049959385931,0.0
 09/07  04:15:00,63.38,0.0
 09/07  04:30:00,97.426707029613,0.0
 09/07  04:45:00,112.7503592509332,0.0
 09/07  05:00:00,143.40728004983717,0.0
 09/07  05:15:00,158.99747074009412,0.0
 09/07  05:30:00,324.97999999999985,0.0
 09/07  05:45:00,143.42003386377817,0.0
 09/07  06:00:00,143.4105364586431,0.0
 09/07  06:15:00,143.40030706574737,8.179559294558883
 09/07  06:30:00,90.98,10.906717354484899
 09/07  06:45:00,97.42171916789836,22.6768627393362
 09/07  07:00:00,97.41156593502936,37.75009123841098
 09/07  07:15:00,131.1315698971595,55.43711046466501
 09/07  07:30:00,1264.3950161965097,75.83360902325188
 09/07  07:45:00,1059.0605635775717,105.56601690590101
 09/07  08:00:00,1856.9772182075196,137.39061667513835
 09/07  08:15:00,964.1415514593832,173.4735588916554
 09/07  08:30:00,783.6146298990136,213.36611264841383
 09/07  08:45:00,1773.5435200042564,262.6580544392398
 09/07  09:00:00,1003.6771326339606,309.6324029199067
 09/07  09:15:00,929.8719036119916,360.868638355144
 09/07  09:30:00,954.6281547829713,426.04517500745953
 09/07  09:45:00,920.0193090019864,454.5570264840253
 09/07  10:00:00,860.2823289718199,469.6890914975327
 09/07  10:15:00,810.0053520444797,493.7697657572216
 09/07  10:30:00,790.7447269539763,515.8803350876718
 09/07  10:45:00,790.8260747939388,555.202225841302
 09/07  11:00:00,747.3469688396538,580.0446208966785
 09/07  11:15:00,786.4238790900524,604.6325981112433
 09/07  11:30:00,577.9250230841267,628.0039834655455
 09/07  11:45:00,635.1110375494447,640.8980640604021
 09/07  12:00:00,578.6965713124588,652.2043594952193
 09/07  12:15:00,711.0129934061665,661.4038612669497
 09/07  12:30:00,303.84408780273304,668.6735455249432
 09/07  12:45:00,456.05217220387686,682.0680064081173
 09/07  13:00:00,327.5574621516739,693.1159494275569
 09/07  13:15:00,316.68726798697367,702.9430540883625
 09/07  13:30:00,250.1771274943549,710.3618995636745
 09/07  13:45:00,218.6695370317085,686.597815245549
 09/07  14:00:00,142.9502913878215,661.8150188881168
 09/07  14:15:00,164.0168644054649,635.6832635301978
 09/07  14:30:00,151.3203987859937,608.2541058381449
 09/07  14:45:00,117.36224294700978,569.8477623048674
 09/07  15:00:00,64.98,531.3350073483208
 09/07  15:15:00,577.3729621895533,492.7978033844345
 09/07  15:30:00,577.3705215232062,442.19978856514365
 09/07  15:45:00,187.64666666666668,410.53610532534685
 09/07  16:00:00,117.38125865739116,378.2000917978474
 09/07  16:15:00,138.94621669128946,346.0123336942548
 09/07  16:30:00,7910.3232033239965,313.52789789953556
 09/07  16:45:00,850.4456040531259,260.24096540098043
 09/07  17:00:00,908.9552012297012,211.50932860014507
 09/07  17:15:00,776.5644659092704,161.73647855277892
 09/07  17:30:00,887.9423945278315,124.70991487568682
 09/07  17:45:00,2815.3909232420347,94.1518234641663
 09/07  18:00:00,2725.870981943247,64.4997149205855
 09/07  18:15:00,1697.9951732602956,42.414283039057864
 09/07  18:30:00,1443.4044141019358,23.690355853028652
 09/07  18:45:00,696.742086656082,17.966638541412326
 09/07  19:00:00,563.1690553163718,12.208717618134722
 09/07  19:15:00,7922.017202048797,0.0
 09/07  19:30:00,1905.2611376131413,0.0
 09/07  19:45:00,1354.8099124748535,0.0
 09/07  20:00:00,1197.250955568342,0.0
 09/07  20:15:00,1071.948091736595,0.0
 09/07  20:30:00,952.7459994710164,0.0
 09/07  20:45:00,907.45100179024,0.0
 09/07  21:00:00,908.5349524381274,0.0
 09/07  21:15:00,878.0783229217446,0.0
 09/07  21:30:00,817.0199928548551,0.0
 09/07  21:45:00,782.1765522584241,0.0
 09/07  22:00:00,792.629521739425,0.0
 09/07  22:15:00,1488.4811762683032,0.0
 09/07  22:30:00,87.91333333333333,0.0
 09/07  22:45:00,97.42738137303608,0.0
 09/07  23:00:00,97.40649694072908,0.0
 09/07  23:15:00,2003.599296694724,0.0
 09/07  23:30:00,1833.6552420000005,0.0
 09/07  23:45:00,207.38469393059395,0.0
 09/07  24:00:00,195.11705476071188,0.0
 09/08  00:15:00,216.5572873362584,0.0
 09/08  00:30:00,188.67263000000003,0.0
 09/08  00:45:00,231.91076667831865,0.0
 09/08  01:00:00,195.0999149525004,0.0
 09/08  01:15:00,123.44778314913356,0.0
 09/08  01:30:00,87.91333333333333,0.0
 09/08  01:45:00,143.41647877329694,0.0
 09/08  02:00:00,112.73895029694634,0.0
 09/08  02:15:00,97.3955960745378,0.0
 09/08  02:30:00,63.38,0.0
 09/08  02:45:00,143.41773841848678,0.0
 09/08  03:00:00,137.27474828894057,0.0
 09/08  03:15:00,97.3978720870305,0.0
 09/08  03:30:00,44.97999999999999,0.0
 09/08  03:45:00,137.28611760657452,0.0
 09/08  04:00:00,143.40943182669648,0.0
 09/08  04:15:00,115.7989728535358,0.0
 09/08  04:30:00,44.97999999999999,0.0
 09/08  04:45:00,112.7532282814923,0.0
 09/08  05:00:00,143.4095081814013,0.0
 09/08  05:15:00,158.9998224475904,0.0
 09/08  05:30:00,324.97999999999985,0.0
 09/08  05:45:00,143.4225480467853,0.0
 09/08  06:00:00,143.41323139455525,0.0
 09/08  06:15:00,143.40286416790167,8.17494962479221
 09/08  06:30:00,90.98,10.898585799707973
 09/08  06:45:00,97.42380527710436,22.246900443963302
 09/08  07:00:00,97.41345461701734,37.05809171058467
 09/08  07:15:00,131.13340888832818,54.274255256431935
 09/08  07:30:00,1219.3587427739478,74.00420531424577
 09/08  07:45:00,1046.8079132086132,101.09426116430113
 09/08  08:00:00,1833.8710506831085,127.86507408392306
 09/08  08:15:00,958.6199192167214,156.6429627960572
 09/08  08:30:00,774.8677649149198,187.1615292961672
 09/08  08:45:00,1850.315059837989,218.42384386215727
 09/08  09:00:00,907.7069795706558,250.98971443288428
 09/08  09:15:00,813.1698409438333,284.59918250334806
 09/08  09:30:00,860.9461025048042,319.15051225121607
 09/08  09:45:00,840.6109850800605,331.956507966853
 09/08  10:00:00,789.483425402578,342.95370284172856
 09/08  10:15:00,744.3715202543533,352.2770612913491
 09/08  10:30:00,739.9189739048225,346.16994078636776
 09/08  10:45:00,770.760517135775,318.4535105893742
 09/08  11:00:00,759.525636578466,289.3223550020084
 09/08  11:15:00,785.2152687661174,258.6003153875475
 09/08  11:30:00,583.86007545707,211.00936793519224
 09/08  11:45:00,648.8899230501925,214.27153016679654
 09/08  12:00:00,593.5823623414427,217.25676904653642
 09/08  12:15:00,797.1010583560402,220.541749546233
 09/08  12:30:00,491.0000635489957,223.79526073890497
 09/08  12:45:00,604.6063826657967,222.26695899781276
 09/08  13:00:00,543.7854194377794,220.71817941155106
 09/08  13:15:00,546.5990564513738,218.85255089406616
 09/08  13:30:00,503.2110558968893,216.94679560963905
 09/08  13:45:00,490.25123511944383,210.54214962158323
 09/08  14:00:00,510.4146544448489,204.1675817153909
 09/08  14:15:00,528.6243293152693,198.20850129478373
 09/08  14:30:00,509.6628619454874,192.23286865862593
 09/08  14:45:00,474.80883449445327,181.3528543624185
 09/08  15:00:00,479.4459439845748,170.6202395577449
 09/08  15:15:00,923.750302132174,159.90824056382277
 09/08  15:30:00,861.5079880020784,149.39181305925743
 09/08  15:45:00,529.6923482547706,136.15126446537738
 09/08  16:00:00,454.97407523416496,123.17780888739031
 09/08  16:15:00,638.9810077697907,110.5153059602367
 09/08  16:30:00,7953.754960382594,98.14488906958901
 09/08  16:45:00,2812.754573651215,85.28479293782016
 09/08  17:00:00,1820.5164553449024,72.55620151687029
 09/08  17:15:00,1232.3451443585795,59.963349492971616
 09/08  17:30:00,1050.7907612995225,47.504293937890424
 09/08  17:45:00,2907.564854248582,38.04336891710499
 09/08  18:00:00,2499.740519476878,28.736256146075416
 09/08  18:15:00,1380.904035296502,19.438091143467208
 09/08  18:30:00,1007.4246337428212,10.153331707114527
 09/08  18:45:00,807.1596751133399,7.61628606222923
 09/08  19:00:00,693.3981614666752,5.077732660346687
 09/08  19:15:00,7923.637702610829,0.0
 09/08  19:30:00,2579.7542569691245,0.0
 09/08  19:45:00,1694.6327556548158,0.0
 09/08  20:00:00,1392.751975749581,0.0
 09/08  20:15:00,1172.3525650101583,0.0
 09/08  20:30:00,1001.0957337473616,0.0
 09/08  20:45:00,925.3577831521404,0.0
 09/08  21:00:00,912.949671284558,0.0
 09/08  21:15:00,884.9626801903903,0.0
 09/08  21:30:00,830.630145617478,0.0
 09/08  21:45:00,800.3171698865771,0.0
 09/08  22:00:00,814.4399184884032,0.0
 09/08  22:15:00,1349.902148029327,0.0
 09/08  22:30:00,87.91333333333333,0.0
 09/08  22:45:00,97.38058492906713,0.0
 09/08  23:00:00,44.97999999999999,0.0
 09/08  23:15:00,188.72605174940315,0.0
 09/08  23:30:00,982.5889918414553,0.0
 09/08  23:45:00,102.59264666666668,0.0
 09/08  24:00:00,142.72361450454366,0.0
 09/09  00:15:00,164.17842912413136,0.0
 09/09  00:30:00,136.32598000000002,0.0
 09/09  00:45:00,179.53074340986709,0.0
 09/09  01:00:00,142.7199642825688,0.0
 09/09  01:15:00,1016.493656,0.0
 09/09  01:30:00,1376.4624898454408,0.0
 09/09  01:45:00,188.73704293777723,0.0
 09/09  02:00:00,105.65931333333332,0.0
 09/09  02:15:00,130.63885111634792,0.0
 09/09  02:30:00,115.77046415364856,0.0
 09/09  02:45:00,90.98,0.0
 09/09  03:00:00,137.24921588513917,0.0
 09/09  03:15:00,97.36796922065668,0.0
 09/09  03:30:00,44.97999999999999,0.0
 09/09  03:45:00,137.24705730914883,0.0
 09/09  04:00:00,143.36566862961928,0.0
 09/09  04:15:00,63.38,0.0
 09/09  04:30:00,97.37716446140276,0.0
 09/09  04:45:00,60.313333333333325,0.0
 09/09  05:00:00,143.38810438572904,0.0
 09/09  05:15:00,158.9734150550542,0.0
 09/09  05:30:00,324.97999999999985,0.0
 09/09  05:45:00,143.3851133186541,0.0
 09/09  06:00:00,143.3703138122176,0.0
 09/09  06:15:00,90.98,3.4324941026396503
 09/09  06:30:00,143.38087487950077,4.576291160215982
 09/09  06:45:00,97.365335485943,11.408537771000873
 09/09  07:00:00,44.97999999999999,18.41340516531204
 09/09  07:15:00,131.10915022614148,25.418135574417107
 09/09  07:30:00,143.36034476835513,32.43464254964214
 09/09  07:45:00,1094.1463380842963,44.11158538143576
 09/09  08:00:00,1842.8366198321212,55.948068041814885
 09/09  08:15:00,903.9609454884868,67.88997216363317
 09/09  08:30:00,751.1346673618154,79.93916529184587
 09/09  08:45:00,747.5909439932152,104.74940688101124
 09/09  09:00:00,1764.9278421873837,130.75538015293532
 09/09  09:15:00,1073.5909450897243,157.7863191169233
 09/09  09:30:00,1001.6563276547312,196.49685907979688
 09/09  09:45:00,976.8925644154048,183.34192350937334
 09/09  10:00:00,935.4906086857944,180.8125437158082
 09/09  10:15:00,7919.832366109317,178.0016500689637
 09/09  10:30:00,3710.545328506893,174.732267234598
 09/09  10:45:00,1866.5041109096671,160.79874915087134
 09/09  11:00:00,1375.072332115387,147.0020728716518
 09/09  11:15:00,51.11333333333332,133.61874889395241
 09/09  11:30:00,97.37486392410057,120.26190001571418
 09/09  11:45:00,72.57999999999998,122.3859497140739
 09/09  12:00:00,143.38136951764673,124.48177169833794
 09/09  12:15:00,128.0338564408502,126.32204532174178
 09/09  12:30:00,44.97999999999999,128.16427381429492
 09/09  12:45:00,100.44716070606722,127.11317426501681
 09/09  13:00:00,143.3664902236712,126.07310125768616
 09/09  13:15:00,90.98,125.06601069099531
 09/09  13:30:00,106.57888783480706,124.06668738877215
 09/09  13:45:00,97.36424171020217,139.79329530391655
 09/09  14:00:00,69.51333333333332,155.5601738690633
 09/09  14:15:00,143.37516302979265,171.35241748562072
 09/09  14:30:00,78.71333333333334,187.26681223748346
 09/09  14:45:00,97.38380915065991,176.7258946053415
 09/09  15:00:00,97.3673145203834,166.47517425045058
 09/09  15:15:00,2090.8104722205658,156.28416454766304
 09/09  15:30:00,1518.6851873128269,146.28055455565286
 09/09  15:45:00,1080.046934440447,133.34528220684683
 09/09  16:00:00,969.7267287200808,120.60571968253562
 09/09  16:15:00,7943.413900568797,108.27278569686194
 09/09  16:30:00,3903.590335888709,96.07505287182585
 09/09  16:45:00,1971.2998961752487,83.55017423631821
 09/09  17:00:00,1618.148504088961,71.1214449997518
 09/09  17:15:00,1199.4475103618202,58.7363724807703
 09/09  17:30:00,1719.7695471329992,46.509632348586344
 09/09  17:45:00,2646.90970354038,37.89394949279306
 09/09  18:00:00,2793.851659751992,29.415108332249492
 09/09  18:15:00,1686.7361731652113,20.95886892999911
 09/09  18:30:00,1299.4504332523602,12.495368605358893
 09/09  18:45:00,1053.3284392033,9.384162991756977
 09/09  19:00:00,967.4699858279308,6.501289635246168
 09/09  19:15:00,979.8591573792072,0.0
 09/09  19:30:00,1002.6634527698676,0.0
 09/09  19:45:00,1035.7427758331246,0.0
 09/09  20:00:00,1067.2907569092838,0.0
 09/09  20:15:00,1056.6269453790717,0.0
 09/09  20:30:00,1014.7466580711604,0.0
 09/09  20:45:00,1020.1032791388468,0.0
 09/09  21:00:00,1063.1095597482283,0.0
 09/09  21:15:00,1069.018772246366,0.0
 09/09  21:30:00,1036.5608487031714,0.0
 09/09  21:45:00,1019.8343260920672,0.0
 09/09  22:00:00,1038.1838271137317,0.0
 09/09  22:15:00,292.3133333333333,0.0
 09/09  22:30:00,140.31548253539577,0.0
 09/09  22:45:00,44.97999999999999,0.0
 09/09  23:00:00,97.383950733016,0.0
 09/09  23:15:00,143.3689190245855,0.0
 09/09  23:30:00,90.98,0.0
 09/09  23:45:00,109.6466950203791,0.0
 09/09  24:00:00,97.36486431507169,0.0
 09/10  00:15:00,66.44666666666666,0.0
 09/10  00:30:00,143.3762753310764,0.0
 09/10  00:45:00,134.16118283669198,0.0
 09/10  01:00:00,44.97999999999999,0.0
 09/10  01:15:00,97.37215209533304,0.0
 09/10  01:30:00,87.91333333333333,0.0
 09/10  01:45:00,143.38223952992576,0.0
 09/10  02:00:00,112.69996085966169,0.0
 09/10  02:15:00,44.97999999999999,0.0
 09/10  02:30:00,115.7778600963407,0.0
 09/10  02:45:00,143.36281003018377,0.0
 09/10  03:00:00,84.84666666666666,0.0
 09/10  03:15:00,97.37372770834608,0.0
 09/10  03:30:00,85.09825119206945,0.0
 09/10  03:45:00,97.10503518429364,0.0
 09/10  04:00:00,143.36838262621438,0.0
 09/10  04:15:00,63.38,0.0
 09/10  04:30:00,97.37834767044949,0.0
 09/10  04:45:00,112.6959769644467,0.0
 09/10  05:00:00,90.98,0.0
 09/10  05:15:00,158.97211531342967,0.0
 09/10  05:30:00,377.368766439172,0.0
 09/10  05:45:00,90.98,0.0
 09/10  06:00:00,143.3645882349197,0.0
 09/10  06:15:00,90.98,0.0
 09/10  06:30:00,143.3757544888501,3.796583135117109
 09/10  06:45:00,97.36081382756488,7.499586791433207
 09/10  07:00:00,44.97999999999999,11.353015073186416
 09/10  07:15:00,131.10570659657046,15.209306169015093
 09/10  07:30:00,143.3573615476331,19.070580338750027
 09/10  07:45:00,1183.2472682354544,26.07334825484753
 09/10  08:00:00,2074.86478434266,33.08388453240284
 09/10  08:15:00,937.8328407270373,40.12558388020074
 09/10  08:30:00,917.8565291178428,47.181362771159264
 09/10  08:45:00,915.7755301325606,54.47819510778142
 09/10  09:00:00,2016.4390613299524,61.946722361115306
 09/10  09:15:00,1516.0182269210532,69.41861181847064
 09/10  09:30:00,1345.3748380263758,76.9406630212086
 09/10  09:45:00,1314.761687798405,100.60573109184779
 09/10  10:00:00,1255.521550190394,124.8396594610111
 09/10  10:15:00,7943.50090662756,149.71474819446195
 09/10  10:30:00,3992.274088244913,175.12146554438473
 09/10  10:45:00,1932.7964912060727,182.51782997005
 09/10  11:00:00,1471.1148440727954,190.07872218472713
 09/10  11:15:00,51.11333333333332,197.42258597121977
 09/10  11:30:00,97.38057021075876,204.77115079433048
 09/10  11:45:00,72.57999999999998,294.2177195485439
 09/10  12:00:00,143.37526728214084,386.1723879400514
 09/10  12:15:00,128.0252770896294,461.27208339220806
 09/10  12:30:00,44.97999999999999,536.2801617084118
 09/10  12:45:00,100.43294888439053,489.69169574250185
 09/10  13:00:00,90.98,442.9553856377853
 09/10  13:15:00,143.37342425619934,394.9192472419064
 09/10  13:30:00,106.5563381019504,328.47096691867955
 09/10  13:45:00,44.97999999999999,340.0499732106123
 09/10  14:00:00,121.89633545398762,367.7031183962269
 09/10  14:15:00,90.98,377.38215872629985
 09/10  14:30:00,131.1185537793204,385.9387389388985
 09/10  14:45:00,97.37700468588348,362.2902610663138
 09/10  15:00:00,44.97999999999999,324.82458510364967
 09/10  15:15:00,1936.9133941876275,302.64830789233076
 09/10  15:30:00,1420.934297432812,281.2644582329502
 09/10  15:45:00,1036.165512860886,301.79683076928745
 09/10  16:00:00,899.1265768974345,304.44665908246765
 09/10  16:15:00,7940.427630291355,312.33330679467053
 09/10  16:30:00,3665.4009634510544,302.95637416223906
 09/10  16:45:00,1902.7200871362816,252.9744260992185
 09/10  17:00:00,1567.058305560785,207.21414762705967
 09/10  17:15:00,1167.6775495136355,159.86015981571802
 09/10  17:30:00,1711.9943264117685,124.57193873031918
 09/10  17:45:00,2613.2627951435384,91.79828455163599
 09/10  18:00:00,2812.4987858810728,63.401710248387644
 09/10  18:15:00,1707.273103536117,37.93593312536667
 09/10  18:30:00,1307.9255093030567,19.23814394206941
 09/10  18:45:00,1021.7617770329414,14.448559560988066
 09/10  19:00:00,941.8946370149248,9.96681591635658
 09/10  19:15:00,958.8366249946932,0.0
 09/10  19:30:00,986.4329045303956,0.0
 09/10  19:45:00,1018.9241567145216,0.0
 09/10  20:00:00,1051.839360273083,0.0
 09/10  20:15:00,1037.5326657576857,0.0
 09/10  20:30:00,995.4248364033796,0.0
 09/10  20:45:00,997.4267616926572,0.0
 09/10  21:00:00,1037.2217937538646,0.0
 09/10  21:15:00,1045.1452976112969,0.0
 09/10  21:30:00,1016.0107046543508,0.0
 09/10  21:45:00,1000.8847151743304,0.0
 09/10  22:00:00,1025.5736765482116,0.0
 09/10  22:15:00,292.3133333333333,0.0
 09/10  22:30:00,140.32901166248053,0.0
 09/10  22:45:00,97.37319036680452,0.0
 09/10  23:00:00,44.97999999999999,0.0
 09/10  23:15:00,1105.1119635958405,0.0
 09/10  23:30:00,203.0855224845423,0.0
 09/10  23:45:00,116.93512666666666,0.0
 09/10  24:00:00,157.0852215814029,0.0
 09/11  00:15:00,122.83028512649616,0.0
 09/11  00:30:00,90.98,0.0
 09/11  00:45:00,134.20131758552276,0.0
 09/11  01:00:00,97.38912011042288,0.0
 09/11  01:15:00,44.97999999999999,0.0
 09/11  01:30:00,140.3423917351027,0.0
 09/11  01:45:00,143.39870582124797,0.0
 09/11  02:00:00,112.72169919588916,0.0
 09/11  02:15:00,44.97999999999999,0.0
 09/11  02:30:00,115.80575902093592,0.0
 09/11  02:45:00,143.39360305658803,0.0
 09/11  03:00:00,84.84666666666666,0.0
 09/11  03:15:00,97.41162374902513,0.0
 09/11  03:30:00,97.40056803066936,0.0
 09/11  03:45:00,137.25608382343825,0.0
 09/11  04:00:00,90.98,0.0
 09/11  04:15:00,115.81011521057376,0.0
 09/11  04:30:00,97.40042759859652,0.0
 09/11  04:45:00,112.72411362035832,0.0
 09/11  05:00:00,90.98,0.0
 09/11  05:15:00,159.0115214965247,0.0
 09/11  05:30:00,377.4150061887672,0.0
 09/11  05:45:00,90.98,0.0
 09/11  06:00:00,143.41743629111508,0.0
 09/11  06:15:00,143.4070099974911,0.0
 09/11  06:30:00,143.39651030768877,5.420294429056082
 09/11  06:45:00,44.97999999999999,14.323365783019085
 09/11  07:00:00,97.41740764736926,23.53853382047003
 09/11  07:15:00,131.13940803507546,32.94586294616489
 09/11  07:30:00,143.39453938487654,42.43304600721433
 09/11  07:45:00,1220.575664391222,51.772864786229654
 09/11  08:00:00,2229.0283231592766,61.15655051511043
 09/11  08:15:00,1232.8795291439758,70.60468803507484
 09/11  08:30:00,1025.9864545777789,80.10953907354173
 09/11  08:45:00,997.15061238072,105.31784947111949
 09/11  09:00:00,2177.3873956749635,131.87025803034254
 09/11  09:15:00,1585.323385309982,159.5433642576297
 09/11  09:30:00,1455.33329115588,199.29053494346616
 09/11  09:45:00,1374.4630735245162,216.2253081677117
 09/11  10:00:00,1328.5734136511105,218.54671008325337
 09/11  10:15:00,7943.500695506887,233.43760035471297
 09/11  10:30:00,4294.02560248888,248.00511670086166
 09/11  10:45:00,1871.391128739387,237.51300592131426
 09/11  11:00:00,1499.2899770100628,227.18812492527377
 09/11  11:15:00,51.11333333333332,216.90637182760344
 09/11  11:30:00,97.4002125639786,206.63473421896384
 09/11  11:45:00,124.97584441273509,210.3771800261092
 09/11  12:00:00,90.98,214.1767703226261
 09/11  12:15:00,128.0563544642775,218.2980465032758
 09/11  12:30:00,97.37710681556084,222.45225945072258
 09/11  12:45:00,48.04666666666666,197.2830848951007
 09/11  13:00:00,143.39389386100592,172.47821360353734
 09/11  13:15:00,143.38079571315302,147.8975782349256
 09/11  13:30:00,54.17999999999999,123.70530396349585
 09/11  13:45:00,97.39614667235702,120.06784736229424
 09/11  14:00:00,121.91642100055844,116.40956877818526
 09/11  14:15:00,90.98,112.79369560548237
 09/11  14:30:00,131.1324364704749,109.1965397372162
 09/11  14:45:00,97.38649932551826,118.2910666698915
 09/11  15:00:00,44.97999999999999,127.39432115592827
 09/11  15:15:00,2337.6246430451624,136.525818173582
 09/11  15:30:00,1934.449549604661,145.71032152593742
 09/11  15:45:00,1464.4353320663206,122.531623742183
 09/11  16:00:00,1358.7052773984726,99.95078398556107
 09/11  16:15:00,7964.967221552508,77.97410000522865
 09/11  16:30:00,4951.435371902742,56.624135799686314
 09/11  16:45:00,1877.1383542591595,49.1882701777495
 09/11  17:00:00,1808.7975865273147,41.73378244015501
 09/11  17:15:00,1463.7439859540011,34.26227686548791
 09/11  17:30:00,2105.1385010597564,26.795247532365664
 09/11  17:45:00,3059.138194625418,21.201678355227315
 09/11  18:00:00,3383.6047022758817,15.610772324145836
 09/11  18:15:00,2290.596978631153,10.019285619696543
 09/11  18:30:00,2316.5657937355736,4.4428515831343365
 09/11  18:45:00,1398.6880865644855,3.3298753161925987
 09/11  19:00:00,1321.2055560761785,2.311967899927896
 09/11  19:15:00,1348.4890896710613,0.0
 09/11  19:30:00,1351.1105691955245,0.0
 09/11  19:45:00,1405.642034399284,0.0
 09/11  20:00:00,1440.1805920126317,0.0
 09/11  20:15:00,1432.657285376656,0.0
 09/11  20:30:00,1391.0223740916076,0.0
 09/11  20:45:00,1401.564265506797,0.0
 09/11  21:00:00,1447.7377297558091,0.0
 09/11  21:15:00,1455.0215213596837,0.0
 09/11  21:30:00,1421.823206652075,0.0
 09/11  21:45:00,1408.8836647512642,0.0
 09/11  22:00:00,1431.0884898053987,0.0
 09/11  22:15:00,292.31333333333333,0.0
 09/11  22:30:00,140.3477077685248,0.0
 09/11  22:45:00,97.40821909714826,0.0
 09/11  23:00:00,44.97999999999999,0.0
 09/11  23:15:00,143.41183825322796,0.0
 09/11  23:30:00,143.40019733611658,0.0
 09/11  23:45:00,109.65503871110876,0.0
 09/11  24:00:00,44.97999999999999,0.0
 09/12  00:15:00,118.87351716690824,0.0
 09/12  00:30:00,143.39544116694827,0.0
 09/12  00:45:00,81.78,0.0
 09/12  01:00:00,97.41416643632422,0.0
 09/12  01:15:00,97.40308256723924,0.0
 09/12  01:30:00,140.32520835432717,0.0
 09/12  01:45:00,90.98,0.0
 09/12  02:00:00,112.74463872299783,0.0
 09/12  02:15:00,97.40082491718908,0.0
 09/12  02:30:00,115.7902858466465,0.0
 09/12  02:45:00,90.98,0.0
 09/12  03:00:00,137.27810359523068,0.0
 09/12  03:15:00,97.40046195856696,0.0
 09/12  03:30:00,44.97999999999999,0.0
 09/12  03:45:00,137.2866690841548,0.0
 09/12  04:00:00,143.4091415056622,0.0
 09/12  04:15:00,115.79813584434496,0.0
 09/12  04:30:00,44.97999999999999,0.0
 09/12  04:45:00,112.75106902255524,0.0
 09/12  05:00:00,143.40684459978385,0.0
 09/12  05:15:00,158.99597701580382,0.0
 09/12  05:30:00,324.97999999999985,0.0
 09/12  05:45:00,143.4160288311123,0.0
 09/12  06:00:00,143.40533581883176,0.0
 09/12  06:15:00,143.39451922630738,0.0
 09/12  06:30:00,90.98,2.3259376679721195
 09/12  06:45:00,97.4147870227269,6.3432398515702815
 09/12  07:00:00,97.40414746619066,10.457975147410131
 09/12  07:15:00,131.1265511308143,14.574302220733593
 09/12  07:30:00,90.98,18.69369598277031
 09/12  07:45:00,1434.0226318230991,25.825883472547357
 09/12  08:00:00,2768.8318034901604,32.96429023585311
 09/12  08:15:00,1558.8515082173649,40.11407005932027
 09/12  08:30:00,1314.5709313919313,47.27084988445234
 09/12  08:45:00,1259.9074199163122,54.67302932641748
 09/12  09:00:00,2690.242012314043,62.25011182647976
 09/12  09:15:00,2117.412282517091,69.89758265581136
 09/12  09:30:00,1914.4564255702037,77.60663506640985
 09/12  09:45:00,1923.30992546066,83.95106696583512
 09/12  10:00:00,1831.389138511429,90.34391410091052
 09/12  10:15:00,7939.135639567055,96.71396238158718
 09/12  10:30:00,5671.237036297252,103.11965864472539
 09/12  10:45:00,2555.033218689271,107.493050403464
 09/12  11:00:00,1722.9658251743306,111.89339120421026
 09/12  11:15:00,51.11333333333333,116.33991714004367
 09/12  11:30:00,97.41781187489954,120.80995240330938
 09/12  11:45:00,125.01395598370333,122.38629144848792
 09/12  12:00:00,90.98,123.98259039359499
 09/12  12:15:00,128.08300768784895,125.54108185286333
 09/12  12:30:00,97.40399053646128,127.10770666631919
 09/12  12:45:00,100.4580134899602,125.97700548873175
 09/12  13:00:00,90.98,124.86415652131582
 09/12  13:15:00,143.40786387247414,123.8201162011211
 09/12  13:30:00,106.59547012087192,122.78378324706526
 09/12  13:45:00,44.97999999999999,119.0658994848585
 09/12  14:00:00,121.94513780743642,115.37178083451522
 09/12  14:15:00,143.3999407892682,111.72258141475788
 09/12  14:30:00,131.12123037822897,108.09386457688257
 09/12  14:45:00,44.97999999999999,117.21500528580464
 09/12  15:00:00,97.40549647835908,126.34518659948787
 09/12  15:15:00,2562.1159670715056,135.4592046155198
 09/12  15:30:00,2542.5643135941805,144.6319454484013
 09/12  15:45:00,2136.95330999915,121.29669752710663
 09/12  16:00:00,1893.8607393394389,98.58000179998677
 09/12  16:15:00,7960.535613738933,76.50600638408763
 09/12  16:30:00,5703.661317919845,55.14833436101319
 09/12  16:45:00,2591.4375994014345,47.86852145171661
 09/12  17:00:00,2057.8996346652693,40.58066752837738
 09/12  17:15:00,1919.3036869212176,33.3015746133758
 09/12  17:30:00,2637.10182921268,26.027472897739468
 09/12  17:45:00,3553.792162763654,20.625475167550114
 09/12  18:00:00,3463.3166357847253,15.226156597453617
 09/12  18:15:00,2580.7076510642387,9.830256770217446
 09/12  18:30:00,2683.462041174689,4.443575495985666
 09/12  18:45:00,1887.2402796727288,3.332277291440662
 09/12  19:00:00,1765.6663076006091,2.3146273359500413
 09/12  19:15:00,1774.1256360688913,0.0
 09/12  19:30:00,1773.9096413616671,0.0
 09/12  19:45:00,1828.515804706578,0.0
 09/12  20:00:00,1850.7468696122955,0.0
 09/12  20:15:00,1840.7588263961568,0.0
 09/12  20:30:00,1792.6808313672982,0.0
 09/12  20:45:00,1795.171650584505,0.0
 09/12  21:00:00,1835.347433450274,0.0
 09/12  21:15:00,1834.7484599400111,0.0
 09/12  21:30:00,1801.866669364677,0.0
 09/12  21:45:00,1778.292347860031,0.0
 09/12  22:00:00,1798.767502570125,0.0
 09/12  22:15:00,292.31333333333333,0.0
 09/12  22:30:00,140.3455796668682,0.0
 09/12  22:45:00,97.40913552115995,0.0
 09/12  23:00:00,44.97999999999999,0.0
 09/12  23:15:00,2014.9126891681576,0.0
 09/12  23:30:00,1305.9282151284017,0.0
 09/12  23:45:00,1555.7705381064552,0.0
 09/12  24:00:00,65.64239999999998,0.0
 09/13  00:15:00,118.88194952190828,0.0
 09/13  00:30:00,143.39704157442554,0.0
 09/13  00:45:00,81.78,0.0
 09/13  01:00:00,97.41705878807124,0.0
 09/13  01:15:00,97.40655860172556,0.0
 09/13  01:30:00,140.32931606156475,0.0
 09/13  01:45:00,90.98,0.0
 09/13  02:00:00,112.750052882212,0.0
 09/13  02:15:00,97.40649027325468,0.0
 09/13  02:30:00,115.79619546141087,0.0
 09/13  02:45:00,90.98,0.0
 09/13  03:00:00,137.28428979584118,0.0
 09/13  03:15:00,97.407008480618,0.0
 09/13  03:30:00,97.39625818352808,0.0
 09/13  03:45:00,84.84666666666666,0.0
 09/13  04:00:00,143.41660378270467,0.0
 09/13  04:15:00,115.80665141957611,0.0
 09/13  04:30:00,97.39664367273022,0.0
 09/13  04:45:00,60.313333333333325,0.0
 09/13  05:00:00,143.41875839183044,0.0
 09/13  05:15:00,159.00877631274145,0.0
 09/13  05:30:00,377.3987080403474,0.0
 09/13  05:45:00,90.98,0.0
 09/13  06:00:00,143.4205782960248,0.0
 09/13  06:15:00,143.41059025204913,0.0
 09/13  06:30:00,143.40050079666997,3.113969217809087
 09/13  06:45:00,44.97999999999999,9.58483967415424
 09/13  07:00:00,97.42222808599308,16.179698284494815
 09/13  07:15:00,131.14448134387737,22.75969658838314
 09/13  07:30:00,143.39982937002742,29.332816119277535
 09/13  07:45:00,1522.8475460406123,41.269008391810225
 09/13  08:00:00,3118.155705213425,53.38660546691875
 09/13  08:15:00,1686.0929312479388,65.61942910007689
 09/13  08:30:00,1562.1921125610922,77.95474287511364
 09/13  08:45:00,1467.2173292710056,90.60029649347813
 09/13  09:00:00,2956.4127889458864,103.38294133350067
 09/13  09:15:00,2120.759893422504,116.26525015288256
 09/13  09:30:00,2051.7050806263087,129.26947129848338
 09/13  09:45:00,2050.324921751461,140.22203055430134
 09/13  10:00:00,2028.586783551192,151.48636002146318
 09/13  10:15:00,7939.032710191583,163.0860482086394
 09/13  10:30:00,5668.538826320458,174.92222521840293
 09/13  10:45:00,2711.741045025746,182.3789332818175
 09/13  11:00:00,2080.58582694202,189.90526659497675
 09/13  11:15:00,51.11333333333333,197.51178778754308
 09/13  11:30:00,97.40040385711164,205.1396056345843
 09/13  11:45:00,124.99452266398312,208.39379284296285
 09/13  12:00:00,90.98,211.66465910506508
 09/13  12:15:00,128.0606717015039,215.08453466200382
 09/13  12:30:00,97.37925523239866,218.45521995392656
 09/13  12:45:00,48.04666666666666,216.70432709722638
 09/13  13:00:00,143.39072581130162,214.92633809843397
 09/13  13:15:00,143.3781151932885,213.15483769682046
 09/13  13:30:00,54.17999999999999,211.34867144505142
 09/13  13:45:00,97.39472499205807,204.91614516803418
 09/13  14:00:00,121.91581964839789,198.51519665160617
 09/13  14:15:00,90.98,192.1175484719401
 09/13  14:30:00,131.12846304786592,185.71666213040456
 09/13  14:45:00,97.38057187494658,159.14504557072277
 09/13  15:00:00,44.97999999999999,133.2259480957949
 09/13  15:15:00,2575.2423353909667,108.0610927379521
 09/13  15:30:00,2500.8156790803023,83.56821600495708
 09/13  15:45:00,2132.3677618861466,76.20020695869056
 09/13  16:00:00,2006.1456718775112,68.83994580635077
 09/13  16:15:00,7960.502313780134,61.50086604093324
 09/13  16:30:00,5709.907700623864,54.310353891957384
 09/13  16:45:00,2761.4737316137134,46.864968578209805
 09/13  17:00:00,2275.392260456764,39.41959826198192
 09/13  17:15:00,2042.4050414389517,31.987944539964474
 09/13  17:30:00,3031.076367906573,24.552795540457875
 09/13  17:45:00,3949.369088838464,19.354579619702587
 09/13  18:00:00,3616.1355915893055,14.147908488414348
 09/13  18:15:00,3701.311975445604,8.923040749610552
 09/13  18:30:00,3052.8848789712947,3.7099993745278783
 09/13  18:45:00,1983.9978678686189,2.78110281952357
 09/13  19:00:00,1885.8276369927512,0.0
 09/13  19:15:00,1903.9452109697727,0.0
 09/13  19:30:00,1945.473013351972,0.0
 09/13  19:45:00,1968.7036086020728,0.0
 09/13  20:00:00,2002.9329633725963,0.0
 09/13  20:15:00,1986.3694802540508,0.0
 09/13  20:30:00,1940.248784320718,0.0
 09/13  20:45:00,1939.81701663807,0.0
 09/13  21:00:00,1980.64063956678,0.0
 09/13  21:15:00,1984.261338167848,0.0
 09/13  21:30:00,1949.1706645943425,0.0
 09/13  21:45:00,1933.174849297325,0.0
 09/13  22:00:00,1954.481870414555,0.0
 09/13  22:15:00,292.31333333333333,0.0
 09/13  22:30:00,140.3407300610898,0.0
 09/13  22:45:00,97.40204182774508,0.0
 09/13  23:00:00,44.97999999999999,0.0
 09/13  23:15:00,1918.7806937772823,0.0
 09/13  23:30:00,1017.1033423146514,0.0
 09/13  23:45:00,141.98302666666663,0.0
 09/13  24:00:00,182.1386490178402,0.0
 09/14  00:15:00,152.76389120942997,0.0
 09/14  00:30:00,90.98,0.0
 09/14  00:45:00,134.2018246920669,0.0
 09/14  01:00:00,97.38775264276192,0.0
 09/14  01:15:00,97.3733319110006,0.0
 09/14  01:30:00,87.91333333333333,0.0
 09/14  01:45:00,143.38592787880032,0.0
 09/14  02:00:00,112.7045039610798,0.0
 09/14  02:15:00,44.97999999999999,0.0
 09/14  02:30:00,115.78375412173828,0.0
 09/14  02:45:00,143.36905947161893,0.0
 09/14  03:00:00,84.84666666666666,0.0
 09/14  03:15:00,97.38218452842769,0.0
 09/14  03:30:00,97.36837168188455,0.0
 09/14  03:45:00,84.84666666666666,0.0
 09/14  04:00:00,143.3826400626149,0.0
 09/14  04:15:00,115.76843004944394,0.0
 09/14  04:30:00,44.97999999999999,0.0
 09/14  04:45:00,112.71508791855491,0.0
 09/14  05:00:00,103.35859761459352,0.0
 09/14  05:15:00,146.60227612175166,0.0
 09/14  05:30:00,377.3946134824576,0.0
 09/14  05:45:00,90.98,0.0
 09/14  06:00:00,143.39433399631602,0.0
 09/14  06:15:00,143.38078908898385,0.0
 09/14  06:30:00,90.98,2.2947400183233273
 09/14  06:45:00,97.39489713592582,8.674609437910965
 09/14  07:00:00,97.38146031458066,15.157130884591323
 09/14  07:15:00,78.71333333333334,21.638522157523138
 09/14  07:30:00,1678.726849117832,28.12217053947601
 09/14  07:45:00,1753.6686878238293,39.513226279941684
 09/14  08:00:00,2818.1621221472706,51.0978450277444
 09/14  08:15:00,1717.1279960331583,62.80277630830719
 09/14  08:30:00,1629.2979393652586,74.6193113964798
 09/14  08:45:00,3105.305554678962,74.35655116669192
 09/14  09:00:00,3164.84657716978,74.20038980468614
 09/14  09:15:00,2052.2442026777508,74.11519105976309
 09/14  09:30:00,2034.88931283082,74.08909265756708
 09/14  09:45:00,2044.8339887975785,80.29908347674255
 09/14  10:00:00,2026.0622499823128,86.53531026640682
 09/14  10:15:00,1996.1505613735303,92.77154325181148
 09/14  10:30:00,1999.7841284212727,99.04058209817303
 09/14  10:45:00,2038.197927537919,103.10507044205144
 09/14  11:00:00,2036.7920958029767,107.19607190491759
 09/14  11:15:00,1212.934616263895,111.37579584730334
 09/14  11:30:00,1536.0095347507663,115.58113963158593
 09/14  11:45:00,1599.6244519606537,117.14818476070235
 09/14  12:00:00,1274.07356245732,118.73648885809423
 09/14  12:15:00,1745.6937061964566,120.39191782217254
 09/14  12:30:00,2064.7567228682246,122.06007402157536
 09/14  12:45:00,2027.5762674331816,121.07121043100585
 09/14  13:00:00,1796.2536915478977,120.0991215163532
 09/14  13:15:00,1833.053563872697,119.12251729195042
 09/14  13:30:00,1804.213777102351,118.15586032510004
 09/14  13:45:00,1761.17575594168,133.19346855255375
 09/14  14:00:00,1766.9664109360162,148.35116259566726
 09/14  14:15:00,1755.6414783063628,163.65274342632293
 09/14  14:30:00,1718.1178845613597,179.14582483590888
 09/14  14:45:00,1675.7542318530293,153.61990091306703
 09/14  15:00:00,1681.3305953048718,128.77506732495823
 09/14  15:15:00,2121.6250666531114,104.43993717569411
 09/14  15:30:00,2063.8155502882764,80.76643029410074
 09/14  15:45:00,1735.500688919762,82.32939268310595
 09/14  16:00:00,1647.0713317371767,83.9092476504602
 09/14  16:15:00,1837.631116004303,85.59336354833381
 09/14  16:30:00,7985.161569328952,87.38248712324422
 09/14  16:45:00,5753.174083712091,78.53418432252712
 09/14  17:00:00,2612.4716583440163,69.7718051877615
 09/14  17:15:00,1719.7746035664893,61.09337092134749
 09/14  17:30:00,1844.8004993416823,52.46476697344599
 09/14  17:45:00,3606.92248405012,40.71490925062077
 09/14  18:00:00,3402.853078845214,29.12833407243103
 09/14  18:15:00,2723.4429263578,17.86143364708506
 09/14  18:30:00,2750.0906349504653,6.611224997124818
 09/14  18:45:00,1867.7479545969093,4.965060834663483
 09/14  19:00:00,1717.917924234148,0.0
 09/14  19:15:00,8126.83743437963,0.0
 09/14  19:30:00,5649.774262292861,0.0
 09/14  19:45:00,2161.506504866096,0.0
 09/14  20:00:00,1924.8550604951067,0.0
 09/14  20:15:00,1875.1927190063084,0.0
 09/14  20:30:00,1794.7513740723314,0.0
 09/14  20:45:00,1797.7606363137263,0.0
 09/14  21:00:00,1841.49918593165,0.0
 09/14  21:15:00,1840.1687375211693,0.0
 09/14  21:30:00,1807.2680088130544,0.0
 09/14  21:45:00,1783.7382181570808,0.0
 09/14  22:00:00,1804.1866129087607,0.0
 09/14  22:15:00,1633.341932161547,0.0
 09/14  22:30:00,87.91333333333334,0.0
 09/14  22:45:00,97.4019029799528,0.0
 09/14  23:00:00,97.37718344541511,0.0
 09/14  23:15:00,1951.154,0.0
 09/14  23:30:00,1886.0738730321295,0.0
 09/14  23:45:00,207.35456733135425,0.0
 09/14  24:00:00,142.67263,0.0
 09/15  00:15:00,216.54598125684143,0.0
 09/15  00:30:00,241.06511280701991,0.0
 09/15  00:45:00,179.47263000000004,0.0
 09/15  01:00:00,195.0782129429203,0.0
 09/15  01:15:00,123.4221226210722,0.0
 09/15  01:30:00,87.91333333333333,0.0
 09/15  01:45:00,143.38243430478877,0.0
 09/15  02:00:00,112.7006298347758,0.0
 09/15  02:15:00,44.97999999999999,0.0
 09/15  02:30:00,115.77840446401292,0.0
 09/15  02:45:00,120.12549885499789,0.0
 09/15  03:00:00,108.085295627903,0.0
 09/15  03:15:00,97.37449210193344,0.0
 09/15  03:30:00,44.97999999999999,0.0
 09/15  03:45:00,137.25347066159827,0.0
 09/15  04:00:00,143.37240895246703,0.0
 09/15  04:15:00,63.38,0.0
 09/15  04:30:00,97.38381429645897,0.0
 09/15  04:45:00,112.70213618021307,0.0
 09/15  05:00:00,90.98,0.0
 09/15  05:15:00,158.9801896073272,0.0
 09/15  05:30:00,377.3785233104636,0.0
 09/15  05:45:00,90.98,0.0
 09/15  06:00:00,143.3766576508654,0.0
 09/15  06:15:00,143.36204044818356,0.0
 09/15  06:30:00,90.98,1.5244335472265256
 09/15  06:45:00,97.374638596431,6.056765238975553
 09/15  07:00:00,44.97999999999999,10.659179088580807
 09/15  07:15:00,131.11882515075905,15.250144015971424
 09/15  07:30:00,1590.141591632279,19.83723940832739
 09/15  07:45:00,1713.827082238679,30.524508427820884
 09/15  08:00:00,2693.307981082092,41.344025727009225
 09/15  08:15:00,1742.480797965907,52.42932307310038
 09/15  08:30:00,1556.1652421110389,63.628436124888424
 09/15  08:45:00,2941.563861713778,78.21643723209922
 09/15  09:00:00,3121.319280006611,93.02625330472335
 09/15  09:15:00,2008.6654843109156,108.0442472600475
 09/15  09:30:00,1932.33387702308,123.2585318134353
 09/15  09:45:00,1952.0986515203524,133.7450951896107
 09/15  10:00:00,1851.8275246925807,144.40525500588956
 09/15  10:15:00,1831.574151796462,155.41701623842695
 09/15  10:30:00,1823.092041637973,166.60224870674205
 09/15  10:45:00,1842.97074259843,174.0894108297656
 09/15  11:00:00,1815.535632096615,181.66770893134336
 09/15  11:15:00,1194.3514609833762,189.1156521191641
 09/15  11:30:00,1418.4554377095626,196.60039436137464
 09/15  11:45:00,1443.3856261639887,285.01138249433717
 09/15  12:00:00,1193.3057558980934,376.1128292104185
 09/15  12:15:00,1462.4453510859353,449.090575637972
 09/15  12:30:00,1545.8570324876218,521.4221307397006
 09/15  12:45:00,1456.9615746406662,536.4391585106586
 09/15  13:00:00,1291.9631701935737,532.7513553110758
 09/15  13:15:00,1290.2353112560472,528.0106737914138
 09/15  13:30:00,1213.8520183795,522.0190084168448
 09/15  13:45:00,1171.412399404235,524.819145672577
 09/15  14:00:00,1161.2779784318238,525.4989518958706
 09/15  14:15:00,1143.257151847847,525.7921873590449
 09/15  14:30:00,1090.0107923459277,523.8254561065559
 09/15  14:45:00,1030.6372897955896,496.733218330035
 09/15  15:00:00,1011.2063494075652,468.9405808692445
 09/15  15:15:00,1431.1284471249087,440.25743276906064
 09/15  15:30:00,1348.1942745593465,410.61982527360664
 09/15  15:45:00,989.3677450103944,379.0999855358853
 09/15  16:00:00,892.7816798347445,347.00898303111535
 09/15  16:15:00,1090.6701308422344,314.6349287203652
 09/15  16:30:00,7977.58412735779,281.94621222449604
 09/15  16:45:00,3946.496836117536,233.3564847256926
 09/15  17:00:00,2137.35608874027,189.04831638000917
 09/15  17:15:00,1454.7107433756955,149.36315777939777
 09/15  17:30:00,1300.5467086648505,110.15178660533475
 09/15  17:45:00,3140.7450077086296,79.52648725330293
 09/15  18:00:00,2783.477676075552,53.10499069006357
 09/15  18:15:00,1877.4421581654956,29.516775655607944
 09/15  18:30:00,2038.5844193267596,12.43523654531179
 09/15  18:45:00,1267.3945845130602,9.364378088711133
 09/15  19:00:00,1222.1664679169298,0.0
 09/15  19:15:00,8115.455262114393,0.0
 09/15  19:30:00,4081.484428953818,0.0
 09/15  19:45:00,2118.3545595663154,0.0
 09/15  20:00:00,1664.7252702735236,0.0
 09/15  20:15:00,1460.051619213033,0.0
 09/15  20:30:00,1341.527144210669,0.0
 09/15  20:45:00,1319.303337866254,0.0
 09/15  21:00:00,1351.0986405885424,0.0
 09/15  21:15:00,1348.2299910242657,0.0
 09/15  21:30:00,1313.0638448696304,0.0
 09/15  21:45:00,1291.606087020985,0.0
 09/15  22:00:00,1309.6179360197052,0.0
 09/15  22:15:00,1604.791459276912,0.0
 09/15  22:30:00,87.91333333333334,0.0
 09/15  22:45:00,97.40596160170506,0.0
 09/15  23:00:00,97.38201007902948,0.0
 09/15  23:15:00,136.32598000000002,0.0
 09/15  23:30:00,982.6065493294324,0.0
 09/15  23:45:00,154.99387459772433,0.0
 09/15  24:00:00,90.32598,0.0
 09/16  00:15:00,164.2085492913028,0.0
 09/16  00:30:00,188.72961280460257,0.0
 09/16  00:45:00,127.12598,0.0
 09/16  01:00:00,142.74677350183433,0.0
 09/16  01:15:00,1068.915549271604,0.0
 09/16  01:30:00,1324.0463253333337,0.0
 09/16  01:45:00,188.7485656009978,0.0
 09/16  02:00:00,158.07815626993,0.0
 09/16  02:15:00,130.62934846860065,0.0
 09/16  02:30:00,63.38,0.0
 09/16  02:45:00,143.38966412708504,0.0
 09/16  03:00:00,137.24234885767697,0.0
 09/16  03:15:00,44.97999999999999,0.0
 09/16  03:30:00,97.39098545099736,0.0
 09/16  03:45:00,137.24450348077295,0.0
 09/16  04:00:00,90.98,0.0
 09/16  04:15:00,115.79305403685755,0.0
 09/16  04:30:00,97.37980674866174,0.0
 09/16  04:45:00,60.313333333333325,0.0
 09/16  05:00:00,143.39483645350148,0.0
 09/16  05:15:00,158.9816206842957,0.0
 09/16  05:30:00,324.97999999999985,0.0
 09/16  05:45:00,143.39661170906578,0.0
 09/16  06:00:00,143.38342721926497,0.0
 09/16  06:15:00,90.98,0.0
 09/16  06:30:00,143.39980823868353,3.069381179900516
 09/16  06:45:00,97.3874875024582,11.510002914174317
 09/16  07:00:00,44.97999999999999,19.337802621031884
 09/16  07:15:00,131.13678206666808,27.74434688537843
 09/16  07:30:00,143.39046293847804,36.161507531302
 09/16  07:45:00,1371.4334574023956,63.142552649155874
 09/16  08:00:00,2559.334341694962,93.5158557753337
 09/16  08:15:00,1526.0509658520816,133.99287808023362
 09/16  08:30:00,1273.9357213870717,173.91633079282886
 09/16  08:45:00,1212.8108368985197,205.48571940942622
 09/16  09:00:00,2410.081522709538,238.1421134509939
 09/16  09:15:00,1705.474169232869,271.71717051512474
 09/16  09:30:00,1522.1586910573396,306.0417733598436
 09/16  09:45:00,1480.1577436841242,302.17285847747627
 09/16  10:00:00,1437.643644322373,282.17226331573255
 09/16  10:15:00,7943.5008081573615,270.52987804007876
 09/16  10:30:00,4974.375619247275,238.24102655105804
 09/16  10:45:00,1763.8741671996356,268.76517426331236
 09/16  11:00:00,1565.3933233884345,281.99606909126726
 09/16  11:15:00,51.11333333333332,295.6414673543833
 09/16  11:30:00,97.38656551229636,309.610342963348
 09/16  11:45:00,72.57999999999998,396.48120867966895
 09/16  12:00:00,143.3865751369321,466.27745413350954
 09/16  12:15:00,128.03873037783796,554.7690650632704
 09/16  12:30:00,44.97999999999999,623.331233346556
 09/16  12:45:00,100.45091814472345,532.6546914612865
 09/16  13:00:00,143.36973911850058,423.06474660568085
 09/16  13:15:00,90.98,331.71111061221717
 09/16  13:30:00,106.58138148754873,205.7972946597477
 09/16  13:45:00,97.36645544879816,260.03142103107115
 09/16  14:00:00,69.51333333333332,295.94980911532133
 09/16  14:15:00,143.37819932818942,346.813673922665
 09/16  14:30:00,131.096676072954,378.08418750137747
 09/16  14:45:00,44.97999999999999,335.79402265441
 09/16  15:00:00,97.37528860196582,280.8119210129518
 09/16  15:15:00,1941.2886978168656,243.21616171723338
 09/16  15:30:00,1756.035820956227,207.56598026441236
 09/16  15:45:00,1315.4843839482485,176.3462963966571
 09/16  16:00:00,1279.0894158221756,137.4510252879279
 09/16  16:15:00,7964.9668770610815,110.27366370339817
 09/16  16:30:00,4545.613193928255,84.26523781532816
 09/16  16:45:00,1957.17316740494,75.50129018036556
 09/16  17:00:00,1768.9997443268403,66.74737651849493
 09/16  17:15:00,1420.0266513945278,57.95085219976835
 09/16  17:30:00,2187.465795592782,49.214538185776405
 09/16  17:45:00,2960.3733808750526,37.92254358560864
 09/16  18:00:00,2943.121324740556,26.819321225317005
 09/16  18:15:00,2001.3601840342135,15.981046429925811
 09/16  18:30:00,2153.913968843891,5.181292852125395
 09/16  18:45:00,1365.104324161735,4.043598293064378
 09/16  19:00:00,1295.5505036267955,0.0
 09/16  19:15:00,1303.635277164785,0.0
 09/16  19:30:00,1321.4188922575538,0.0
 09/16  19:45:00,1344.963540924426,0.0
 09/16  20:00:00,1370.3221001928273,0.0
 09/16  20:15:00,1361.300557084914,0.0
 09/16  20:30:00,1322.2387221069212,0.0
 09/16  20:45:00,1330.3379883847756,0.0
 09/16  21:00:00,1374.5416780288906,0.0
 09/16  21:15:00,1382.469375916324,0.0
 09/16  21:30:00,1356.9747267917123,0.0
 09/16  21:45:00,1340.7463798546737,0.0
 09/16  22:00:00,1368.584594159189,0.0
 09/16  22:15:00,292.31333333333333,0.0
 09/16  22:30:00,140.34184451688958,0.0
 09/16  22:45:00,97.4018471756063,0.0
 09/16  23:00:00,44.97999999999999,0.0
 09/16  23:15:00,143.40531909948197,0.0
 09/16  23:30:00,143.3936603339791,0.0
 09/16  23:45:00,57.246666666666655,0.0
 09/16  24:00:00,97.41183748750976,0.0
 09/17  00:15:00,118.86704609992744,0.0
 09/17  00:30:00,143.38878399765002,0.0
 09/17  00:45:00,81.78,0.0
 09/17  01:00:00,97.40742280967228,0.0
 09/17  01:15:00,97.39620426942052,0.0
 09/17  01:30:00,87.91333333333333,0.0
 09/17  01:45:00,143.41532355700434,0.0
 09/17  02:00:00,112.73770734693912,0.0
 09/17  02:15:00,97.3931502082113,0.0
 09/17  02:30:00,63.38,0.0
 09/17  02:45:00,143.41246214594244,0.0
 09/17  03:00:00,137.26812352189825,0.0
 09/17  03:15:00,97.391007116833,0.0
 09/17  03:30:00,44.97999999999999,0.0
 09/17  03:45:00,137.2789898492355,0.0
 09/17  04:00:00,143.40233795840544,0.0
 09/17  04:15:00,108.27959460175236,0.0
 09/17  04:30:00,52.4913696440269,0.0
 09/17  04:45:00,112.74572347754574,0.0
 09/17  05:00:00,143.4019405958199,0.0
 09/17  05:15:00,106.58,0.0
 09/17  05:30:00,377.4237511892539,0.0
 09/17  05:45:00,143.41417077284297,0.0
 09/17  06:00:00,143.4045504756324,0.0
 09/17  06:15:00,90.98,0.0
 09/17  06:30:00,143.42466014427387,5.43946355995689
 09/17  06:45:00,97.41400509094944,10.68197991646199
 09/17  07:00:00,97.4031830502062,15.40319331614312
 09/17  07:15:00,78.71333333333334,20.44303646613185
 09/17  07:30:00,143.41904881267106,25.47379995362856
 09/17  07:45:00,1583.3457051887983,36.937718603494964
 09/17  08:00:00,2809.050805935526,48.63613401817329
 09/17  08:15:00,1663.4879933077682,60.482228074687455
 09/17  08:30:00,1396.2559389264554,72.43267034396892
 09/17  08:45:00,1337.3133524186032,84.91133745068454
 09/17  09:00:00,2616.478987309378,97.53698548748756
 09/17  09:15:00,2020.489258989715,110.28153814126163
 09/17  09:30:00,1810.1966689830324,123.16569026185174
 09/17  09:45:00,1774.6149390144917,134.0652866933718
 09/17  10:00:00,1711.850313621449,145.19534537888651
 09/17  10:15:00,7939.195697047273,156.53130275588003
 09/17  10:30:00,5669.037643331613,168.03828432723662
 09/17  10:45:00,2199.82005861157,175.06184761159932
 09/17  11:00:00,1694.9144678782052,182.10070046234475
 09/17  11:15:00,51.11333333333333,189.090204304084
 09/17  11:30:00,97.39173322529896,196.09200199507427
 09/17  11:45:00,124.96887534846476,222.03049404547767
 09/17  12:00:00,90.98,267.12176254328955
 09/17  12:15:00,128.04955173963293,295.07837435406265
 09/17  12:30:00,97.37161419837142,323.06441417731764
 09/17  12:45:00,48.04666666666666,295.504229437313
 09/17  13:00:00,143.39184411836877,268.6945016431697
 09/17  13:15:00,143.37918369604216,224.41640249237176
 09/17  13:30:00,54.17999999999999,199.55549006290929
 09/17  13:45:00,97.39571342858602,212.80316870279273
 09/17  14:00:00,121.9165537392992,225.63609477932548
 09/17  14:15:00,90.98,237.8143416096656
 09/17  14:30:00,131.1275373872995,268.11967768517155
 09/17  14:45:00,97.37854837010416,269.23688321171926
 09/17  15:00:00,44.97999999999999,269.4842445956936
 09/17  15:15:00,2304.317485132679,268.5705407118294
 09/17  15:30:00,2081.2431951173903,266.2371478382313
 09/17  15:45:00,1747.1939804152807,238.69486093100159
 09/17  16:00:00,1455.659144569089,211.9781745513638
 09/17  16:15:00,7964.968271481222,186.02818254554384
 09/17  16:30:00,5538.4382909847445,160.96356348717424
 09/17  16:45:00,1808.7632196358704,132.95215190263409
 09/17  17:00:00,1882.0036723942255,106.83473436300181
 09/17  17:15:00,1563.8778687319402,82.8200922059802
 09/17  17:30:00,2363.6003564939497,58.086349511037476
 09/17  17:45:00,3203.285635984992,45.722824226148674
 09/17  18:00:00,3156.907382297734,33.57178466809604
 09/17  18:15:00,2274.691275392477,21.728418879962653
 09/17  18:30:00,2416.5027199126785,10.32218795101565
 09/17  18:45:00,1573.8226711454874,8.032660296902892
 09/17  19:00:00,1498.956154424171,0.0
 09/17  19:15:00,1511.2479785400155,0.0
 09/17  19:30:00,1545.3032295976698,0.0
 09/17  19:45:00,1577.7102244431535,0.0
 09/17  20:00:00,1608.9316131186276,0.0
 09/17  20:15:00,1599.7494447474628,0.0
 09/17  20:30:00,1560.1867826925316,0.0
 09/17  20:45:00,1566.8396297031873,0.0
 09/17  21:00:00,1614.315074137908,0.0
 09/17  21:15:00,1614.3612199124032,0.0
 09/17  21:30:00,1578.5044788583996,0.0
 09/17  21:45:00,1561.6706750802289,0.0
 09/17  22:00:00,1581.6197972493806,0.0
 09/17  22:15:00,292.31333333333333,0.0
 09/17  22:30:00,140.34244930637334,0.0
 09/17  22:45:00,97.40597087755644,0.0
 09/17  23:00:00,44.97999999999999,0.0
 09/17  23:15:00,1105.129217299308,0.0
 09/17  23:30:00,203.09360903428524,0.0
 09/17  23:45:00,156.46683555414086,0.0
 09/17  24:00:00,117.55216906550122,0.0
 09/18  00:15:00,122.84285405063102,0.0
 09/18  00:30:00,143.38452178020484,0.0
 09/18  00:45:00,81.78,0.0
 09/18  01:00:00,97.40133664909254,0.0
 09/18  01:15:00,97.38897150654957,0.0
 09/18  01:30:00,87.91333333333333,0.0
 09/18  01:45:00,143.40568394347835,0.0
 09/18  02:00:00,112.72672133887288,0.0
 09/18  02:15:00,97.38174002171424,0.0
 09/18  02:30:00,63.38,0.0
 09/18  02:45:00,143.40062137541506,0.0
 09/18  03:00:00,137.25601240744334,0.0
 09/18  03:15:00,44.97999999999999,0.0
 09/18  03:30:00,97.40941163590956,0.0
 09/18  03:45:00,137.26559871627933,0.0
 09/18  04:00:00,143.3884213224447,0.0
 09/18  04:15:00,63.38,0.0
 09/18  04:30:00,97.40900915731446,0.0
 09/18  04:45:00,112.73193403310334,0.0
 09/18  05:00:00,90.98,0.0
 09/18  05:15:00,159.0178965121822,0.0
 09/18  05:30:00,377.4060080949554,0.0
 09/18  05:45:00,143.39387790566423,0.0
 09/18  06:00:00,90.98,0.0
 09/18  06:15:00,143.41232500635408,0.0
 09/18  06:30:00,143.40150396826365,1.5482400182015716
 09/18  06:45:00,97.39058362517662,5.034929810587573
 09/18  07:00:00,44.97999999999999,8.209523905653409
 09/18  07:15:00,131.14328360382945,11.56996707125036
 09/18  07:30:00,143.39837319514746,14.931551658963361
 09/18  07:45:00,1571.174859424979,21.860521275140353
 09/18  08:00:00,2916.3253061252217,28.790966259050215
 09/18  08:15:00,1728.0731433510125,35.70751011349875
 09/18  08:30:00,1538.1103874478622,42.62336804835481
 09/18  08:45:00,1452.6859928042986,49.727394101972415
 09/18  09:00:00,2885.629718460056,56.99064759003088
 09/18  09:15:00,2110.926580734456,64.36599982839434
 09/18  09:30:00,2038.9763077530731,71.79079193401316
 09/18  09:45:00,2038.743981390928,78.0421221279114
 09/18  10:00:00,1925.93353847362,84.33435846300372
 09/18  10:15:00,7939.064997895412,90.6166692050847
 09/18  10:30:00,5665.197668463589,96.93348577091477
 09/18  10:45:00,2602.37248714092,101.0126666002684
 09/18  11:00:00,1879.7788380889888,105.1185424259177
 09/18  11:15:00,51.11333333333333,109.30240781503826
 09/18  11:30:00,97.39389529530652,113.50927404795299
 09/18  11:45:00,124.98664229278631,115.03797763068086
 09/18  12:00:00,90.98,116.58713690694961
 09/18  12:15:00,128.05249187603326,118.2006387440931
 09/18  12:30:00,97.37174110865745,119.8296619920777
 09/18  12:45:00,48.04666666666666,139.01609228992953
 09/18  13:00:00,143.3851979346714,158.5221280566242
 09/18  13:15:00,143.3704955542059,178.32299028742193
 09/18  13:30:00,54.17999999999999,198.4866475430738
 09/18  13:45:00,97.38252189646607,191.94139960473194
 09/18  14:00:00,121.90085162922676,185.52250923948606
 09/18  14:15:00,90.98,179.093357537345
 09/18  14:30:00,131.11086840682526,172.7012597826846
 09/18  14:45:00,44.97999999999999,161.69194545362893
 09/18  15:00:00,97.38659909463072,150.860556593464
 09/18  15:15:00,2467.7943837050125,140.267080290214
 09/18  15:30:00,2541.840128266342,129.85801569247894
 09/18  15:45:00,2120.47071292306,108.53074531237723
 09/18  16:00:00,1834.3530894721755,87.67778643577738
 09/18  16:15:00,7960.558844620826,67.35934871662563
 09/18  16:30:00,5704.64971827999,47.87148026960976
 09/18  16:45:00,2646.8844653630804,40.87175338013789
 09/18  17:00:00,2080.1729810431366,33.864227626024665
 09/18  17:15:00,1935.490118804105,26.85124681834035
 09/18  17:30:00,2752.4558352254257,19.84397577604001
 09/18  17:45:00,3603.87326004204,15.425018037523158
 09/18  18:00:00,3457.979470564252,11.008670204898477
 09/18  18:15:00,2667.7914570025628,6.594974569351763
 09/18  18:30:00,2826.1848912599394,2.192914248269262
 09/18  18:45:00,1879.477875794915,1.7145155422050475
 09/18  19:00:00,1727.6348039526538,0.0
 09/18  19:15:00,1748.4822437523806,0.0
 09/18  19:30:00,1780.738779124855,0.0
 09/18  19:45:00,1805.268118506548,0.0
 09/18  20:00:00,1835.909792550726,0.0
 09/18  20:15:00,1818.7407537810468,0.0
 09/18  20:30:00,1767.3305031510884,0.0
 09/18  20:45:00,1767.2045674397204,0.0
 09/18  21:00:00,1804.792519785924,0.0
 09/18  21:15:00,1804.902062767697,0.0
 09/18  21:30:00,1764.9236921943989,0.0
 09/18  21:45:00,1746.3145222068165,0.0
 09/18  22:00:00,1759.3399136438647,0.0
 09/18  22:15:00,292.31333333333333,0.0
 09/18  22:30:00,140.31784810927053,0.0
 09/18  22:45:00,44.97999999999999,0.0
 09/18  23:00:00,97.3820141418952,0.0
 09/18  23:15:00,143.36731928377034,0.0
 09/18  23:30:00,90.98,0.0
 09/18  23:45:00,109.64598376933692,0.0
 09/18  24:00:00,97.36465959842889,0.0
 09/19  00:15:00,66.44666666666666,0.0
 09/19  00:30:00,143.38695217142202,0.0
 09/19  00:45:00,134.17818715998823,0.0
 09/19  01:00:00,44.97999999999999,0.0
 09/19  01:15:00,97.39949452802368,0.0
 09/19  01:30:00,140.3207864825912,0.0
 09/19  01:45:00,90.98,0.0
 09/19  02:00:00,112.7383477104566,0.0
 09/19  02:15:00,97.39321412799318,0.0
 09/19  02:30:00,115.78127781447094,0.0
 09/19  02:45:00,90.98,0.0
 09/19  03:00:00,137.26616550850304,0.0
 09/19  03:15:00,97.38731030380464,0.0
 09/19  03:30:00,44.97999999999999,0.0
 09/19  03:45:00,137.27124463101123,0.0
 09/19  04:00:00,143.39246798395396,0.0
 09/19  04:15:00,63.38,0.0
 09/19  04:30:00,97.4096146280102,0.0
 09/19  04:45:00,112.73091576488852,0.0
 09/19  05:00:00,143.3853643379351,0.0
 09/19  05:15:00,106.58,0.0
 09/19  05:30:00,377.4030349365962,0.0
 09/19  05:45:00,143.39111167593697,0.0
 09/19  06:00:00,90.98,0.0
 09/19  06:15:00,143.4084388873852,0.0
 09/19  06:30:00,143.39627044811027,3.8597907312602757
 09/19  06:45:00,97.38389791553512,14.670119282947676
 09/19  07:00:00,44.97999999999999,25.97553255178479
 09/19  07:15:00,131.13392747799517,40.22723476953832
 09/19  07:30:00,143.38786473451384,55.13263740508178
 09/19  07:45:00,1552.8902361923883,85.99959237144837
 09/19  08:00:00,3022.515081492941,120.45072636199649
 09/19  08:15:00,1705.3481508163502,166.83181298935233
 09/19  08:30:00,1595.877867937757,213.56661486341318
 09/19  08:45:00,1512.43316809189,253.31721820380213
 09/19  09:00:00,2903.778185929758,296.88322209549546
 09/19  09:15:00,2142.0986447621444,354.55004825504216
 09/19  09:30:00,1948.8672336883456,405.2998435593563
 09/19  09:45:00,1934.251094257394,433.11679892284894
 09/19  10:00:00,1766.728072091509,459.24131234503176
 09/19  10:15:00,7939.137889598946,482.54195164446685
 09/19  10:30:00,5662.907834556458,489.5577468347413
 09/19  10:45:00,2277.502306783665,477.1168177314231
 09/19  11:00:00,1648.306850806645,460.6601995760847
 09/19  11:15:00,51.11333333333333,425.25035297053887
 09/19  11:30:00,97.3738790438226,402.8408340194637
 09/19  11:45:00,72.57999999999998,387.9419549137031
 09/19  12:00:00,143.376110634859,353.6525991794612
 09/19  12:15:00,128.02571632320252,335.54734097335745
 09/19  12:30:00,44.97999999999999,316.75143825112576
 09/19  12:45:00,100.43245639507845,311.8991386274764
 09/19  13:00:00,90.98,306.7732554958185
 09/19  13:15:00,143.3726886569179,302.1409496166285
 09/19  13:30:00,106.55595175462489,297.52475936400003
 09/19  13:45:00,44.97999999999999,289.7691447799812
 09/19  14:00:00,121.89683428479611,281.81830687334303
 09/19  14:15:00,90.98,273.5511219322654
 09/19  14:30:00,131.10652707080413,264.9231613214343
 09/19  14:45:00,97.35763412781549,240.7664590018445
 09/19  15:00:00,44.97999999999999,217.44668422412244
 09/19  15:15:00,2360.1780896250502,181.8757043804976
 09/19  15:30:00,2163.694488399008,161.67048167672013
 09/19  15:45:00,1902.4176666030148,142.77037868041236
 09/19  16:00:00,1542.8902031560276,124.16240603196607
 09/19  16:15:00,7960.7150677473455,105.86287986687245
 09/19  16:30:00,5709.619352773798,87.9150011501273
 09/19  16:45:00,2170.211201914184,73.27980788654244
 09/19  17:00:00,1907.3037740019852,58.814969871953714
 09/19  17:15:00,1676.1489930608795,44.562470859266824
 09/19  17:30:00,2523.141472187325,30.829507928724084
 09/19  17:45:00,3309.890082697153,24.404053827925082
 09/19  18:00:00,3227.054940528408,17.973043509504695
 09/19  18:15:00,2410.085514140233,11.553401776971514
 09/19  18:30:00,2555.31866239012,5.1289952841186786
 09/19  18:45:00,1642.86419752957,0.0
 09/19  19:00:00,1633.2157660917314,0.0
 09/19  19:15:00,1531.6851066251263,0.0
 09/19  19:30:00,1566.1219466437012,0.0
 09/19  19:45:00,1594.3969403908882,0.0
 09/19  20:00:00,1625.8421320876666,0.0
 09/19  20:15:00,1619.3386518086436,0.0
 09/19  20:30:00,1579.7521632814637,0.0
 09/19  20:45:00,1588.5847333926515,0.0
 09/19  21:00:00,1639.9233883214783,0.0
 09/19  21:15:00,1643.502862685939,0.0
 09/19  21:30:00,1607.067569953486,0.0
 09/19  21:45:00,1594.3483648850986,0.0
 09/19  22:00:00,1611.3504973790252,0.0
 09/19  22:15:00,292.31333333333333,0.0
 09/19  22:30:00,140.33174783831063,0.0
 09/19  22:45:00,97.39282313104106,0.0
 09/19  23:00:00,44.97999999999999,0.0
 09/19  23:15:00,2014.8980327504944,0.0
 09/19  23:30:00,1305.9090544216017,0.0
 09/19  23:45:00,1503.3613333333335,0.0
 09/19  24:00:00,118.06673790679828,0.0
 09/20  00:15:00,118.87014424643588,0.0
 09/20  00:30:00,90.98,0.0
 09/20  00:45:00,134.21202709124722,0.0
 09/20  01:00:00,97.4034432087646,0.0
 09/20  01:15:00,97.39234592726032,0.0
 09/20  01:30:00,87.91333333333333,0.0
 09/20  01:45:00,143.4120251236742,0.0
 09/20  02:00:00,112.73448524526606,0.0
 09/20  02:15:00,97.39033277885191,0.0
 09/20  02:30:00,63.38,0.0
 09/20  02:45:00,143.41081159549702,0.0
 09/20  03:00:00,137.26694884468515,0.0
 09/20  03:15:00,44.97999999999999,0.0
 09/20  03:30:00,97.42018466600194,0.0
 09/20  03:45:00,137.27619608478724,0.0
 09/20  04:00:00,143.39875051088308,0.0
 09/20  04:15:00,63.38,0.0
 09/20  04:30:00,97.41850873440552,0.0
 09/20  04:45:00,112.74103013207154,0.0
 09/20  05:00:00,143.39674253949298,0.0
 09/20  05:15:00,106.58,0.0
 09/20  05:30:00,377.4169095252173,0.0
 09/20  05:45:00,143.40628798164516,0.0
 09/20  06:00:00,143.3955372623925,0.0
 09/20  06:15:00,90.98,0.0
 09/20  06:30:00,143.4151949607298,0.0
 09/20  06:45:00,97.40420548930472,13.608136419100232
 09/20  07:00:00,97.39305417743446,25.38843688257646
 09/20  07:15:00,78.71333333333334,41.70498976095628
 09/20  07:30:00,143.41188662291418,60.06799916655279
 09/20  07:45:00,1612.9747051994548,89.48806076974654
 09/20  08:00:00,2969.9747688509315,129.42098264452275
 09/20  08:15:00,1715.9649220519373,170.14880867571387
 09/20  08:30:00,1528.3864692462812,215.35657219337963
 09/20  08:45:00,1431.4017861797406,254.46999081157338
 09/20  09:00:00,2793.552741662948,295.8852371767836
 09/20  09:15:00,2113.2947848175545,339.1614561035728
 09/20  09:30:00,1847.6485103230807,383.91227837133397
 09/20  09:45:00,1840.3701249859175,412.0151889234322
 09/20  10:00:00,1717.2641766125244,438.6109651537114
 09/20  10:15:00,7939.180780964616,462.25184681745407
 09/20  10:30:00,5666.995376867041,483.9016478531757
 09/20  10:45:00,2107.5345033315034,487.8784172133438
 09/20  11:00:00,1637.527747787526,490.0377230554713
 09/20  11:15:00,51.11333333333332,492.86293172131036
 09/20  11:30:00,97.39645653224537,493.7986221865183
 09/20  11:45:00,124.9740241392082,470.2787436697425
 09/20  12:00:00,90.98,462.40152088844457
 09/20  12:15:00,128.05579400012513,451.4378971700243
 09/20  12:30:00,97.37555769603878,439.4588732344306
 09/20  12:45:00,48.04666666666666,420.88459355269947
 09/20  13:00:00,143.3900636294865,383.9033013029869
 09/20  13:15:00,143.37646017217176,365.86265890522685
 09/20  13:30:00,54.17999999999999,347.186734699125
 09/20  13:45:00,97.39081859361109,331.6742608436898
 09/20  14:00:00,121.9105118716567,315.99357628844984
 09/20  14:15:00,90.98,300.12182103181493
 09/20  14:30:00,131.12615542650738,284.3705252283698
 09/20  14:45:00,97.37997637195312,258.90908986009356
 09/20  15:00:00,44.97999999999999,234.22919275564504
 09/20  15:15:00,2331.363658828945,195.97111968041378
 09/20  15:30:00,2083.3477405484205,174.41962601942922
 09/20  15:45:00,1794.4551543435537,153.70763946046577
 09/20  16:00:00,1505.3130281237702,133.3214770004996
 09/20  16:15:00,7964.968475817779,113.31712072885847
 09/20  16:30:00,5540.016336181567,93.71205896533999
 09/20  16:45:00,1959.5287669018928,79.34490826709816
 09/20  17:00:00,1885.3032461507944,65.11764911670308
 09/20  17:15:00,1619.265652796098,51.0611318449796
 09/20  17:30:00,2465.925226659638,37.23447957197024
 09/20  17:45:00,3244.6230559623427,28.911044542392865
 09/20  18:00:00,3168.167890926773,20.73522661817341
 09/20  18:15:00,2342.863668040636,12.577064135258341
 09/20  18:30:00,2495.0618327076177,4.426652235951576
 09/20  18:45:00,1562.608835377255,0.0
 09/20  19:00:00,1608.323380674421,0.0
 09/20  19:15:00,1494.0989032501802,0.0
 09/20  19:30:00,1537.1291259900884,0.0
 09/20  19:45:00,1571.1989813227906,0.0
 09/20  20:00:00,1599.5897093636668,0.0
 09/20  20:15:00,1590.607683226478,0.0
 09/20  20:30:00,1546.670303884407,0.0
 09/20  20:45:00,1556.23898428677,0.0
 09/20  21:00:00,1597.0006346004384,0.0
 09/20  21:15:00,1606.9604915889452,0.0
 09/20  21:30:00,1576.4754930126246,0.0
 09/20  21:45:00,1562.729382120185,0.0
 09/20  22:00:00,1590.3837328717816,0.0
 09/20  22:15:00,292.31333333333333,0.0
 09/20  22:30:00,140.34333860493604,0.0
 09/20  22:45:00,97.40588613566166,0.0
 09/20  23:00:00,44.97999999999999,0.0
 09/20  23:15:00,1918.777881991545,0.0
 09/20  23:30:00,1017.112772050901,0.0
 09/20  23:45:00,194.4141154670225,0.0
 09/20  24:00:00,129.71635999999995,0.0
 09/21  00:15:00,152.7665204748426,0.0
 09/21  00:30:00,143.39437516563703,0.0
 09/21  00:45:00,81.78,0.0
 09/21  01:00:00,97.41428502370424,0.0
 09/21  01:15:00,97.4030021056131,0.0
 09/21  01:30:00,140.32489445943037,0.0
 09/21  01:45:00,90.98,0.0
 09/21  02:00:00,112.74379164410357,0.0
 09/21  02:15:00,97.39945930169516,0.0
 09/21  02:30:00,98.02089831850468,0.0
 09/21  02:45:00,108.74844554832492,0.0
 09/21  03:00:00,137.2748664807929,0.0
 09/21  03:15:00,97.39697110694745,0.0
 09/21  03:30:00,44.97999999999999,0.0
 09/21  03:45:00,137.28274654986916,0.0
 09/21  04:00:00,143.40495940375754,0.0
 09/21  04:15:00,115.79351744302818,0.0
 09/21  04:30:00,44.97999999999999,0.0
 09/21  04:45:00,112.7456457846532,0.0
 09/21  05:00:00,143.40091918219264,0.0
 09/21  05:15:00,158.98951979223344,0.0
 09/21  05:30:00,324.97999999999985,0.0
 09/21  05:45:00,143.40863745550115,0.0
 09/21  06:00:00,143.39734492184698,0.0
 09/21  06:15:00,90.98,0.0
 09/21  06:30:00,143.41484170215557,0.0
 09/21  06:45:00,97.40282276064858,6.191017849693296
 09/21  07:00:00,97.39056378295416,11.21200781349053
 09/21  07:15:00,78.71333333333334,16.444088501558053
 09/21  07:30:00,1804.2177251685105,21.67339582484603
 09/21  07:45:00,1765.308134349959,32.88985075885268
 09/21  08:00:00,2781.2618736689715,44.45773822855153
 09/21  08:15:00,1731.2309103308128,56.10061923018273
 09/21  08:30:00,1588.0102779015497,67.82722867011118
 09/21  08:45:00,2916.4926437436143,79.95808662066315
 09/21  09:00:00,3211.402949688313,92.19561349155191
 09/21  09:15:00,1959.4908352068592,104.56980959683767
 09/21  09:30:00,1919.1782770627397,117.0560850393978
 09/21  09:45:00,1945.079216229018,127.8900648865604
 09/21  10:00:00,1853.716449245709,138.9667289378768
 09/21  10:15:00,1835.5214064761828,150.16390032310332
 09/21  10:30:00,1819.87758311854,161.53313375866261
 09/21  10:45:00,1835.0871270124564,168.81069473388246
 09/21  11:00:00,1811.1963942919056,176.23425164114155
 09/21  11:15:00,1237.3999672583868,184.04381209476992
 09/21  11:30:00,1475.0605970702732,191.96256480319107
 09/21  11:45:00,1508.8079826782414,194.11554043793424
 09/21  12:00:00,1245.7401157194288,196.29331138347126
 09/21  12:15:00,1522.0532458751914,198.3448973131142
 09/21  12:30:00,1756.5176457220266,200.3933708686095
 09/21  12:45:00,1804.9024427579604,177.27508395533619
 09/21  13:00:00,1575.2512801760236,154.7731969365575
 09/21  13:15:00,1655.9963553047928,132.6805327306488
 09/21  13:30:00,1605.594377574282,110.97050365372121
 09/21  13:45:00,1599.5208473661012,107.40233158956906
 09/21  14:00:00,1617.5249063104798,103.77833701357288
 09/21  14:15:00,1630.177667800083,100.17886844815462
 09/21  14:30:00,1606.4204582135176,96.60361554988708
 09/21  14:45:00,1569.1171581616966,90.59519128611791
 09/21  15:00:00,1571.2662107157744,84.6337928222988
 09/21  15:15:00,2001.8620495920568,78.64071826534314
 09/21  15:30:00,1929.5964447110416,72.69446544331086
 09/21  15:45:00,1607.5920941581444,65.3944294332849
 09/21  16:00:00,1531.413648350593,58.162544397716275
 09/21  16:15:00,1729.2686657893823,51.239598797956575
 09/21  16:30:00,7985.234590220863,44.35720405510669
 09/21  16:45:00,5757.9421736059685,40.26729795018782
 09/21  17:00:00,2371.6549216917406,36.18000305978267
 09/21  17:15:00,1704.454297263427,32.07718781224768
 09/21  17:30:00,1711.5917455469537,27.986567873262267
 09/21  17:45:00,3535.530042465637,21.68745844647986
 09/21  18:00:00,3266.390039960594,15.40772169357305
 09/21  18:15:00,2594.48985982106,9.15274421177398
 09/21  18:30:00,2620.034474092263,2.91830677746234
 09/21  18:45:00,1696.4635303174264,0.0
 09/21  19:00:00,1672.0369126104406,0.0
 09/21  19:15:00,8126.8357086530195,0.0
 09/21  19:30:00,5237.971775897821,0.0
 09/21  19:45:00,1957.5870528444295,0.0
 09/21  20:00:00,1822.781278121767,0.0
 09/21  20:15:00,1671.8215917907314,0.0
 09/21  20:30:00,1599.7825012935675,0.0
 09/21  20:45:00,1599.8572480548753,0.0
 09/21  21:00:00,1638.7225295371595,0.0
 09/21  21:15:00,1644.897052871381,0.0
 09/21  21:30:00,1613.3903490707362,0.0
 09/21  21:45:00,1600.186166923099,0.0
 09/21  22:00:00,1621.3663880548238,0.0
 09/21  22:15:00,1712.7894044701122,0.0
 09/21  22:30:00,87.91333333333334,0.0
 09/21  22:45:00,97.37943761674516,0.0
 09/21  23:00:00,44.97999999999999,0.0
 09/21  23:15:00,2003.5529621936405,0.0
 09/21  23:30:00,1886.05179648104,0.0
 09/21  23:45:00,154.9392966666665,0.0
 09/21  24:00:00,195.06930914576787,0.0
 09/22  00:15:00,164.13929666666667,0.0
 09/22  00:30:00,241.0798459115436,0.0
 09/22  00:45:00,231.8683522998118,0.0
 09/22  01:00:00,142.67263,0.0
 09/22  01:15:00,123.44428612063736,0.0
 09/22  01:30:00,140.3135714636702,0.0
 09/22  01:45:00,90.98,0.0
 09/22  02:00:00,112.7298145250831,0.0
 09/22  02:15:00,97.38370510077596,0.0
 09/22  02:30:00,63.38,0.0
 09/22  02:45:00,143.3995696190451,0.0
 09/22  03:00:00,137.2537131188785,0.0
 09/22  03:15:00,97.37403064770704,0.0
 09/22  03:30:00,44.97999999999999,0.0
 09/22  03:45:00,137.25665058965865,0.0
 09/22  04:00:00,143.3771215351803,0.0
 09/22  04:15:00,63.38,0.0
 09/22  04:30:00,97.39576623773216,0.0
 09/22  04:45:00,112.71785649338467,0.0
 09/22  05:00:00,90.98,0.0
 09/22  05:15:00,159.00349009165114,0.0
 09/22  05:30:00,377.4066947176578,0.0
 09/22  05:45:00,90.98,0.0
 09/22  06:00:00,143.41094000434447,0.0
 09/22  06:15:00,143.40058255270503,0.0
 09/22  06:30:00,143.39022381676432,0.0
 09/22  06:45:00,44.97999999999999,14.322871144971181
 09/22  07:00:00,97.41176228382264,25.761970360407247
 09/22  07:15:00,131.13317101189412,41.45599191685187
 09/22  07:30:00,1624.197745508175,60.256658992273174
 09/22  07:45:00,1750.715486706492,87.04176450666783
 09/22  08:00:00,2761.8220483956284,116.27736747078791
 09/22  08:15:00,1736.8255589912396,147.64937717826226
 09/22  08:30:00,1582.4571960997096,180.96500605868985
 09/22  08:45:00,2909.8771330800214,215.15861542923182
 09/22  09:00:00,3155.6720469153884,253.50128221753968
 09/22  09:15:00,1892.9217163544004,305.5725436591503
 09/22  09:30:00,1837.5802263800683,351.34481103373594
 09/22  09:45:00,1812.8567849500523,370.07384429835207
 09/22  10:00:00,1737.822604894112,373.2386997209893
 09/22  10:15:00,1694.2958432179632,386.44653646918647
 09/22  10:30:00,1673.9636865072466,397.0600723441321
 09/22  10:45:00,1678.8412367412025,419.24131102941203
 09/22  11:00:00,1633.2894845978522,442.20550832605045
 09/22  11:15:00,1255.9808988640636,481.1183263752488
 09/22  11:30:00,1413.3170961192004,503.3529997414302
 09/22  11:45:00,1423.396988270506,511.2127751806415
 09/22  12:00:00,1183.563074482897,518.3578281488982
 09/22  12:15:00,1313.3110620637462,523.262856056063
 09/22  12:30:00,1420.7511546699188,526.5469779418302
 09/22  12:45:00,1243.3031441021103,554.0145398641417
 09/22  13:00:00,1161.898237150922,594.4969751586203
 09/22  13:15:00,1123.1201137710675,620.7344116805915
 09/22  13:30:00,1041.910817710996,645.0490361957569
 09/22  13:45:00,1002.676036810034,624.9833576409494
 09/22  14:00:00,997.9720679473132,605.1316226746598
 09/22  14:15:00,984.5559417422912,581.772000369095
 09/22  14:30:00,934.4386048431796,557.2698759888897
 09/22  14:45:00,870.8736491639854,527.8085990049336
 09/22  15:00:00,850.5515133125389,497.17583933741327
 09/22  15:15:00,1273.086432220609,466.48238157094323
 09/22  15:30:00,1194.1882574643837,434.50173610303983
 09/22  15:45:00,842.4996118820762,388.6642182767648
 09/22  16:00:00,758.3779240109446,344.2206451010402
 09/22  16:15:00,976.7592061808456,290.8445357535585
 09/22  16:30:00,7967.029212204843,251.0254986039596
 09/22  16:45:00,3905.7246250313488,202.83598613812626
 09/22  17:00:00,2123.833630895479,159.06030104791796
 09/22  17:15:00,1444.0155666223293,114.32041237577856
 09/22  17:30:00,1265.2793210196292,82.16482652780566
 09/22  17:45:00,3099.418321759673,59.36733541274535
 09/22  18:00:00,2714.8301268239748,39.26535294973042
 09/22  18:15:00,1848.7748341500376,20.343328214289517
 09/22  18:30:00,1987.5148722837516,6.674191151190737
 09/22  18:45:00,1172.1598562117515,0.0
 09/22  19:00:00,1218.1796186388838,0.0
 09/22  19:15:00,8104.318188663088,0.0
 09/22  19:30:00,3992.0669280021298,0.0
 09/22  19:45:00,2120.022382579701,0.0
 09/22  20:00:00,1644.2400015920548,0.0
 09/22  20:15:00,1414.892255750634,0.0
 09/22  20:30:00,1279.656939122237,0.0
 09/22  20:45:00,1246.7542019085329,0.0
 09/22  21:00:00,1278.1882378083428,0.0
 09/22  21:15:00,1275.5729442187912,0.0
 09/22  21:30:00,1240.6766488541753,0.0
 09/22  21:45:00,1220.625573362515,0.0
 09/22  22:00:00,1243.63628433185,0.0
 09/22  22:15:00,1700.971644501565,0.0
 09/22  22:30:00,87.91333333333334,0.0
 09/22  22:45:00,97.4200549517051,0.0
 09/22  23:00:00,97.40364219983284,0.0
 09/22  23:15:00,136.32598000000002,0.0
 09/22  23:30:00,982.6333190983598,0.0
 09/22  23:45:00,155.03464557030853,0.0
 09/22  24:00:00,142.77685764373132,0.0
 09/23  00:15:00,164.21898717850536,0.0
 09/23  00:30:00,136.32598000000002,0.0
 09/23  00:45:00,179.57760671405063,0.0
 09/23  01:00:00,142.76961634848263,0.0
 09/23  01:15:00,1068.945929155791,0.0
 09/23  01:30:00,1324.0463253333337,0.0
 09/23  01:45:00,188.78828691926557,0.0
 09/23  02:00:00,158.11439627376774,0.0
 09/23  02:15:00,130.6794397544465,0.0
 09/23  02:30:00,115.81615334411003,0.0
 09/23  02:45:00,90.98,0.0
 09/23  03:00:00,137.30502934343394,0.0
 09/23  03:15:00,97.42960428432828,0.0
 09/23  03:30:00,97.4207595063937,0.0
 09/23  03:45:00,137.27849474751588,0.0
 09/23  04:00:00,90.98,0.0
 09/23  04:15:00,115.83645678514227,0.0
 09/23  04:30:00,97.42842706186649,0.0
 09/23  04:45:00,112.7537252425424,0.0
 09/23  05:00:00,143.4123532191171,0.0
 09/23  05:15:00,106.58,0.0
 09/23  05:30:00,377.437354542737,0.0
 09/23  05:45:00,143.42908565642952,0.0
 09/23  06:00:00,143.42074997514356,0.0
 09/23  06:15:00,143.41252495060724,0.0
 09/23  06:30:00,90.98,0.0
 09/23  06:45:00,97.43814423531396,14.146156917016862
 09/23  07:00:00,97.43018777561966,25.347852108301865
 09/23  07:15:00,131.15147370335984,40.85753440996251
 09/23  07:30:00,143.40557731255822,56.016666236742935
 09/23  07:45:00,1508.190943929284,87.30395218606571
 09/23  08:00:00,2831.873297893524,128.31476937253194
 09/23  08:15:00,1650.537654901303,172.1219993178241
 09/23  08:30:00,1384.276236527219,222.24633995178806
 09/23  08:45:00,1318.128339435508,264.5649863609024
 09/23  09:00:00,2610.704338249067,319.87366675977495
 09/23  09:15:00,1696.8906655879375,367.930477089748
 09/23  09:30:00,1518.6643113124055,417.5757786966517
 09/23  09:45:00,1445.85739307516,456.5326555273273
 09/23  10:00:00,1371.907183821088,495.86789023941384
 09/23  10:15:00,7943.501297016771,536.1055065530539
 09/23  10:30:00,4302.797086700225,582.948530473498
 09/23  10:45:00,1775.2863459769849,610.477880206295
 09/23  11:00:00,1395.9092378114144,637.031713655896
 09/23  11:15:00,51.11333333333332,661.5409945115023
 09/23  11:30:00,97.37137847848965,684.1436513961676
 09/23  11:45:00,72.57999999999998,696.6166845740136
 09/23  12:00:00,143.36118845166584,707.1369982053229
 09/23  12:15:00,75.64666666666666,716.6390361290302
 09/23  12:30:00,97.36370157006728,723.8342488753656
 09/23  12:45:00,100.41076503938592,707.425252265273
 09/23  13:00:00,90.98,688.9944880552824
 09/23  13:15:00,143.34571840804907,661.9603657677695
 09/23  13:30:00,54.17999999999999,640.8340866498537
 09/23  13:45:00,97.34695014233674,623.8100440311379
 09/23  14:00:00,69.51333333333332,604.794946328481
 09/23  14:15:00,143.3478720189869,583.7899267506031
 09/23  14:30:00,78.71333333333334,561.2783416214337
 09/23  14:45:00,97.3486744902003,528.0918127422476
 09/23  15:00:00,97.32838318978968,494.3366653317413
 09/23  15:15:00,1478.4362403133784,460.3587857608528
 09/23  15:30:00,955.0231211633268,425.83242149637294
 09/23  15:45:00,745.6767421998811,385.6261288961833
 09/23  16:00:00,541.2546565477004,345.8009532453036
 09/23  16:15:00,7928.682276009098,306.55557467017695
 09/23  16:30:00,2671.6209239941795,268.1715942049965
 09/23  16:45:00,1710.3020076318512,205.67009346230498
 09/23  17:00:00,1489.5496293054105,158.5341435683781
 09/23  17:15:00,1083.9773902672464,117.24096345186152
 09/23  17:30:00,2111.7465903132056,77.96977350778054
 09/23  17:45:00,2376.720393557944,55.755504740399374
 09/23  18:00:00,2343.755118053808,36.41119148790728
 09/23  18:15:00,1363.61690228819,18.402543229604827
 09/23  18:30:00,1578.7025409981802,6.019232803526187
 09/23  18:45:00,789.1096746862543,0.0
 09/23  19:00:00,844.4504086580689,0.0
 09/23  19:15:00,771.4331627734766,0.0
 09/23  19:30:00,788.9343233482313,0.0
 09/23  19:45:00,830.412683218859,0.0
 09/23  20:00:00,865.2106807958282,0.0
 09/23  20:15:00,856.8687887377049,0.0
 09/23  20:30:00,819.6058010207873,0.0
 09/23  20:45:00,828.6799735034391,0.0
 09/23  21:00:00,878.9465821188853,0.0
 09/23  21:15:00,878.4974799476423,0.0
 09/23  21:30:00,841.2209540524077,0.0
 09/23  21:45:00,817.5898511377801,0.0
 09/23  22:00:00,831.938771836169,0.0
 09/23  22:15:00,292.31333333333333,0.0
 09/23  22:30:00,140.31249796416478,0.0
 09/23  22:45:00,44.97999999999999,0.0
 09/23  23:00:00,97.37983173428584,0.0
 09/23  23:15:00,143.36502547588833,0.0
 09/23  23:30:00,90.98,0.0
 09/23  23:45:00,109.6435611992874,0.0
 09/23  24:00:00,97.36212029046725,0.0
 09/24  00:15:00,66.44666666666666,0.0
 09/24  00:30:00,143.37429300872634,0.0
 09/24  00:45:00,81.78,0.0
 09/24  01:00:00,97.38642043849958,0.0
 09/24  01:15:00,97.37234821587349,0.0
 09/24  01:30:00,87.91333333333333,0.0
 09/24  01:45:00,143.3855595712341,0.0
 09/24  02:00:00,112.70499414936752,0.0
 09/24  02:15:00,44.97999999999999,0.0
 09/24  02:30:00,115.78396264263505,0.0
 09/24  02:45:00,143.3694208253095,0.0
 09/24  03:00:00,84.84666666666666,0.0
 09/24  03:15:00,97.3819327577109,0.0
 09/24  03:30:00,97.3675341464025,0.0
 09/24  03:45:00,84.84666666666666,0.0
 09/24  04:00:00,143.38035420549198,0.0
 09/24  04:15:00,115.76732176879092,0.0
 09/24  04:30:00,44.97999999999999,0.0
 09/24  04:45:00,112.71680260475097,0.0
 09/24  05:00:00,143.3709451654995,0.0
 09/24  05:15:00,106.58,0.0
 09/24  05:30:00,377.3842472359748,0.0
 09/24  05:45:00,143.3699660700815,0.0
 09/24  06:00:00,90.98,0.0
 09/24  06:15:00,143.3828625030676,0.0
 09/24  06:30:00,143.36826936879424,0.0
 09/24  06:45:00,44.97999999999999,12.632402437501192
 09/24  07:00:00,97.38066933587656,23.173911713337777
 09/24  07:15:00,78.71333333333334,38.01600307518378
 09/24  07:30:00,143.38793146659202,55.321478382553586
 09/24  07:45:00,1489.390584040097,83.2744585792218
 09/24  08:00:00,2595.583920357989,123.0316989033674
 09/24  08:15:00,1298.381731906476,164.73659292433507
 09/24  08:30:00,1073.3263677821135,211.97053963629142
 09/24  08:45:00,1035.8974530594644,253.07610975393374
 09/24  09:00:00,1933.3582749817483,308.1212633916791
 09/24  09:15:00,895.6022485171588,357.7696923425945
 09/24  09:30:00,898.8290849886472,409.9631087491898
 09/24  09:45:00,852.1576813337939,430.949372804377
 09/24  10:00:00,785.617972988149,448.92391016727333
 09/24  10:15:00,7914.794109483051,464.5880501571978
 09/24  10:30:00,3230.123177383371,463.5468923351027
 09/24  10:45:00,1649.5573178543225,514.0968646243285
 09/24  11:00:00,1157.087052005992,549.7707912466676
 09/24  11:15:00,51.11333333333332,584.4567178007259
 09/24  11:30:00,97.33092623602458,618.1439369698802
 09/24  11:45:00,72.57999999999998,614.465877354267
 09/24  12:00:00,143.31755039534957,609.3330074366746
 09/24  12:15:00,75.64666666666666,601.9352979806462
 09/24  12:30:00,97.3131553990981,592.690880065158
 09/24  12:45:00,48.04666666666666,512.7199895551751
 09/24  13:00:00,90.98,450.15213741454664
 09/24  13:15:00,143.32661440995997,368.6723457350726
 09/24  13:30:00,54.17999999999999,304.7795678267649
 09/24  13:45:00,97.323064836897,274.08130732525046
 09/24  14:00:00,69.51333333333332,260.2970803022069
 09/24  14:15:00,143.31936767131234,247.13060350984563
 09/24  14:30:00,78.71333333333334,217.65148593307327
 09/24  14:45:00,97.31557649619046,190.49251110575682
 09/24  15:00:00,44.97999999999999,163.8106226198073
 09/24  15:15:00,1828.6728898266188,137.6735518013591
 09/24  15:30:00,962.3321660344768,112.32028985764674
 09/24  15:45:00,793.5833018513339,100.2961259616776
 09/24  16:00:00,539.3384517888495,88.37992881038944
 09/24  16:15:00,7928.698788363768,76.69313556009774
 09/24  16:30:00,2634.005705766784,65.17280396820324
 09/24  16:45:00,1636.147778268568,54.32362532434442
 09/24  17:00:00,1404.9232581939193,43.56698318607293
 09/24  17:15:00,986.8192453967312,33.10242817856357
 09/24  17:30:00,1860.262090533785,22.89698977624281
 09/24  17:45:00,2289.2126268469333,17.718583064563006
 09/24  18:00:00,2216.295226697509,12.528762471662468
 09/24  18:15:00,1110.5734831692937,7.353162512863283
 09/24  18:30:00,1162.4138034824475,2.2431953101449884
 09/24  18:45:00,639.5065688953778,0.0
 09/24  19:00:00,708.4325709937921,0.0
 09/24  19:15:00,625.2873507362149,0.0
 09/24  19:30:00,636.8777920940507,0.0
 09/24  19:45:00,668.8408951749843,0.0
 09/24  20:00:00,701.1035888411101,0.0
 09/24  20:15:00,693.7725443795496,0.0
 09/24  20:30:00,657.3376020493754,0.0
 09/24  20:45:00,665.8777073459074,0.0
 09/24  21:00:00,714.0906527901064,0.0
 09/24  21:15:00,725.8392776985488,0.0
 09/24  21:30:00,698.4801320530767,0.0
 09/24  21:45:00,686.9346707479395,0.0
 09/24  22:00:00,712.5568007776747,0.0
 09/24  22:15:00,292.31333333333333,0.0
 09/24  22:30:00,140.31328895279205,0.0
 09/24  22:45:00,44.97999999999999,0.0
 09/24  23:00:00,97.38073920826696,0.0
 09/24  23:15:00,1105.1003195176147,0.0
 09/24  23:30:00,150.66846000000004,0.0
 09/24  23:45:00,169.3331565376645,0.0
 09/24  24:00:00,157.05181449584677,0.0
 09/25  00:15:00,70.42589733333332,0.0
 09/25  00:30:00,143.37531792566085,0.0
 09/25  00:45:00,81.78,0.0
 09/25  01:00:00,97.38715398626196,0.0
 09/25  01:15:00,97.37410930052286,0.0
 09/25  01:30:00,87.91333333333333,0.0
 09/25  01:45:00,143.38968317466146,0.0
 09/25  02:00:00,112.7105037145693,0.0
 09/25  02:15:00,44.97999999999999,0.0
 09/25  02:30:00,115.7932382418889,0.0
 09/25  02:45:00,143.38088007586265,0.0
 09/25  03:00:00,84.84666666666666,0.0
 09/25  03:15:00,97.39957937413573,0.0
 09/25  03:30:00,97.3895841439955,0.0
 09/25  03:45:00,117.79640120568,0.0
 09/25  04:00:00,110.43215030602518,0.0
 09/25  04:15:00,115.80230642144454,0.0
 09/25  04:30:00,97.39283458195466,0.0
 09/25  04:45:00,60.313333333333325,0.0
 09/25  05:00:00,143.4163561680063,0.0
 09/25  05:15:00,159.00679754492066,0.0
 09/25  05:30:00,377.3972531164175,0.0
 09/25  05:45:00,90.98,0.0
 09/25  06:00:00,143.42043192011704,0.0
 09/25  06:15:00,143.41148387139916,0.0
 09/25  06:30:00,143.40256925381658,0.0
 09/25  06:45:00,44.97999999999999,12.69053585935861
 09/25  07:00:00,97.42700603685458,23.21081407933246
 09/25  07:15:00,131.1500051284383,37.98765199146811
 09/25  07:30:00,143.40615000617106,51.75913058879138
 09/25  07:45:00,1358.6761256713526,82.84215016148539
 09/25  08:00:00,2263.1078117865864,123.73003356289017
 09/25  08:15:00,1117.5112358815134,167.30050428521736
 09/25  08:30:00,1042.2866055805275,217.25820981842395
 09/25  08:45:00,1023.019098,255.5977999223405
 09/25  09:00:00,1961.415866845099,295.7075888884111
 09/25  09:15:00,1129.393237121784,337.0417371120517
 09/25  09:30:00,980.12606147535,390.6812142298928
 09/25  09:45:00,963.9634802694628,404.5819214056228
 09/25  10:00:00,897.5176975380163,428.36983405433966
 09/25  10:15:00,7917.9944075312,450.03887755833057
 09/25  10:30:00,3519.2347667576023,469.7184340751925
 09/25  10:45:00,1762.5576476793617,494.2243110303357
 09/25  11:00:00,1258.5110976958504,518.2348817324616
 09/25  11:15:00,51.11333333333332,540.4578767131446
 09/25  11:30:00,97.38582293723996,561.5287797097807
 09/25  11:45:00,124.97117232696118,603.4411604396684
 09/25  12:00:00,90.98,627.0676223093446
 09/25  12:15:00,128.04912172134112,648.4658302091929
 09/25  12:30:00,97.36650485677076,667.0326451121748
 09/25  12:45:00,48.04666666666666,660.8141773231314
 09/25  13:00:00,143.3757421929736,652.6216394500781
 09/25  13:15:00,90.98,656.4902212125569
 09/25  13:30:00,106.58530139519188,651.3794214486264
 09/25  13:45:00,97.36931847812006,643.2630986003223
 09/25  14:00:00,69.51333333333332,632.8539599906453
 09/25  14:15:00,143.37777391700087,618.7654320354131
 09/25  14:30:00,131.09425789018627,602.4395128256408
 09/25  14:45:00,44.97999999999999,547.9555299146489
 09/25  15:00:00,97.36809602436831,502.91382874104505
 09/25  15:15:00,939.6561128456729,457.6415546387969
 09/25  15:30:00,682.3104315778418,413.5507452553104
 09/25  15:45:00,382.245076456618,368.9891910663579
 09/25  16:00:00,241.76173172508356,314.0280289941071
 09/25  16:15:00,7925.878506851077,274.38176136115527
 09/25  16:30:00,1438.9136385441134,235.5468894657368
 09/25  16:45:00,1142.910586534338,184.94275504994528
 09/25  17:00:00,1206.568434116817,139.2546517921258
 09/25  17:15:00,944.3824589130404,93.47747941624027
 09/25  17:30:00,2313.6793377767267,56.559911551247026
 09/25  17:45:00,2221.911621441689,41.32708322982688
 09/25  18:00:00,2426.065265775168,27.512700966868387
 09/25  18:15:00,1321.2205483521134,15.034678360501786
 09/25  18:30:00,1096.0907531160717,4.595008859644216
 09/25  18:45:00,603.2759194700848,0.0
 09/25  19:00:00,643.9994696479287,0.0
 09/25  19:15:00,557.683020157266,0.0
 09/25  19:30:00,571.5354902991918,0.0
 09/25  19:45:00,610.580365355328,0.0
 09/25  20:00:00,647.7748462917987,0.0
 09/25  20:15:00,654.2714542180288,0.0
 09/25  20:30:00,630.6221246648535,0.0
 09/25  20:45:00,654.8188526225459,0.0
 09/25  21:00:00,719.5415448661965,0.0
 09/25  21:15:00,738.2781328078142,0.0
 09/25  21:30:00,716.2667060432701,0.0
 09/25  21:45:00,711.5270919667665,0.0
 09/25  22:00:00,741.3518050221699,0.0
 09/25  22:15:00,292.31333333333333,0.0
 09/25  22:30:00,140.3598203312515,0.0
 09/25  22:45:00,97.41651103388216,0.0
 09/25  23:00:00,97.406349087573,0.0
 09/25  23:15:00,90.98,0.0
 09/25  23:30:00,143.43298309074584,0.0
 09/25  23:45:00,109.6925180816574,0.0
 09/25  24:00:00,97.41884678713518,0.0
 09/26  00:15:00,118.87712235534222,0.0
 09/26  00:30:00,90.98,0.0
 09/26  00:45:00,134.2357819395816,0.0
 09/26  01:00:00,97.42765941537716,0.0
 09/26  01:15:00,97.41797733607024,0.0
 09/26  01:30:00,140.34140924601937,0.0
 09/26  01:45:00,90.98,0.0
 09/26  02:00:00,112.76323271763748,0.0
 09/26  02:15:00,97.42091354058992,0.0
 09/26  02:30:00,115.81183728172036,0.0
 09/26  02:45:00,90.98,0.0
 09/26  03:00:00,137.30210399780796,0.0
 09/26  03:15:00,97.42633828900176,0.0
 09/26  03:30:00,97.41712958741304,0.0
 09/26  03:45:00,137.27447625472593,0.0
 09/26  04:00:00,90.98,0.0
 09/26  04:15:00,115.83052851658154,0.0
 09/26  04:30:00,97.4207298576862,0.0
 09/26  04:45:00,112.74409102192593,0.0
 09/26  05:00:00,90.98,0.0
 09/26  05:15:00,159.03360709093275,0.0
 09/26  05:30:00,377.42505004879456,0.0
 09/26  05:45:00,143.41648256646585,0.0
 09/26  06:00:00,143.40789062602823,0.0
 09/26  06:15:00,90.98,0.0
 09/26  06:30:00,143.42999734008626,0.0
 09/26  06:45:00,97.42012187391848,11.740959217832257
 09/26  07:00:00,97.41007068972104,21.707560459172257
 09/26  07:15:00,78.71333333333334,36.31538133912648
 09/26  07:30:00,143.42819398963996,49.86803780084234
 09/26  07:45:00,1494.0751336778428,82.63774428003772
 09/26  08:00:00,2342.500376478119,118.62013558830436
 09/26  08:15:00,1093.116691229472,166.24461527901616
 09/26  08:30:00,1028.2547319190687,213.51795480876592
 09/26  08:45:00,1005.9289491106482,254.7158588241055
 09/26  09:00:00,2031.168014506677,299.47709495146836
 09/26  09:15:00,1053.9727374104607,359.1213406623433
 09/26  09:30:00,923.9133704921978,411.94471538316884
 09/26  09:45:00,883.3711544992464,451.6349252364943
 09/26  10:00:00,795.3969698260228,492.14522647760646
 09/26  10:15:00,7914.630086366616,531.8324803865772
 09/26  10:30:00,3142.731427206002,576.8311890352503
 09/26  10:45:00,1613.1213026788269,603.2235617295717
 09/26  11:00:00,1140.5771438537374,628.4019880990386
 09/26  11:15:00,51.11333333333332,651.4641833096073
 09/26  11:30:00,97.35067664065316,672.3016929780555
 09/26  11:45:00,72.57999999999998,682.0214045220581
 09/26  12:00:00,143.35120798689263,689.8447036147254
 09/26  12:15:00,75.64666666666666,700.4801500663498
 09/26  12:30:00,97.35169009416926,709.0617553073729
 09/26  12:45:00,48.04666666666666,707.3480419823533
 09/26  13:00:00,143.3510421336532,703.7120342652427
 09/26  13:15:00,143.3305036752651,695.9338373304394
 09/26  13:30:00,54.17999999999999,685.8963399079458
 09/26  13:45:00,97.32990698328204,665.9016460052612
 09/26  14:00:00,69.51333333333332,644.4933567054993
 09/26  14:15:00,143.33035903797293,625.3935411691137
 09/26  14:30:00,78.71333333333334,603.793184809496
 09/26  14:45:00,97.33251642731712,567.1331924663784
 09/26  15:00:00,44.97999999999999,529.5176439820673
 09/26  15:15:00,577.3446741367432,482.28277548243943
 09/26  15:30:00,524.98,442.4182974565422
 09/26  15:45:00,240.00145035278297,392.690773811163
 09/26  16:00:00,64.98,344.6852971101389
 09/26  16:15:00,7921.843895997819,300.1974672246279
 09/26  16:30:00,474.6265034110779,257.30041255097075
 09/26  16:45:00,210.1250583580824,195.3569679260936
 09/26  17:00:00,298.18,148.467446283652
 09/26  17:15:00,163.3304476029376,107.40497611014021
 09/26  17:30:00,3350.084315555759,68.39619190449086
 09/26  17:45:00,1928.98,48.579633101838326
 09/26  18:00:00,1972.153939909016,31.272884659468357
 09/26  18:15:00,867.7215580822149,15.765435038793749
 09/26  18:30:00,1344.1866741353258,0.0
 09/26  18:45:00,578.4644472088487,0.0
 09/26  19:00:00,426.3156636011125,0.0
 09/26  19:15:00,248.31333333333333,0.0
 09/26  19:30:00,285.8439085182972,0.0
 09/26  19:45:00,438.9407825386383,0.0
 09/26  20:00:00,455.3715294343042,0.0
 09/26  20:15:00,462.5174937063297,0.0
 09/26  20:30:00,436.0509286570213,0.0
 09/26  20:45:00,457.7530341441799,0.0
 09/26  21:00:00,516.155023871619,0.0
 09/26  21:15:00,534.3217920740809,0.0
 09/26  21:30:00,510.4977502847879,0.0
 09/26  21:45:00,503.8254819081027,0.0
 09/26  22:00:00,533.504319896688,0.0
 09/26  22:15:00,292.31333333333333,0.0
 09/26  22:30:00,140.32225628220294,0.0
 09/26  22:45:00,97.37716256004684,0.0
 09/26  23:00:00,44.97999999999999,0.0
 09/26  23:15:00,2014.8975365275844,0.0
 09/26  23:30:00,1305.921323422163,0.0
 09/26  23:45:00,1503.3613333333335,0.0
 09/26  24:00:00,118.06359731463442,0.0
 09/27  00:15:00,118.86745140626913,0.0
 09/27  00:30:00,90.98,0.0
 09/27  00:45:00,134.19905059832104,0.0
 09/27  01:00:00,97.38706932517456,0.0
 09/27  01:15:00,44.97999999999999,0.0
 09/27  01:30:00,140.33880117109135,0.0
 09/27  01:45:00,143.39424915419698,0.0
 09/27  02:00:00,112.71630310087284,0.0
 09/27  02:15:00,44.97999999999999,0.0
 09/27  02:30:00,115.80088062615926,0.0
 09/27  02:45:00,143.3890509020289,0.0
 09/27  03:00:00,84.84666666666666,0.0
 09/27  03:15:00,97.4080916598184,0.0
 09/27  03:30:00,97.39759022910212,0.0
 09/27  03:45:00,137.2537373099542,0.0
 09/27  04:00:00,90.98,0.0
 09/27  04:15:00,115.80520732268808,0.0
 09/27  04:30:00,97.39167925944837,0.0
 09/27  04:45:00,60.313333333333325,0.0
 09/27  05:00:00,143.40551764711824,0.0
 09/27  05:15:00,158.99413054832843,0.0
 09/27  05:30:00,377.3826504488377,0.0
 09/27  05:45:00,90.98,0.0
 09/27  06:00:00,143.4019005004198,0.0
 09/27  06:15:00,143.3902930677413,0.0
 09/27  06:30:00,90.98,0.0
 09/27  06:45:00,97.40880916224208,11.231398172908332
 09/27  07:00:00,97.39740804029904,20.65987013962551
 09/27  07:15:00,131.11886893028017,34.47827328712612
 09/27  07:30:00,90.98,47.352324090682394
 09/27  07:45:00,1558.956624762126,78.24434812362394
 09/27  08:00:00,2251.876653377404,118.2517151297616
 09/27  08:15:00,974.8900756570422,159.98620759626863
 09/27  08:30:00,799.304777732367,206.88716846972318
 09/27  08:45:00,779.1697002963546,246.41363877434011
 09/27  09:00:00,1539.5890046259542,288.3600054891998
 09/27  09:15:00,605.477395782774,344.1392750997951
 09/27  09:30:00,618.5889833002825,392.6755802601616
 09/27  09:45:00,566.8340492871473,422.13018197979784
 09/27  10:00:00,494.376328203261,450.5794636434443
 09/27  10:15:00,7904.823820238428,476.1390218015003
 09/27  10:30:00,1890.1907221296487,487.47590034599443
 09/27  10:45:00,1144.8077099571965,528.0531052389919
 09/27  11:00:00,823.9211921566556,554.2637475629576
 09/27  11:15:00,51.11333333333332,583.0217570712941
 09/27  11:30:00,97.33638833419975,610.8072488726052
 09/27  11:45:00,72.57999999999998,606.0991840790983
 09/27  12:00:00,143.333954526409,599.5403129630946
 09/27  12:15:00,75.64666666666666,588.4586155930158
 09/27  12:30:00,97.33079732457338,559.4666854870825
 09/27  12:45:00,48.04666666666666,535.6366744321889
 09/27  13:00:00,143.3263791983852,510.29444010926375
 09/27  13:15:00,90.98,485.56314928637124
 09/27  13:30:00,106.5285472049332,443.5699725008294
 09/27  13:45:00,44.97999999999999,414.0012035739319
 09/27  14:00:00,121.864516758223,383.69304133959463
 09/27  14:15:00,90.98,353.00095109117444
 09/27  14:30:00,131.06761995216598,322.5242054532187
 09/27  14:45:00,44.97999999999999,270.99646788596823
 09/27  15:00:00,97.33785400604091,235.73622974207944
 09/27  15:15:00,1090.1353809327125,201.16771571782957
 09/27  15:30:00,719.8183716551764,168.26967036393302
 09/27  15:45:00,397.3077147375145,138.42010091764567
 09/27  16:00:00,415.4370396619201,120.30631327104662
 09/27  16:15:00,7933.493913352911,102.76078317678126
 09/27  16:30:00,1974.8061950292652,85.79897057462438
 09/27  16:45:00,1189.5318712812548,73.55344889850846
 09/27  17:00:00,1124.533167863534,61.482155708449206
 09/27  17:15:00,790.4026575940193,49.68020855406301
 09/27  17:30:00,2175.501662123429,38.076781353255846
 09/27  17:45:00,2007.892183816951,29.24777631095417
 09/27  18:00:00,2040.670125601984,20.386874380851026
 09/27  18:15:00,980.2030655948998,11.45934561653658
 09/27  18:30:00,859.1843909505199,0.0
 09/27  18:45:00,590.1713583774751,0.0
 09/27  19:00:00,448.5735856096687,0.0
 09/27  19:15:00,301.3054432713036,0.0
 09/27  19:30:00,366.33605432799015,0.0
 09/27  19:45:00,417.79023533382446,0.0
 09/27  20:00:00,468.19824721667504,0.0
 09/27  20:15:00,463.9022393729963,0.0
 09/27  20:30:00,426.41348362287647,0.0
 09/27  20:45:00,437.1512011942704,0.0
 09/27  21:00:00,486.4310535635191,0.0
 09/27  21:15:00,498.259251555972,0.0
 09/27  21:30:00,470.0007917270182,0.0
 09/27  21:45:00,457.83481113407606,0.0
 09/27  22:00:00,483.0565102613316,0.0
 09/27  22:15:00,292.31333333333333,0.0
 09/27  22:30:00,140.3235763279945,0.0
 09/27  22:45:00,44.97999999999999,0.0
 09/27  23:00:00,97.39253918721138,0.0
 09/27  23:15:00,1918.765310502388,0.0
 09/27  23:30:00,964.680125333334,0.0
 09/27  23:45:00,194.39533209585608,0.0
 09/27  24:00:00,182.1240236168611,0.0
 09/28  00:15:00,100.34121066666664,0.0
 09/28  00:30:00,143.39047303016454,0.0
 09/28  00:45:00,134.17571873360265,0.0
 09/28  01:00:00,44.97999999999999,0.0
 09/28  01:15:00,97.387866685941,0.0
 09/28  01:30:00,140.30693172186582,0.0
 09/28  01:45:00,90.98,0.0
 09/28  02:00:00,112.71970438599143,0.0
 09/28  02:15:00,97.3724100707207,0.0
 09/28  02:30:00,63.38,0.0
 09/28  02:45:00,143.3860040581434,0.0
 09/28  03:00:00,137.23880055723305,0.0
 09/28  03:15:00,44.97999999999999,0.0
 09/28  03:30:00,97.38670181274593,0.0
 09/28  03:45:00,137.24001367439058,0.0
 09/28  04:00:00,90.98,0.0
 09/28  04:15:00,115.78772660869755,0.0
 09/28  04:30:00,97.37384877522624,0.0
 09/28  04:45:00,60.313333333333325,0.0
 09/28  05:00:00,143.387635450676,0.0
 09/28  05:15:00,158.97409322381245,0.0
 09/28  05:30:00,324.97999999999985,0.0
 09/28  05:45:00,143.38867446624045,0.0
 09/28  06:00:00,143.3752512507866,0.0
 09/28  06:15:00,90.98,0.0
 09/28  06:30:00,143.3893508428979,0.0
 09/28  06:45:00,97.37563607003428,3.06679511468724
 09/28  07:00:00,44.97999999999999,5.368359110848402
 09/28  07:15:00,131.12289221114736,7.38424065360415
 09/28  07:30:00,1463.1202636506478,9.60163320224076
 09/28  07:45:00,1073.1323223579284,15.721604852322313
 09/28  08:00:00,1824.8916853340247,21.84751086649902
 09/28  08:15:00,766.4688953750749,27.971158917830003
 09/28  08:30:00,761.4356164699693,34.09722195175186
 09/28  08:45:00,1528.889075562755,50.95576356185002
 09/28  09:00:00,779.2856055658608,68.83125915803024
 09/28  09:15:00,656.7766484959377,86.99044070212409
 09/28  09:30:00,726.6999188083148,105.40626451429824
 09/28  09:45:00,736.4593265413624,115.58170287499941
 09/28  10:00:00,702.3322557375882,125.95756600527862
 09/28  10:15:00,672.7963565638605,136.50210265346047
 09/28  10:30:00,674.3603312341072,147.19484751134436
 09/28  10:45:00,699.0319627192326,172.50878918539465
 09/28  11:00:00,672.6833844493062,198.29092460389472
 09/28  11:15:00,796.4700211968573,224.45649421584628
 09/28  11:30:00,577.7539392844028,271.41289582884895
 09/28  11:45:00,630.1395940177724,274.2314122325755
 09/28  12:00:00,573.3587278508644,277.6789791011615
 09/28  12:15:00,661.8141407294985,281.33662194421134
 09/28  12:30:00,282.4703571598749,284.9635908460761
 09/28  12:45:00,489.514382407633,304.9361240123157
 09/28  13:00:00,319.9191286147926,324.3988494246596
 09/28  13:15:00,322.8045052493643,343.09533418061494
 09/28  13:30:00,253.80170478345215,378.20312256596895
 09/28  13:45:00,215.35085987037317,399.7467584525609
 09/28  14:00:00,142.98594853689593,419.32768068541765
 09/28  14:15:00,163.86313331037223,452.5720652176232
 09/28  14:30:00,151.06912633084588,465.8028602015456
 09/28  14:45:00,64.98,421.38006083017893
 09/28  15:00:00,117.33501554754407,378.9144106704265
 09/28  15:15:00,524.98,324.2790096821322
 09/28  15:30:00,577.3472101764719,285.48443326189266
 09/28  15:45:00,187.64666666666668,242.30542946264129
 09/28  16:00:00,117.33770290744226,201.4171582853887
 09/28  16:15:00,227.6100695434193,154.30746760646275
 09/28  16:30:00,7948.968919406541,120.01661570355527
 09/28  16:45:00,1354.2736736707466,95.59651749559015
 09/28  17:00:00,1189.9320159808071,72.57492590876808
 09/28  17:15:00,873.3739596085966,48.416775639515585
 09/28  17:30:00,855.4934722699388,29.918998636076584
 09/28  17:45:00,2694.294792064164,22.927389814784313
 09/28  18:00:00,2270.4426583522127,15.966587654874168
 09/28  18:15:00,1305.4145057555695,9.073759516163008
 09/28  18:30:00,1176.017656508919,0.0
 09/28  18:45:00,784.1725751767428,0.0
 09/28  19:00:00,612.5120786825518,0.0
 09/28  19:15:00,8038.022613112338,0.0
 09/28  19:30:00,1749.279821953261,0.0
 09/28  19:45:00,1201.0404136413893,0.0
 09/28  20:00:00,1120.9655532351685,0.0
 09/28  20:15:00,995.9015690247628,0.0
 09/28  20:30:00,873.0391132910285,0.0
 09/28  20:45:00,825.2390675366461,0.0
 09/28  21:00:00,825.2981416734284,0.0
 09/28  21:15:00,794.5709908179815,0.0
 09/28  21:30:00,728.7747163987115,0.0
 09/28  21:45:00,688.8773931646837,0.0
 09/28  22:00:00,692.5443610827414,0.0
 09/28  22:15:00,1635.311080859989,0.0
 09/28  22:30:00,87.91333333333333,0.0
 09/28  22:45:00,97.39136610619336,0.0
 09/28  23:00:00,44.97999999999999,0.0
 09/28  23:15:00,2003.566212176142,0.0
 09/28  23:30:00,1886.061762875661,0.0
 09/28  23:45:00,154.9392966666665,0.0
 09/28  24:00:00,195.081563365562,0.0
 09/29  00:15:00,216.5354476356099,0.0
 09/29  00:30:00,188.67263000000003,0.0
 09/29  00:45:00,231.8849294422465,0.0
 09/29  01:00:00,195.07264032664287,0.0
 09/29  01:15:00,71.031368,0.0
 09/29  01:30:00,140.32413258774585,0.0
 09/29  01:45:00,143.37529802755526,0.0
 09/29  02:00:00,60.313333333333325,0.0
 09/29  02:15:00,97.38807347536726,0.0
 09/29  02:30:00,115.7754085532456,0.0
 09/29  02:45:00,90.98,0.0
 09/29  03:00:00,137.25861939785273,0.0
 09/29  03:15:00,97.37946730885896,0.0
 09/29  03:30:00,44.97999999999999,0.0
 09/29  03:45:00,137.2629450977242,0.0
 09/29  04:00:00,143.3842194297398,0.0
 09/29  04:15:00,63.38,0.0
 09/29  04:30:00,97.40111115100687,0.0
 09/29  04:45:00,112.72241496063756,0.0
 09/29  05:00:00,92.4186520414996,0.0
 09/29  05:15:00,157.56576202407643,0.0
 09/29  05:30:00,377.3944614724888,0.0
 09/29  05:45:00,143.38246319390143,0.0
 09/29  06:00:00,90.98,0.0
 09/29  06:15:00,143.39720184855054,0.0
 09/29  06:30:00,143.38191568022987,0.0
 09/29  06:45:00,44.97999999999999,0.0
 09/29  07:00:00,97.39197131898275,18.43361870841329
 09/29  07:15:00,131.11187352072102,30.913204735624443
 09/29  07:30:00,1178.2146757434657,42.761041330592064
 09/29  07:45:00,986.8412512199842,73.24074401191197
 09/29  08:00:00,1688.215994286995,107.65121351185218
 09/29  08:15:00,702.4714955776043,154.4867916202194
 09/29  08:30:00,689.0912072992672,201.65869112917977
 09/29  08:45:00,1511.6685838128546,242.0976648439761
 09/29  09:00:00,667.2499916570332,285.37990725190275
 09/29  09:15:00,599.6842681944557,341.05913518949455
 09/29  09:30:00,628.0383842560263,388.61496071298325
 09/29  09:45:00,599.2844366721163,426.7389935380324
 09/29  10:00:00,530.6686390918271,465.43343445636776
 09/29  10:15:00,463.1100261589952,507.2431275510022
 09/29  10:30:00,423.0095401778062,556.2298858013834
 09/29  10:45:00,416.8450115015038,583.9463855259552
 09/29  11:00:00,364.56913956935966,610.890191289982
 09/29  11:15:00,744.5005137126652,633.2144703817964
 09/29  11:30:00,227.4776420575193,653.1744197777141
 09/29  11:45:00,499.1058059289224,650.7067671670594
 09/29  12:00:00,425.7468266530456,645.946804505233
 09/29  12:15:00,95.64666666666666,632.4995770994174
 09/29  12:30:00,117.3307728449228,624.3496469896427
 09/29  12:45:00,68.04666666666667,600.7977751561986
 09/29  13:00:00,163.3202439115584,575.8939694601369
 09/29  13:15:00,110.98000000000002,556.4956599042454
 09/29  13:30:00,126.52004453202022,520.0113287996518
 09/29  13:45:00,64.98,508.2023706913569
 09/29  14:00:00,141.85301930681794,493.49368337273876
 09/29  14:15:00,110.98000000000002,475.44181512645287
 09/29  14:30:00,151.05000871933322,456.27159966408294
 09/29  14:45:00,64.98,437.93460573466587
 09/29  15:00:00,117.3129522741969,418.0770582645514
 09/29  15:15:00,524.98,411.78658239619784
 09/29  15:30:00,577.3269966989587,389.21655031829243
 09/29  15:45:00,187.64666666666668,350.9874477901636
 09/29  16:00:00,117.33213520187904,313.10752983668084
 09/29  16:15:00,86.44666666666667,275.2893459379601
 09/29  16:30:00,7927.031471291399,237.96561900646185
 09/29  16:45:00,350.43364423168805,172.5649429346155
 09/29  17:00:00,350.5226245681316,123.77260078318601
 09/29  17:15:00,110.98000000000002,76.91321123772192
 09/29  17:30:00,163.33141539448224,38.360813823514015
 09/29  17:45:00,1985.4465482938915,28.896788245335486
 09/29  18:00:00,1972.150675644228,19.602979858818923
 09/29  18:15:00,657.6466666666668,10.854433220538498
 09/29  18:30:00,1107.0238286681597,0.0
 09/29  18:45:00,405.92277292335336,0.0
 09/29  19:00:00,224.98,0.0
 09/29  19:15:00,8080.066192696788,0.0
 09/29  19:30:00,783.0267157122054,0.0
 09/29  19:45:00,303.7670699458034,0.0
 09/29  20:00:00,278.98,0.0
 09/29  20:15:00,325.2517866849778,0.0
 09/29  20:30:00,285.3715261811124,0.0
 09/29  20:45:00,232.98,0.0
 09/29  21:00:00,325.25270516231893,0.0
 09/29  21:15:00,331.3715268945587,0.0
 09/29  21:30:00,251.38,0.0
 09/29  21:45:00,285.3838796139214,0.0
 09/29  22:00:00,300.7025604145307,0.0
 09/29  22:15:00,4405.060366261892,0.0
 09/29  22:30:00,87.91333333333333,0.0
 09/29  22:45:00,97.39110406582591,0.0
 09/29  23:00:00,44.97999999999999,0.0
 09/29  23:15:00,188.74312460999084,0.0
 09/29  23:30:00,982.5901775959694,0.0
 09/29  23:45:00,154.98304922089144,0.0
 09/29  24:00:00,90.32598,0.0
 09/30  00:15:00,164.19888752873717,0.0
 09/30  00:30:00,188.71981369936387,0.0
 09/30  00:45:00,127.12598,0.0
 09/30  01:00:00,142.7372127461665,0.0
 09/30  01:15:00,1068.9130453073226,0.0
 09/30  01:30:00,1324.0463253333337,0.0
 09/30  01:45:00,188.748812266752,0.0
 09/30  02:00:00,158.0786036587031,0.0
 09/30  02:15:00,78.23371866666666,0.0
 09/30  02:30:00,115.79573907662342,0.0
 09/30  02:45:00,143.38267287183697,0.0
 09/30  03:00:00,84.84666666666666,0.0
 09/30  03:15:00,97.39798314076758,0.0
 09/30  03:30:00,97.38495586272909,0.0
 09/30  03:45:00,84.84666666666666,0.0
 09/30  04:00:00,143.40021653844275,0.0
 09/30  04:15:00,115.78655309606484,0.0
 09/30  04:30:00,44.97999999999999,0.0
 09/30  04:45:00,112.7335136878248,0.0
 09/30  05:00:00,143.386318305123,0.0
 09/30  05:15:00,158.97214139761098,0.0
 09/30  05:30:00,324.97999999999985,0.0
 09/30  05:45:00,143.38539055800902,0.0
 09/30  06:00:00,143.3709944785043,0.0
 09/30  06:15:00,90.98,0.0
 09/30  06:30:00,143.38589484939138,0.0
 09/30  06:45:00,97.37252019487312,0.0
 09/30  07:00:00,44.97999999999999,4.607061881212126
 09/30  07:15:00,131.12064211149877,6.659466077081259
 09/30  07:30:00,143.37369005065597,8.880753991816201
 09/30  07:45:00,1790.828249472503,14.824499900750949
 09/30  08:00:00,2198.645422809566,20.770719254864645
 09/30  08:15:00,716.381211905036,26.707257656913697
 09/30  08:30:00,610.0440322922092,32.64188882044547
 09/30  08:45:00,577.8449071898193,49.06731965041196
 09/30  09:00:00,1377.0225281390162,66.56326349499672
 09/30  09:15:00,403.088080220546,84.4244008013324
 09/30  09:30:00,554.4687654510548,102.5840184912464
 09/30  09:45:00,542.7135105471397,97.2255690790119
 09/30  10:00:00,544.5829386788515,92.36051178803778
 09/30  10:15:00,7906.244814076231,87.68863935428124
 09/30  10:30:00,2367.6604258190414,83.21479204775167
 09/30  10:45:00,1516.1886608682862,87.11605939219412
 09/30  11:00:00,1179.532076971125,90.94173890977657
 09/30  11:15:00,51.11333333333332,94.8478399415635
 09/30  11:30:00,97.3811500996045,98.7857213607311
 09/30  11:45:00,72.57999999999998,100.04855666442502
 09/30  12:00:00,143.39325234202204,101.36501570650915
 09/30  12:15:00,128.0447060499363,102.77697336390231
 09/30  12:30:00,44.97999999999999,104.19944576122762
 09/30  12:45:00,100.45493701130144,102.93009297590436
 09/30  13:00:00,143.372620411444,101.69633840336375
 09/30  13:15:00,90.98,100.5235395593324
 09/30  13:30:00,106.58456728187991,99.37161464724953
 09/30  13:45:00,97.36990899898576,95.54863102747659
 09/30  14:00:00,69.51333333333332,91.76874745975437
 09/30  14:15:00,143.38224253317398,88.02734641583606
 09/30  14:30:00,131.10123878440794,84.31094533141254
 09/30  14:45:00,44.97999999999999,78.36707936024146
 09/30  15:00:00,97.38082115097228,72.47128394254254
 09/30  15:15:00,2338.1822099933656,66.60979093096533
 09/30  15:30:00,1240.7528340499025,60.78589900642932
 09/30  15:45:00,892.0618704043486,53.91773910882668
 09/30  16:00:00,719.5189681399986,47.27038623011319
 09/30  16:15:00,7930.419175883419,40.62826906331904
 09/30  16:30:00,3070.7943190171213,33.9798848274678
 09/30  16:45:00,1790.21149489472,27.88338159478485
 09/30  17:00:00,1502.667465815211,21.78345494151998
 09/30  17:15:00,1081.6227796269898,15.70207877152058
 09/30  17:30:00,1571.3359180209054,9.60770655132158
 09/30  17:45:00,2471.107994355487,7.398656325403876
 09/30  18:00:00,2717.739247270303,5.183825493123945
 09/30  18:15:00,1571.6341479386788,3.084378732445561
 09/30  18:30:00,1354.4990605461794,0.0
 09/30  18:45:00,929.8997630768074,0.0
 09/30  19:00:00,835.502580169101,0.0
 09/30  19:15:00,750.1387733376075,0.0
 09/30  19:30:00,772.3713072170937,0.0
 09/30  19:45:00,807.6300633776422,0.0
 09/30  20:00:00,849.0067954550367,0.0
 09/30  20:15:00,846.3813056159349,0.0
 09/30  20:30:00,808.7721977055124,0.0
 09/30  20:45:00,820.1432093643922,0.0
 09/30  21:00:00,870.1307830434564,0.0
 09/30  21:15:00,882.7491278544976,0.0
 09/30  21:30:00,854.806754849627,0.0
 09/30  21:45:00,843.8070463881191,0.0
 09/30  22:00:00,868.0800247364646,0.0
 09/30  22:15:00,292.31333333333333,0.0
 09/30  22:30:00,140.33859052323442,0.0
 09/30  22:45:00,97.3940535996952,0.0
 09/30  23:00:00,44.97999999999999,0.0
 09/30  23:15:00,143.41334327477784,0.0
 09/30  23:30:00,143.40235046673405,0.0
 09/30  23:45:00,109.65790461914638,0.0
 09/30  24:00:00,44.97999999999999,0.0
 10/01  00:15:00,118.87727372653266,0.0
 10/01  00:30:00,143.39934185907964,0.0
 10/01  00:45:00,81.78,0.0
 10/01  01:00:00,97.41821806281214,0.0
 10/01  01:15:00,97.40705866129574,0.0
 10/01  01:30:00,140.3290774754334,0.0
 10/01  01:45:00,90.98,0.0
 10/01  02:00:00,112.74804376133238,0.0
 10/01  02:15:00,97.40333327962348,0.0
 10/01  02:30:00,115.79178085577246,0.0
 10/01  02:45:00,90.98,0.0
 10/01  03:00:00,137.27706875098244,0.0
 10/01  03:15:00,97.39889592623004,0.0
 10/01  03:30:00,44.97999999999999,0.0
 10/01  03:45:00,137.2838765697923,0.0
 10/01  04:00:00,143.40574802672555,0.0
 10/01  04:15:00,115.7941069493232,0.0
 10/01  04:30:00,44.97999999999999,0.0
 10/01  04:45:00,112.74569992561732,0.0
 10/01  05:00:00,143.40076760751543,0.0
 10/01  05:15:00,158.9889856505469,0.0
 10/01  05:30:00,324.97999999999985,0.0
 10/01  05:45:00,143.4071938531816,0.0
 10/01  06:00:00,143.3954518500637,0.0
 10/01  06:15:00,90.98,0.0
 10/01  06:30:00,143.413018429583,0.0
 10/01  06:45:00,97.40110620116272,0.0
 10/01  07:00:00,97.38898553554722,7.350780232057826
 10/01  07:15:00,78.71333333333334,10.28012490699449
 10/01  07:30:00,143.40672072519516,13.446981789350502
 10/01  07:45:00,1252.9032777320854,18.118638317136565
 10/01  08:00:00,2126.992666147017,22.78893969658679
 10/01  08:15:00,945.5020031241944,27.46622529032433
 10/01  08:30:00,928.7476769210116,32.1463759201609
 10/01  08:45:00,923.6622481596892,39.084349739630824
 10/01  09:00:00,2150.336045883652,46.019341765072184
 10/01  09:15:00,1445.969901285117,53.0392729327162
 10/01  09:30:00,1332.3685653971102,60.30697220275755
 10/01  09:45:00,1316.5863536813845,66.16107213362994
 10/01  10:00:00,1273.7178156800917,72.04750548306257
 10/01  10:15:00,7943.500535931944,77.96913669463612
 10/01  10:30:00,4168.841187427615,83.9368608489445
 10/01  10:45:00,1928.9972102302208,87.64222878297788
 10/01  11:00:00,1509.4218322425274,91.39395691072292
 10/01  11:15:00,51.11333333333332,95.11122185663956
 10/01  11:30:00,97.40254947817928,98.85006322198876
 10/01  11:45:00,124.97834696959498,100.08930201063473
 10/01  12:00:00,90.98,101.36574378108595
 10/01  12:15:00,128.05746198595483,102.70350213192961
 10/01  12:30:00,97.37639529349664,104.06306463092152
 10/01  12:45:00,48.04666666666666,102.72028078995943
 10/01  13:00:00,143.38884132827738,101.42226532889029
 10/01  13:15:00,143.37309285722364,100.12142064912072
 10/01  13:30:00,54.17999999999999,98.84590853964453
 10/01  13:45:00,97.3824402830638,94.69166169012306
 10/01  14:00:00,121.8993074272519,90.59879391702113
 10/01  14:15:00,90.98,86.60298593375138
 10/01  14:30:00,131.1101171656266,82.6418946257456
 10/01  14:45:00,97.36122278185594,76.8731970837201
 10/01  15:00:00,44.97999999999999,71.15876450594111
 10/01  15:15:00,2270.337617287408,65.50464673465932
 10/01  15:30:00,1898.0107311401716,59.882249844627296
 10/01  15:45:00,1392.6555998024828,53.03101500455811
 10/01  16:00:00,1318.3923963815348,46.38647416184838
 10/01  16:15:00,7964.967170570007,39.75282920461693
 10/01  16:30:00,4644.499327558104,33.11861422274356
 10/01  16:45:00,1898.989707883273,27.038637797305604
 10/01  17:00:00,1750.1498754173283,20.95857544037922
 10/01  17:15:00,1399.7252795620009,14.884835158363959
 10/01  17:30:00,1997.3522203683776,8.813806416534181
 10/01  17:45:00,2978.963351609242,6.6121324083499005
 10/01  18:00:00,3160.340581402199,4.408290636684798
 10/01  18:15:00,2024.858490755454,2.2939444810613487
 10/01  18:30:00,1725.2269511403092,0.0
 10/01  18:45:00,1431.3864203946823,0.0
 10/01  19:00:00,1334.2095534265154,0.0
 10/01  19:15:00,1256.37167863099,0.0
 10/01  19:30:00,1275.728003037821,0.0
 10/01  19:45:00,1305.5583479284142,0.0
 10/01  20:00:00,1338.2336038438038,0.0
 10/01  20:15:00,1332.1827852780043,0.0
 10/01  20:30:00,1291.1525509722762,0.0
 10/01  20:45:00,1300.8526721744524,0.0
 10/01  21:00:00,1347.906280436126,0.0
 10/01  21:15:00,1352.7827149835357,0.0
 10/01  21:30:00,1318.1273845753983,0.0
 10/01  21:45:00,1301.6785499063442,0.0
 10/01  22:00:00,1321.0514422944518,0.0
 10/01  22:15:00,292.3133333333333,0.0
 10/01  22:30:00,140.32363791492784,0.0
 10/01  22:45:00,44.97999999999999,0.0
 10/01  23:00:00,97.39380991034312,0.0
 10/01  23:15:00,1105.10791498955,0.0
 10/01  23:30:00,150.66845999999998,0.0
 10/01  23:45:00,169.34474757225803,0.0
 10/01  24:00:00,157.06274903435337,0.0
 10/02  00:15:00,70.42589733333332,0.0
 10/02  00:30:00,143.38654194437555,0.0
 10/02  00:45:00,134.17205318304931,0.0
 10/02  01:00:00,44.97999999999999,0.0
 10/02  01:15:00,97.38451629800348,0.0
 10/02  01:30:00,140.30350404779776,0.0
 10/02  01:45:00,90.98,0.0
 10/02  02:00:00,112.71627495117296,0.0
 10/02  02:15:00,97.36861259052908,0.0
 10/02  02:30:00,63.38,0.0
 10/02  02:45:00,143.38153981118205,0.0
 10/02  03:00:00,137.23389805070337,0.0
 10/02  03:15:00,44.97999999999999,0.0
 10/02  03:30:00,97.37852718992364,0.0
 10/02  03:45:00,137.22986596188304,0.0
 10/02  04:00:00,90.98,0.0
 10/02  04:15:00,115.77456589650944,0.0
 10/02  04:30:00,44.97999999999999,0.0
 10/02  04:45:00,112.71941173547776,0.0
 10/02  05:00:00,143.3712351984391,0.0
 10/02  05:15:00,106.58,0.0
 10/02  05:30:00,377.3833958260712,0.0
 10/02  05:45:00,143.3688568765477,0.0
 10/02  06:00:00,90.98,0.0
 10/02  06:15:00,143.38084943924088,0.0
 10/02  06:30:00,143.36592856134388,0.0
 10/02  06:45:00,44.97999999999999,0.0
 10/02  07:00:00,97.37755545510149,3.812765029663222
 10/02  07:15:00,131.09618738533,5.504468814564946
 10/02  07:30:00,90.98,7.340930556927072
 10/02  07:45:00,1335.4942215659491,13.239972491037046
 10/02  08:00:00,2337.491943893185,19.147283090116144
 10/02  08:15:00,1193.589632732758,25.050635318737843
 10/02  08:30:00,1126.800458353659,30.954641094497575
 10/02  08:45:00,1121.3367307619142,46.858456616837
 10/02  09:00:00,2300.9749253505524,63.91998993117134
 10/02  09:15:00,1818.5987119558567,81.30879184507796
 10/02  09:30:00,1649.458681075091,98.9745799902907
 10/02  09:45:00,1527.3304291395082,149.85841096202296
 10/02  10:00:00,1470.471665201858,195.17249834455384
 10/02  10:15:00,7943.501109723951,242.51045768207882
 10/02  10:30:00,4873.523202463927,305.7633536473376
 10/02  10:45:00,1737.6565579763792,265.309122295123
 10/02  11:00:00,1546.2006089609372,238.92853150869
 10/02  11:15:00,51.11333333333332,211.3775007183526
 10/02  11:30:00,97.36465798392231,167.70051292601
 10/02  11:45:00,72.57999999999998,229.0946517551728
 10/02  12:00:00,143.3631942000688,275.42312753034565
 10/02  12:15:00,75.64666666666666,321.9416034997333
 10/02  12:30:00,97.3652644727263,386.2954302548114
 10/02  12:45:00,100.4120129784811,433.44424628898264
 10/02  13:00:00,90.98,497.31216317897554
 10/02  13:15:00,143.3466762005577,540.53525285167
 10/02  13:30:00,54.17999999999999,581.1196358240599
 10/02  13:45:00,97.3480610916014,513.8271304650655
 10/02  14:00:00,69.51333333333332,449.07217335826493
 10/02  14:15:00,143.351324414245,369.3720066130009
 10/02  14:30:00,131.06707608433618,308.4344379457537
 10/02  14:45:00,44.97999999999999,300.5427048359654
 10/02  15:00:00,97.34021017909868,291.0813102657797
 10/02  15:15:00,1837.2237646636595,280.6748552230428
 10/02  15:30:00,1487.596135543272,269.1488456408299
 10/02  15:45:00,1085.913207674327,251.3574767611729
 10/02  16:00:00,979.0708493924838,232.20696584349798
 10/02  16:15:00,7943.421940360691,221.26452011402532
 10/02  16:30:00,3863.0369227603896,198.01725970036807
 10/02  16:45:00,1962.47624218948,151.5701814997378
 10/02  17:00:00,1624.592390174416,103.59556003267622
 10/02  17:15:00,1228.0209639396962,68.58809398303272
 10/02  17:30:00,1846.173817951435,35.527626916133734
 10/02  17:45:00,2718.7225288354844,26.423625577693162
 10/02  18:00:00,2823.6021473164315,16.317956784482806
 10/02  18:15:00,1702.7551232079472,8.454599126757504
 10/02  18:30:00,1526.922085823439,0.0
 10/02  18:45:00,1198.141427778477,0.0
 10/02  19:00:00,1118.7804714677732,0.0
 10/02  19:15:00,1038.0063703799856,0.0
 10/02  19:30:00,1043.837771995211,0.0
 10/02  19:45:00,1068.7190793797597,0.0
 10/02  20:00:00,1095.4911388461796,0.0
 10/02  20:15:00,1082.8752264060604,0.0
 10/02  20:30:00,1036.3108807305323,0.0
 10/02  20:45:00,1040.358994470454,0.0
 10/02  21:00:00,1080.4897958383629,0.0
 10/02  21:15:00,1083.7355075567991,0.0
 10/02  21:30:00,1051.8121503687355,0.0
 10/02  21:45:00,1030.7699515992445,0.0
 10/02  22:00:00,1052.7604201479207,0.0
 10/02  22:15:00,292.3133333333333,0.0
 10/02  22:30:00,140.30454758180247,0.0
 10/02  22:45:00,44.97999999999999,0.0
 10/02  23:00:00,97.37192251645033,0.0
 10/02  23:15:00,143.35562920076066,0.0
 10/02  23:30:00,90.98,0.0
 10/02  23:45:00,109.63104132235642,0.0
 10/02  24:00:00,44.97999999999999,0.0
 10/03  00:15:00,118.84050034013929,0.0
 10/03  00:30:00,143.35853562403136,0.0
 10/03  00:45:00,81.78,0.0
 10/03  01:00:00,97.36946132969427,0.0
 10/03  01:15:00,44.97999999999999,0.0
 10/03  01:30:00,140.31138704736458,0.0
 10/03  01:45:00,143.36176938236093,0.0
 10/03  02:00:00,60.313333333333325,0.0
 10/03  02:15:00,97.37061254630754,0.0
 10/03  02:30:00,115.75456244606508,0.0
 10/03  02:45:00,90.98,0.0
 10/03  03:00:00,137.2306203555903,0.0
 10/03  03:15:00,44.97999999999999,0.0
 10/03  03:30:00,97.37356056361224,0.0
 10/03  03:45:00,137.22444788303534,0.0
 10/03  04:00:00,90.98,0.0
 10/03  04:15:00,115.76794338388277,0.0
 10/03  04:30:00,44.97999999999999,0.0
 10/03  04:45:00,112.7118268738073,0.0
 10/03  05:00:00,143.36333907191957,0.0
 10/03  05:15:00,106.58,0.0
 10/03  05:30:00,377.3729075393978,0.0
 10/03  05:45:00,143.3569632583268,0.0
 10/03  06:00:00,90.98,0.0
 10/03  06:15:00,143.3665064724988,0.0
 10/03  06:30:00,90.98,0.0
 10/03  06:45:00,97.37581715509044,0.0
 10/03  07:00:00,97.35986302536978,3.7934981328548534
 10/03  07:15:00,78.71333333333334,5.475779102172592
 10/03  07:30:00,143.36843807547547,7.2999218250206015
 10/03  07:45:00,1255.0068520765162,17.76447245324443
 10/03  08:00:00,2130.710982964026,28.248406503457048
 10/03  08:15:00,1001.4009918273588,39.44920072723019
 10/03  08:30:00,965.4676819848931,50.74153359616941
 10/03  08:45:00,956.9152013731648,96.49437575051729
 10/03  09:00:00,1980.5309163522827,152.18566715264245
 10/03  09:15:00,1391.5585908738108,203.96711895892648
 10/03  09:30:00,1131.9633359852378,259.1490572020218
 10/03  09:45:00,1114.8894695058266,297.7078532928051
 10/03  10:00:00,1023.6822034417088,351.6444793103977
 10/03  10:15:00,7921.779872854445,395.37644254458246
 10/03  10:30:00,3725.660101405191,440.616083653008
 10/03  10:45:00,1805.3183407602048,446.51155726017015
 10/03  11:00:00,1290.9189500382724,450.688135569528
 10/03  11:15:00,51.11333333333332,436.16602775137164
 10/03  11:30:00,97.3431870014566,435.9604047999452
 10/03  11:45:00,72.57999999999998,442.93028258064044
 10/03  12:00:00,143.33130872836566,449.053723376808
 10/03  12:15:00,75.64666666666666,454.65617732376126
 10/03  12:30:00,97.3282009167198,459.4661264462024
 10/03  12:45:00,48.04666666666666,435.55321682014693
 10/03  13:00:00,143.3239093691518,411.2662791207647
 10/03  13:15:00,90.98,387.576949703793
 10/03  13:30:00,106.52378450062378,363.3913127906666
 10/03  13:45:00,44.97999999999999,367.4857290761485
 10/03  14:00:00,121.85699290786746,370.30524472047364
 10/03  14:15:00,90.98,371.5607109018208
 10/03  14:30:00,131.05793677981768,371.50054401910734
 10/03  14:45:00,44.97999999999999,340.0573482569255
 10/03  15:00:00,97.32578281294246,309.7297753701407
 10/03  15:15:00,1668.3562153452754,280.4986858977101
 10/03  15:30:00,1040.9945579480109,241.29926470232385
 10/03  15:45:00,754.7389864046495,212.51702330097953
 10/03  16:00:00,599.8620246009058,184.06467576075858
 10/03  16:15:00,7929.279292224034,165.02565288122238
 10/03  16:30:00,2798.9963924923595,136.46721515911563
 10/03  16:45:00,1716.8118789786613,101.50258133557084
 10/03  17:00:00,1459.1189763993016,76.47121139905913
 10/03  17:15:00,1042.639517117473,53.64428520122398
 10/03  17:30:00,1751.4285030984215,31.180376349291294
 10/03  17:45:00,2368.9438117460218,23.274782684811672
 10/03  18:00:00,2355.4845994516936,15.331605787235373
 10/03  18:15:00,1234.0922525175738,0.0
 10/03  18:30:00,1071.6939476209543,0.0
 10/03  18:45:00,874.0295679591306,0.0
 10/03  19:00:00,781.2855247041948,0.0
 10/03  19:15:00,693.5699924308506,0.0
 10/03  19:30:00,704.1688411235513,0.0
 10/03  19:45:00,741.5718017624278,0.0
 10/03  20:00:00,775.3784980312062,0.0
 10/03  20:15:00,762.3208584900672,0.0
 10/03  20:30:00,716.4074427723239,0.0
 10/03  20:45:00,719.0909683296682,0.0
 10/03  21:00:00,758.8975457771652,0.0
 10/03  21:15:00,767.9358224593038,0.0
 10/03  21:30:00,738.8037505468354,0.0
 10/03  21:45:00,725.0015488917685,0.0
 10/03  22:00:00,748.3337897865325,0.0
 10/03  22:15:00,292.31333333333333,0.0
 10/03  22:30:00,140.3034999699623,0.0
 10/03  22:45:00,44.97999999999999,0.0
 10/03  23:00:00,97.3677052335858,0.0
 10/03  23:15:00,2014.8708944681616,0.0
 10/03  23:30:00,1253.5069333333329,0.0
 10/03  23:45:00,1555.7456097058678,0.0
 10/03  24:00:00,65.64239999999998,0.0
 10/04  00:15:00,118.84136878751887,0.0
 10/04  00:30:00,143.3584565684203,0.0
 10/04  00:45:00,81.78,0.0
 10/04  01:00:00,97.36713699235702,0.0
 10/04  01:15:00,44.97999999999999,0.0
 10/04  01:30:00,140.30805393866453,0.0
 10/04  01:45:00,143.35783442093032,0.0
 10/04  02:00:00,60.313333333333325,0.0
 10/04  02:15:00,97.36560856719083,0.0
 10/04  02:30:00,63.38,0.0
 10/04  02:45:00,143.37377578325703,0.0
 10/04  03:00:00,137.22400892131827,0.0
 10/04  03:15:00,44.97999999999999,0.0
 10/04  03:30:00,97.36621554452783,0.0
 10/04  03:45:00,137.21661168066333,0.0
 10/04  04:00:00,90.98,0.0
 10/04  04:15:00,115.75972224863632,0.0
 10/04  04:30:00,44.97999999999999,0.0
 10/04  04:45:00,112.7036955758835,0.0
 10/04  05:00:00,143.35513319154614,0.0
 10/04  05:15:00,106.58,0.0
 10/04  05:30:00,377.3639700758294,0.0
 10/04  05:45:00,90.98,0.0
 10/04  06:00:00,143.37250632921547,0.0
 10/04  06:15:00,143.35610263653345,0.0
 10/04  06:30:00,90.98,0.0
 10/04  06:45:00,97.36450640410844,0.0
 10/04  07:00:00,44.97999999999999,9.090287990072493
 10/04  07:15:00,131.10595438222697,13.55145845643733
 10/04  07:30:00,143.35606635662845,17.839976509166803
 10/04  07:45:00,1142.0684471347015,35.29963528040204
 10/04  08:00:00,1891.395539786104,53.30901856725044
 10/04  08:15:00,877.1702419130226,71.73827562899048
 10/04  08:30:00,715.144365494459,90.61457727401962
 10/04  08:45:00,713.9528317185748,102.2029895947694
 10/04  09:00:00,1584.8597266160468,113.94146112365064
 10/04  09:15:00,930.0459405785124,125.63594945120235
 10/04  09:30:00,893.9258395824952,137.39334509722426
 10/04  09:45:00,851.6318411290539,151.39802179859714
 10/04  10:00:00,798.429441131215,165.58196454087212
 10/04  10:15:00,7915.30060287072,180.06667545392406
 10/04  10:30:00,3301.10369817541,194.72250448191153
 10/04  10:45:00,1723.8518034402327,202.81368462699209
 10/04  11:00:00,1252.4295143222982,210.8410720290857
 10/04  11:15:00,51.11333333333332,218.79787585299115
 10/04  11:30:00,44.97999999999999,226.72735743958197
 10/04  11:45:00,124.9303585337102,230.61152398000328
 10/04  12:00:00,90.98,234.7655158547145
 10/04  12:15:00,127.99099541140993,239.57855055543237
 10/04  12:30:00,44.97999999999999,265.7725886349772
 10/04  12:45:00,100.38531699214916,284.95720198424004
 10/04  13:00:00,90.98,304.01573371418107
 10/04  13:15:00,143.31277025708954,322.4862689419747
 10/04  13:30:00,54.17999999999999,357.1586757377936
 10/04  13:45:00,97.30685037411962,323.4380132709018
 10/04  14:00:00,69.51333333333332,274.43890463283543
 10/04  14:15:00,143.30345845574826,243.1521713663926
 10/04  14:30:00,78.71333333333334,212.61388785426516
 10/04  14:45:00,44.97999999999999,195.74928617863648
 10/04  15:00:00,97.32457808332596,165.98681986259282
 10/04  15:15:00,1823.204365510744,150.6888288657227
 10/04  15:30:00,947.6689114485582,135.7417587087096
 10/04  15:45:00,816.7424786776968,123.6827401073087
 10/04  16:00:00,539.8301037107294,111.7271675885269
 10/04  16:15:00,7928.652491976754,100.0361745532202
 10/04  16:30:00,2609.577398297517,88.41722302582035
 10/04  16:45:00,1641.7032375539452,70.58577783717874
 10/04  17:00:00,1414.6413480293204,53.280005450992626
 10/04  17:15:00,1001.8790326006584,36.5481058416783
 10/04  17:30:00,1517.7961483308104,20.771806677014013
 10/04  17:45:00,2353.264320117529,15.778413470426916
 10/04  18:00:00,2268.876734894815,10.770528347930558
 10/04  18:15:00,1142.79441092574,0.0
 10/04  18:30:00,902.3227355782562,0.0
 10/04  18:45:00,802.1618064565555,0.0
 10/04  19:00:00,687.6444334596054,0.0
 10/04  19:15:00,599.7396036020689,0.0
 10/04  19:30:00,600.6438466274307,0.0
 10/04  19:45:00,626.1726860510895,0.0
 10/04  20:00:00,656.4563222265207,0.0
 10/04  20:15:00,646.2382357954323,0.0
 10/04  20:30:00,604.2519984427142,0.0
 10/04  20:45:00,610.3332645632846,0.0
 10/04  21:00:00,654.4967849916443,0.0
 10/04  21:15:00,659.4137400970503,0.0
 10/04  21:30:00,626.635891804481,0.0
 10/04  21:45:00,608.0716822090836,0.0
 10/04  22:00:00,626.8493018701868,0.0
 10/04  22:15:00,292.31333333333333,0.0
 10/04  22:30:00,140.27745673192766,0.0
 10/04  22:45:00,44.97999999999999,0.0
 10/04  23:00:00,97.33705338034191,0.0
 10/04  23:15:00,1866.353,0.0
 10/04  23:30:00,1017.0565954846032,0.0
 10/04  23:45:00,141.98302666666683,0.0
 10/04  24:00:00,182.09064001165623,0.0
 10/05  00:15:00,100.34121066666664,0.0
 10/05  00:30:00,143.36115614161224,0.0
 10/05  00:45:00,134.14420514648953,0.0
 10/05  01:00:00,44.97999999999999,0.0
 10/05  01:15:00,97.35183593377232,0.0
 10/05  01:30:00,87.91333333333333,0.0
 10/05  01:45:00,143.35994077217003,0.0
 10/05  02:00:00,112.67679171204549,0.0
 10/05  02:15:00,44.97999999999999,0.0
 10/05  02:30:00,115.75441776002216,0.0
 10/05  02:45:00,90.98,0.0
 10/05  03:00:00,137.23281933407836,0.0
 10/05  03:15:00,94.0846003640825,0.0
 10/05  03:30:00,48.2447974205304,0.0
 10/05  03:45:00,137.22689377971628,0.0
 10/05  04:00:00,90.98,0.0
 10/05  04:15:00,115.77081818080995,0.0
 10/05  04:30:00,97.3558157236702,0.0
 10/05  04:45:00,60.313333333333325,0.0
 10/05  05:00:00,143.36766433256787,0.0
 10/05  05:15:00,106.58,0.0
 10/05  05:30:00,377.3805426843157,0.0
 10/05  05:45:00,143.36664459955054,0.0
 10/05  06:00:00,90.98,0.0
 10/05  06:15:00,143.3810492967052,0.0
 10/05  06:30:00,143.36809147307298,0.0
 10/05  06:45:00,44.97999999999999,0.0
 10/05  07:00:00,97.38430150457862,12.608916989464086
 10/05  07:15:00,131.1029205588343,18.902254202050294
 10/05  07:30:00,1120.7106831274004,27.06269802071864
 10/05  07:45:00,921.828061414433,59.29958547758854
 10/05  08:00:00,1606.8548582468984,92.49243886323329
 10/05  08:15:00,660.6020179636645,138.34048849470742
 10/05  08:30:00,658.3861047349394,184.7634300898576
 10/05  08:45:00,1482.8809727404564,222.07419614797882
 10/05  09:00:00,695.288784339863,262.3125059247969
 10/05  09:15:00,748.91437949184,305.10118297578305
 10/05  09:30:00,750.2527019069383,350.00711705526425
 10/05  09:45:00,735.7853583996143,375.7936127295157
 10/05  10:00:00,686.6097760731438,399.91974383655065
 10/05  10:15:00,617.9269864641784,421.882285302085
 10/05  10:30:00,589.351598378392,442.12398965042894
 10/05  10:45:00,594.3501271631899,467.09240121149196
 10/05  11:00:00,552.5774148978721,491.8787445516471
 10/05  11:15:00,692.0862372256478,516.547315342617
 10/05  11:30:00,200.0356709819201,540.5984723513822
 10/05  11:45:00,546.7962916613259,547.7651339513435
 10/05  12:00:00,449.1684472782723,553.4326631668878
 10/05  12:15:00,464.17552813874846,557.3654159414529
 10/05  12:30:00,168.68897291005254,559.8037794671225
 10/05  12:45:00,237.20711006208583,555.1226480830484
 10/05  13:00:00,164.14907934457048,549.1596822923898
 10/05  13:15:00,163.53988058249658,541.4243819599203
 10/05  13:30:00,74.18,532.4183110669361
 10/05  13:45:00,117.34814296684738,516.2977873915806
 10/05  14:00:00,89.51333333333334,498.90799021773284
 10/05  14:15:00,163.3527063503683,481.22399653804496
 10/05  14:30:00,98.71333333333334,462.07691014338525
 10/05  14:45:00,117.35998896817595,429.44286821552606
 10/05  15:00:00,117.34321000940356,396.7048285563352
 10/05  15:15:00,524.98,363.71547043947066
 10/05  15:30:00,577.3623139460102,331.0290133531352
 10/05  15:45:00,187.64666666666668,293.16029524905997
 10/05  16:00:00,117.35793304757756,256.36285426347683
 10/05  16:15:00,86.44666666666667,220.78301444001
 10/05  16:30:00,7944.89169591837,186.74426896973375
 10/05  16:45:00,410.8563402948954,140.82480666534397
 10/05  17:00:00,567.3189571686095,93.52450841843103
 10/05  17:15:00,475.0796487733321,59.344040758663624
 10/05  17:30:00,728.2107302028692,25.408161695823562
 10/05  17:45:00,2512.838500999643,19.246709674572113
 10/05  18:00:00,2459.3386218878995,12.729470417770962
 10/05  18:15:00,1640.188054400086,0.0
 10/05  18:30:00,1341.7999263928575,0.0
 10/05  18:45:00,923.7727511632654,0.0
 10/05  19:00:00,638.8775792511725,0.0
 10/05  19:15:00,8085.834818674795,0.0
 10/05  19:30:00,1527.2419502674024,0.0
 10/05  19:45:00,1030.265279035533,0.0
 10/05  20:00:00,1005.6480180687112,0.0
 10/05  20:15:00,915.7259921519328,0.0
 10/05  20:30:00,818.1082673574455,0.0
 10/05  20:45:00,796.9274359650291,0.0
 10/05  21:00:00,816.0911961519814,0.0
 10/05  21:15:00,792.6669703124188,0.0
 10/05  21:30:00,726.5672373124708,0.0
 10/05  21:45:00,690.3000901334195,0.0
 10/05  22:00:00,695.5786512263214,0.0
 10/05  22:15:00,1751.5681450166503,0.0
 10/05  22:30:00,87.91333333333333,0.0
 10/05  22:45:00,97.3962045390226,0.0
 10/05  23:00:00,97.3742624879152,0.0
 10/05  23:15:00,1951.154,0.0
 10/05  23:30:00,1886.0759885175505,0.0
 10/05  23:45:00,207.36070838821377,0.0
 10/05  24:00:00,142.67263,0.0
 10/06  00:15:00,216.5556428080401,0.0
 10/06  00:30:00,241.07649363450872,0.0
 10/06  00:45:00,179.47263000000004,0.0
 10/06  01:00:00,195.0931774476757,0.0
 10/06  01:15:00,123.43977312692448,0.0
 10/06  01:30:00,87.91333333333333,0.0
 10/06  01:45:00,143.4056443270889,0.0
 10/06  02:00:00,112.72706996897897,0.0
 10/06  02:15:00,97.38168772923422,0.0
 10/06  02:30:00,63.38,0.0
 10/06  02:45:00,143.39959612196407,0.0
 10/06  03:00:00,137.25446177845197,0.0
 10/06  03:15:00,44.97999999999999,0.0
 10/06  03:30:00,97.4038073980728,0.0
 10/06  03:45:00,137.2576756462169,0.0
 10/06  04:00:00,90.98,0.0
 10/06  04:15:00,115.80655988141288,0.0
 10/06  04:30:00,97.39365411447255,0.0
 10/06  04:45:00,112.71382146304003,0.0
 10/06  05:00:00,90.98,0.0
 10/06  05:15:00,158.99711317861255,0.0
 10/06  05:30:00,377.3998626600825,0.0
 10/06  05:45:00,90.98,0.0
 10/06  06:00:00,143.40365633738986,0.0
 10/06  06:15:00,143.3912270930224,0.0
 10/06  06:30:00,90.98,0.0
 10/06  06:45:00,97.40765897194706,0.0
 10/06  07:00:00,97.39524261323456,10.394822542627988
 10/06  07:15:00,131.11628239198507,15.589513959902058
 10/06  07:30:00,1265.1481051508397,21.399819301264444
 10/06  07:45:00,931.3347089803184,33.39410892461206
 10/06  08:00:00,1673.9405030477114,45.027811891145156
 10/06  08:15:00,768.4893965498686,56.627929276805276
 10/06  08:30:00,659.2216557628411,68.26231889766312
 10/06  08:45:00,1798.4623378653932,102.07800161391512
 10/06  09:00:00,567.5086543178054,132.99012957131237
 10/06  09:15:00,692.2847923975542,166.09095910329134
 10/06  09:30:00,758.7995485669071,201.1927866054176
 10/06  09:45:00,749.4639479823347,260.2463835897443
 10/06  10:00:00,698.6255856069527,311.6066341338741
 10/06  10:15:00,632.1573654322076,365.5151722482138
 10/06  10:30:00,593.7254051319113,435.815259269735
 10/06  10:45:00,611.4115883352797,391.77787001875686
 10/06  11:00:00,600.2423679611592,360.1356182333625
 10/06  11:15:00,746.4756832556084,325.59075890392216
 10/06  11:30:00,457.982584267286,271.5358779834441
 10/06  11:45:00,555.3042770630765,312.45643671572236
 10/06  12:00:00,484.3858501317969,335.3649316623523
 10/06  12:15:00,712.5833499343717,358.3618912285733
 10/06  12:30:00,202.84228868466087,381.0521354248688
 10/06  12:45:00,480.0199951693441,373.26323442353447
 10/06  13:00:00,321.96866602184053,347.7302788819291
 10/06  13:15:00,334.42601708500194,340.55805129088225
 10/06  13:30:00,290.32705368779057,333.29783401532075
 10/06  13:45:00,290.9736077582829,285.04068717975855
 10/06  14:00:00,331.7610816314772,238.10054808140774
 10/06  14:15:00,367.7895580883097,192.27589317673986
 10/06  14:30:00,374.84433833179344,136.18156606855754
 10/06  14:45:00,349.2787571193831,136.79933875534346
 10/06  15:00:00,356.32851197535194,137.077621589936
 10/06  15:15:00,802.7504103816375,137.22099309856682
 10/06  15:30:00,738.9809713591878,147.75078243081495
 10/06  15:45:00,409.8309584046687,117.94765856101793
 10/06  16:00:00,341.77872805610707,99.42500953802698
 10/06  16:15:00,529.2248231009426,81.55386459683932
 10/06  16:30:00,7952.32062170437,64.43008770566018
 10/06  16:45:00,2454.704742680968,50.88010232832718
 10/06  17:00:00,1698.456901513743,37.46161527654615
 10/06  17:15:00,1177.3259696529108,24.553953933194144
 10/06  17:30:00,1029.7234584668845,12.43898130887137
 10/06  17:45:00,2804.6433310167213,9.342943318159755
 10/06  18:00:00,2602.165096689672,6.471525297862884
 10/06  18:15:00,1486.3094143500643,0.0
 10/06  18:30:00,1208.9187434794055,0.0
 10/06  18:45:00,870.4842668548298,0.0
 10/06  19:00:00,767.0755357738503,0.0
 10/06  19:15:00,8089.151412027475,0.0
 10/06  19:30:00,2469.586595480838,0.0
 10/06  19:45:00,1692.363518342815,0.0
 10/06  20:00:00,1411.254640616068,0.0
 10/06  20:15:00,1180.994666594656,0.0
 10/06  20:30:00,1000.3609765087284,0.0
 10/06  20:45:00,916.6151119302292,0.0
 10/06  21:00:00,896.1360149450044,0.0
 10/06  21:15:00,870.73890314528,0.0
 10/06  21:30:00,817.8617096118396,0.0
 10/06  21:45:00,791.6513103938371,0.0
 10/06  22:00:00,807.791875156902,0.0
 10/06  22:15:00,1317.8443903105908,0.0
 10/06  22:30:00,87.91333333333333,0.0
 10/06  22:45:00,97.40876763189,0.0
 10/06  23:00:00,97.39202292139328,0.0
 10/06  23:15:00,136.32598000000002,0.0
 10/06  23:30:00,982.6154481796702,0.0
 10/06  23:45:00,155.01319890964606,0.0
 10/06  24:00:00,142.7507209985961,0.0
 10/07  00:15:00,111.79264666666668,0.0
 10/07  00:30:00,188.7548110889925,0.0
 10/07  00:45:00,179.54365534854492,0.0
 10/07  01:00:00,90.32598,0.0
 10/07  01:15:00,1068.9295501026097,0.0
 10/07  01:30:00,1376.4800444878524,0.0
 10/07  01:45:00,188.75735989122555,0.0
 10/07  02:00:00,105.65931333333332,0.0
 10/07  02:15:00,130.66192010594315,0.0
 10/07  02:30:00,115.79582037035432,0.0
 10/07  02:45:00,90.98,0.0
 10/07  03:00:00,137.27881280639738,0.0
 10/07  03:15:00,97.39944352940844,0.0
 10/07  03:30:00,97.3864620990402,0.0
 10/07  03:45:00,84.84666666666666,0.0
 10/07  04:00:00,143.40187717751792,0.0
 10/07  04:15:00,115.78867675400106,0.0
 10/07  04:30:00,44.97999999999999,0.0
 10/07  04:45:00,112.73672855052294,0.0
 10/07  05:00:00,143.38996636073216,0.0
 10/07  05:15:00,145.8362636897964,0.0
 10/07  05:30:00,338.1201544588422,0.0
 10/07  05:45:00,143.39318772034676,0.0
 10/07  06:00:00,143.38034876421145,0.0
 10/07  06:15:00,90.98,0.0
 10/07  06:30:00,143.39532514060252,0.0
 10/07  06:45:00,97.38191415408858,0.0
 10/07  07:00:00,44.97999999999999,4.613605308395111
 10/07  07:15:00,131.13014003540763,6.918914539520654
 10/07  07:30:00,143.38364053442012,8.886365897334953
 10/07  07:45:00,1099.8452175360014,17.815366908030622
 10/07  08:00:00,1890.6906785951,26.8631264905424
 10/07  08:15:00,950.4437156264815,36.388184395535454
 10/07  08:30:00,797.6354219311902,45.94574904309869
 10/07  08:45:00,792.1109337263032,57.57013659725767
 10/07  09:00:00,1860.4840090575224,69.26957031250063
 10/07  09:15:00,1330.1279351088306,81.0219187724843
 10/07  09:30:00,1118.870038355842,92.86364779885297
 10/07  09:45:00,1126.8106677135827,102.95728567713043
 10/07  10:00:00,1069.4203473077416,113.2032086206703
 10/07  10:15:00,7931.585306750599,123.6319075306801
 10/07  10:30:00,3848.844180204316,134.2097931529247
 10/07  10:45:00,1887.6884001765975,194.1669100733468
 10/07  11:00:00,1366.6861038090933,243.6378473930621
 10/07  11:15:00,51.11333333333332,310.9531389295217
 10/07  11:30:00,97.3797780081984,362.9000242407261
 10/07  11:45:00,72.57999999999998,324.7914699411578
 10/07  12:00:00,143.36902793364985,268.5354825732571
 10/07  12:15:00,128.02047491831675,229.69967740593358
 10/07  12:30:00,44.97999999999999,174.89994578584663
 10/07  12:45:00,100.43183037985946,171.697316962738
 10/07  13:00:00,90.98,168.32990638542537
 10/07  13:15:00,143.37642900932505,164.9518148236217
 10/07  13:30:00,106.56137916688668,161.67881755291523
 10/07  13:45:00,44.97999999999999,154.20972161152105
 10/07  14:00:00,121.9060960029828,146.87196514776278
 10/07  14:15:00,143.35629911754114,139.5734020423335
 10/07  14:30:00,78.71333333333334,132.41374233425185
 10/07  14:45:00,97.36467812222725,121.522061132387
 10/07  15:00:00,44.97999999999999,110.82736533657656
 10/07  15:15:00,2146.7475226217166,100.3655026375409
 10/07  15:30:00,1541.2543206563826,90.08372859811253
 10/07  15:45:00,1110.653631230835,82.95956878603974
 10/07  16:00:00,1016.9881419338016,75.90956030897456
 10/07  16:15:00,7951.646774134419,68.92962253478042
 10/07  16:30:00,3904.9829178956265,62.047979462574034
 10/07  16:45:00,1977.026074297869,47.77437493870241
 10/07  17:00:00,1622.6451763955174,33.710120528367895
 10/07  17:15:00,1218.0455111675085,20.657097667876293
 10/07  17:30:00,1761.1125403408391,8.017783506292005
 10/07  17:45:00,2680.032797301335,6.016846228144097
 10/07  18:00:00,2810.9253018451573,4.173231994633
 10/07  18:15:00,1681.6437628325316,0.0
 10/07  18:30:00,1388.4570769186198,0.0
 10/07  18:45:00,1196.0956080604742,0.0
 10/07  19:00:00,1086.4260932876527,0.0
 10/07  19:15:00,993.1687690626434,0.0
 10/07  19:30:00,1008.8318347940516,0.0
 10/07  19:45:00,1043.32109348409,0.0
 10/07  20:00:00,1073.6698582886502,0.0
 10/07  20:15:00,1064.8151843240285,0.0
 10/07  20:30:00,1023.7344232208194,0.0
 10/07  20:45:00,1033.2828749443568,0.0
 10/07  21:00:00,1078.891152391579,0.0
 10/07  21:15:00,1097.5120621993424,0.0
 10/07  21:30:00,1075.7315013364098,0.0
 10/07  21:45:00,1072.4565524045963,0.0
 10/07  22:00:00,1105.306609892937,0.0
 10/07  22:15:00,292.3133333333333,0.0
 10/07  22:30:00,140.33204973877923,0.0
 10/07  22:45:00,97.39143870347922,0.0
 10/07  23:00:00,44.97999999999999,0.0
 10/07  23:15:00,143.3932595673973,0.0
 10/07  23:30:00,143.37972862022502,0.0
 10/07  23:45:00,57.246666666666655,0.0
 10/07  24:00:00,97.39411708636224,0.0
 10/08  00:15:00,118.84745351583568,0.0
 10/08  00:30:00,90.98,0.0
 10/08  00:45:00,134.19556679924102,0.0
 10/08  01:00:00,97.38221194995964,0.0
 10/08  01:15:00,44.97999999999999,0.0
 10/08  01:30:00,140.33230927891063,0.0
 10/08  01:45:00,143.38684290929302,0.0
 10/08  02:00:00,60.313333333333325,0.0
 10/08  02:15:00,97.40549775954564,0.0
 10/08  02:30:00,115.79520862776828,0.0
 10/08  02:45:00,143.3849742951573,0.0
 10/08  03:00:00,84.84666666666666,0.0
 10/08  03:15:00,97.40538273954004,0.0
 10/08  03:30:00,97.39411670125033,0.0
 10/08  03:45:00,84.84666666666666,0.0
 10/08  04:00:00,143.41324344075687,0.0
 10/08  04:15:00,115.8029223437949,0.0
 10/08  04:30:00,97.3925741889302,0.0
 10/08  04:45:00,60.313333333333325,0.0
 10/08  05:00:00,143.41403445183803,0.0
 10/08  05:15:00,159.0023488103752,0.0
 10/08  05:30:00,377.4057342251033,0.0
 10/08  05:45:00,90.98,0.0
 10/08  06:00:00,143.40827507026515,0.0
 10/08  06:15:00,143.3977521599299,0.0
 10/08  06:30:00,90.98,0.0
 10/08  06:45:00,97.41849839606688,0.0
 10/08  07:00:00,97.4083754799988,8.913132499966276
 10/08  07:15:00,131.13136834270622,13.373636834544511
 10/08  07:30:00,90.98,18.042253657632198
 10/08  07:45:00,1305.6589388838024,30.11512767404571
 10/08  08:00:00,2276.360485559513,41.68297855429929
 10/08  08:15:00,1271.4086496207804,53.170095218653444
 10/08  08:30:00,1047.7440147867255,64.68170903603281
 10/08  08:45:00,1023.4733258057696,71.35351829059584
 10/08  09:00:00,2288.755973797494,78.20900297289171
 10/08  09:15:00,1679.4275546460508,85.19789901809683
 10/08  09:30:00,1617.5339646977222,92.2946923186863
 10/08  09:45:00,1480.0167733868427,144.09013776244274
 10/08  10:00:00,1433.1270274407584,190.70804732507995
 10/08  10:15:00,7943.500857937684,239.92990199552344
 10/08  10:30:00,4712.351889152132,305.8537200623242
 10/08  10:45:00,1774.7897765248072,265.3481160125355
 10/08  11:00:00,1554.2376204832244,238.6753512443244
 10/08  11:15:00,51.11333333333332,210.2703656945209
 10/08  11:30:00,97.40500238115705,166.2195113153315
 10/08  11:45:00,124.9799566289664,167.67533570462973
 10/08  12:00:00,90.98,168.9353185266261
 10/08  12:15:00,128.05951408342122,170.42822013561994
 10/08  12:30:00,97.37996755773491,171.95700462219412
 10/08  12:45:00,48.04666666666666,169.16838132019393
 10/08  13:00:00,143.39587926842063,166.46654310924455
 10/08  13:15:00,143.3819719869379,163.73783680334927
 10/08  13:30:00,54.17999999999999,161.08847721393713
 10/08  13:45:00,97.39529783431992,153.64829982344548
 10/08  14:00:00,121.9144635529788,146.34979426879374
 10/08  14:15:00,90.98,139.37773949994127
 10/08  14:30:00,131.1314530941748,132.5080828292748
 10/08  14:45:00,97.38617634193136,111.53100758170046
 10/08  15:00:00,44.97999999999999,91.08047433488235
 10/08  15:15:00,2408.918712378525,71.10747262991508
 10/08  15:30:00,2033.71172162244,51.99647903675258
 10/08  15:45:00,1684.6674998978049,45.4620794931225
 10/08  16:00:00,1453.87428325893,38.92647520335466
 10/08  16:15:00,7964.968001669049,32.460895091253434
 10/08  16:30:00,5541.79474619929,25.98376063695437
 10/08  16:45:00,1829.9929908430613,20.615157362798143
 10/08  17:00:00,1895.40677126578,15.236671809982766
 10/08  17:15:00,1560.379207810527,9.838048111492403
 10/08  17:30:00,2237.732834478633,4.447651240517827
 10/08  17:45:00,3163.758621859331,3.3356677788629754
 10/08  18:00:00,3121.8374776094643,2.3173845726080513
 10/08  18:15:00,2499.760885109662,0.0
 10/08  18:30:00,2492.7283951756167,0.0
 10/08  18:45:00,1606.283649745283,0.0
 10/08  19:00:00,1531.5199483598124,0.0
 10/08  19:15:00,1449.5987635765368,0.0
 10/08  19:30:00,1473.9524483453267,0.0
 10/08  19:45:00,1503.5574598747753,0.0
 10/08  20:00:00,1540.5278452362036,0.0
 10/08  20:15:00,1523.6592831938333,0.0
 10/08  20:30:00,1484.8164878172488,0.0
 10/08  20:45:00,1487.3273121446157,0.0
 10/08  21:00:00,1529.1125958598127,0.0
 10/08  21:15:00,1534.8571099437788,0.0
 10/08  21:30:00,1504.9058731944106,0.0
 10/08  21:45:00,1486.8598389679594,0.0
 10/08  22:00:00,1509.1843005770709,0.0
 10/08  22:15:00,292.31333333333333,0.0
 10/08  22:30:00,140.34622654718672,0.0
 10/08  22:45:00,97.40584056365482,0.0
 10/08  23:00:00,44.97999999999999,0.0
 10/08  23:15:00,1105.1289826175168,0.0
 10/08  23:30:00,203.09508443177464,0.0
 10/08  23:45:00,169.35984839015367,0.0
 10/08  24:00:00,104.66846,0.0
 10/09  00:15:00,122.84719932125464,0.0
 10/09  00:30:00,143.3877425955007,0.0
 10/09  00:45:00,81.78,0.0
 10/09  01:00:00,97.40169889670037,0.0
 10/09  01:15:00,97.38768506647124,0.0
 10/09  01:30:00,87.91333333333333,0.0
 10/09  01:45:00,143.4004830833483,0.0
 10/09  02:00:00,112.7193303102233,0.0
 10/09  02:15:00,44.97999999999999,0.0
 10/09  02:30:00,115.79946597926408,0.0
 10/09  02:45:00,143.38552544310016,0.0
 10/09  03:00:00,137.2379334008054,0.0
 10/09  03:15:00,44.97999999999999,0.0
 10/09  03:30:00,97.38543345387684,0.0
 10/09  03:45:00,137.2382445685591,0.0
 10/09  04:00:00,90.98,0.0
 10/09  04:15:00,115.78881544360644,0.0
 10/09  04:30:00,97.37849641964318,0.0
 10/09  04:45:00,60.313333333333325,0.0
 10/09  05:00:00,143.4006701470346,0.0
 10/09  05:15:00,158.98961243129793,0.0
 10/09  05:30:00,324.97999999999985,0.0
 10/09  05:45:00,143.40945221652274,0.0
 10/09  06:00:00,143.39888769783457,0.0
 10/09  06:15:00,143.38660078053448,0.0
 10/09  06:30:00,90.98,0.0
 10/09  06:45:00,97.4037226948226,0.0
 10/09  07:00:00,97.39135031168516,0.0
 10/09  07:15:00,78.71333333333334,5.796094826023196
 10/09  07:30:00,143.4097547574278,7.448037780351072
 10/09  07:45:00,1385.5993764243808,16.250568799344045
 10/09  08:00:00,2611.866411250919,25.08451901431141
 10/09  08:15:00,1444.27431596953,34.488753311593825
 10/09  08:30:00,1300.3447314485056,43.91000067582373
 10/09  08:45:00,1318.0494624137195,45.5717863766176
 10/09  09:00:00,2637.2711590624936,47.451439862798516
 10/09  09:15:00,2110.696628239287,49.45884171880265
 10/09  09:30:00,1902.6910177897248,51.5504892731864
 10/09  09:45:00,1899.9201275062535,57.43853979782659
 10/09  10:00:00,1809.3357803636864,63.354103577183494
 10/09  10:15:00,7939.133323518117,69.30713692408254
 10/09  10:30:00,5666.975738881583,75.307492363592
 10/09  10:45:00,2513.3480814196846,79.02390676311154
 10/09  11:00:00,1721.8830131855025,82.78817823363619
 10/09  11:15:00,51.11333333333333,86.5976897029558
 10/09  11:30:00,97.40040385711164,90.44510046883681
 10/09  11:45:00,124.99452266398312,91.56090733964619
 10/09  12:00:00,90.98,92.72268144048523
 10/09  12:15:00,128.06185312843098,93.90819581491611
 10/09  12:30:00,97.38175602853376,95.1246276862374
 10/09  12:45:00,48.04666666666666,93.60841389715036
 10/09  13:00:00,143.3962717765859,92.13881237702313
 10/09  13:15:00,143.383889845569,90.75948332135711
 10/09  13:30:00,54.17999999999999,89.40967456150375
 10/09  13:45:00,97.40077322176606,85.55179649431675
 10/09  14:00:00,121.92200247895028,81.73825511730668
 10/09  14:15:00,90.98,77.94477574559318
 10/09  14:30:00,131.1389365699074,74.18479466657442
 10/09  14:45:00,97.3935777843366,68.16223038835074
 10/09  15:00:00,97.38140568153952,62.195310592347795
 10/09  15:15:00,2563.1117581448307,56.25426281144152
 10/09  15:30:00,2532.1521364797163,50.63999717445525
 10/09  15:45:00,2124.678095970185,44.29735420380069
 10/09  16:00:00,1899.6564740517272,37.95977401727562
 10/09  16:15:00,7960.536670896266,31.61841229528683
 10/09  16:30:00,5706.0657186255885,25.279650502957168
 10/09  16:45:00,2674.298995420323,20.06390780890681
 10/09  17:00:00,2088.9726717934977,14.85025528296136
 10/09  17:15:00,1938.0930630804253,9.631110449412088
 10/09  17:30:00,2670.00156515506,4.432443314659891
 10/09  17:45:00,3574.6626554053623,3.319724974543528
 10/09  18:00:00,3472.4681445517235,0.0
 10/09  18:15:00,2630.6578801100286,0.0
 10/09  18:30:00,2733.6224606024184,0.0
 10/09  18:45:00,2020.2731046827491,0.0
 10/09  19:00:00,1847.9611003491063,0.0
 10/09  19:15:00,1727.5579507230918,0.0
 10/09  19:30:00,1767.336134475943,0.0
 10/09  19:45:00,1784.6047435600135,0.0
 10/09  20:00:00,1816.7709095543105,0.0
 10/09  20:15:00,1806.716052178973,0.0
 10/09  20:30:00,1760.7590603247663,0.0
 10/09  20:45:00,1766.0674972481515,0.0
 10/09  21:00:00,1809.015769486894,0.0
 10/09  21:15:00,1807.2652303706925,0.0
 10/09  21:30:00,1774.0539453680394,0.0
 10/09  21:45:00,1750.297975701293,0.0
 10/09  22:00:00,1770.910500048451,0.0
 10/09  22:15:00,292.31333333333333,0.0
 10/09  22:30:00,140.32406196403815,0.0
 10/09  22:45:00,97.38379484872196,0.0
 10/09  23:00:00,44.97999999999999,0.0
 10/09  23:15:00,143.38405314088158,0.0
 10/09  23:30:00,143.37054340630937,0.0
 10/09  23:45:00,57.246666666666655,0.0
 10/09  24:00:00,97.3854530150809,0.0
 10/10  00:15:00,118.83856819899934,0.0
 10/10  00:30:00,90.98,0.0
 10/10  00:45:00,134.1866404738429,0.0
 10/10  01:00:00,97.37316129463974,0.0
 10/10  01:15:00,44.97999999999999,0.0
 10/10  01:30:00,140.3209790832424,0.0
 10/10  01:45:00,143.37403300430833,0.0
 10/10  02:00:00,60.313333333333325,0.0
 10/10  02:15:00,97.38866804256034,0.0
 10/10  02:30:00,115.77525962524196,0.0
 10/10  02:45:00,90.98,0.0
 10/10  03:00:00,137.25680990395398,0.0
 10/10  03:15:00,97.3774865237014,0.0
 10/10  03:30:00,44.97999999999999,0.0
 10/10  03:45:00,137.2607181671311,0.0
 10/10  04:00:00,143.3817156975631,0.0
 10/10  04:15:00,63.38,0.0
 10/10  04:30:00,97.39776099728516,0.0
 10/10  04:45:00,112.71846761185282,0.0
 10/10  05:00:00,90.98,0.0
 10/10  05:15:00,159.00153050100013,0.0
 10/10  05:30:00,377.4034931044853,0.0
 10/10  05:45:00,90.98,0.0
 10/10  06:00:00,143.40608553367545,0.0
 10/10  06:15:00,143.39386597199717,0.0
 10/10  06:30:00,143.38147844895104,0.0
 10/10  06:45:00,44.97999999999999,0.0
 10/10  07:00:00,97.39855980402066,0.0
 10/10  07:15:00,131.1186721874308,5.7679023186441825
 10/10  07:30:00,90.98,7.4064935082711445
 10/10  07:45:00,1507.6160350495168,15.780997914170735
 10/10  08:00:00,2867.3176260236664,24.168227132664413
 10/10  08:15:00,1734.6388676907104,33.092518978877514
 10/10  08:30:00,1528.6632688207264,42.03104201554842
 10/10  08:45:00,1438.2873237563997,53.50118473135284
 10/10  09:00:00,2875.9563962340803,65.04762616358354
 10/10  09:15:00,2159.660442852533,76.69396855700067
 10/10  09:30:00,2045.3880959480564,88.44362527115578
 10/10  09:45:00,2043.3395029976523,98.27095194446736
 10/10  10:00:00,2022.0776788424664,108.24405875937849
 10/10  10:15:00,7939.026710914934,118.37564847511823
 10/10  10:30:00,5662.996027801143,128.65746325152256
 10/10  10:45:00,2705.66750480068,117.916859774459
 10/10  11:00:00,1964.6589039344408,107.75041524310933
 10/10  11:15:00,51.11333333333333,97.97776088503821
 10/10  11:30:00,97.38315253881224,88.53430097799269
 10/10  11:45:00,72.57999999999998,89.88335927011259
 10/10  12:00:00,143.39483329545774,91.24964774911639
 10/10  12:15:00,128.0488084378578,92.73406510219569
 10/10  12:30:00,44.97999999999999,94.25403076768904
 10/10  12:45:00,100.4648862824183,92.82172729288021
 10/10  13:00:00,143.38593272926548,91.42581320763215
 10/10  13:15:00,143.3706693079221,89.92603527209774
 10/10  13:30:00,54.17999999999999,88.46045721904403
 10/10  13:45:00,97.38137775176968,97.72939153677419
 10/10  14:00:00,69.51333333333332,107.21451300165634
 10/10  14:15:00,143.3922018227455,117.05533595734533
 10/10  14:30:00,131.1108638386719,127.2799375593158
 10/10  14:45:00,44.97999999999999,116.45805631445637
 10/10  15:00:00,97.38907282654398,105.85924866765839
 10/10  15:15:00,2530.578941223719,95.48948041161626
 10/10  15:30:00,2522.018114498469,85.29083870419736
 10/10  15:45:00,2130.8006391231083,69.14544614397936
 10/10  16:00:00,2003.6740790687147,53.337854348202654
 10/10  16:15:00,7960.499613174756,38.39499505609921
 10/10  16:30:00,5706.687282077784,24.31866243586497
 10/10  16:45:00,2757.858120028618,19.149292889504803
 10/10  17:00:00,2271.841228560336,13.980948947780199
 10/10  17:15:00,2038.8930527478808,8.825627136113807
 10/10  17:30:00,3000.876054398395,3.67278751986092
 10/10  17:45:00,3916.775010626685,2.756096090682531
 10/10  18:00:00,3593.0391009101104,0.0
 10/10  18:15:00,2851.505798219584,0.0
 10/10  18:30:00,3029.0214145728987,0.0
 10/10  18:45:00,2185.354194830367,0.0
 10/10  19:00:00,2016.208752440692,0.0
 10/10  19:15:00,1900.1966817272237,0.0
 10/10  19:30:00,1951.3059734419444,0.0
 10/10  19:45:00,1962.92784634922,0.0
 10/10  20:00:00,2005.8341913256647,0.0
 10/10  20:15:00,1988.090539703429,0.0
 10/10  20:30:00,1944.6606280563155,0.0
 10/10  20:45:00,1946.31617980186,0.0
 10/10  21:00:00,1986.340047254606,0.0
 10/10  21:15:00,1986.952178246041,0.0
 10/10  21:30:00,1949.649054735968,0.0
 10/10  21:45:00,1934.3223890298384,0.0
 10/10  22:00:00,1947.1096765717248,0.0
 10/10  22:15:00,292.31333333333333,0.0
 10/10  22:30:00,140.34297105895985,0.0
 10/10  22:45:00,97.40529099449256,0.0
 10/10  23:00:00,44.97999999999999,0.0
 10/10  23:15:00,2014.908388028916,0.0
 10/10  23:30:00,1305.9238112660337,0.0
 10/10  23:45:00,1555.7814832402282,0.0
 10/10  24:00:00,65.64239999999998,0.0
 10/11  00:15:00,118.87783947299796,0.0
 10/11  00:30:00,143.39238814725957,0.0
 10/11  00:45:00,81.78,0.0
 10/11  01:00:00,97.41128596712709,0.0
 10/11  01:15:00,97.40043002278432,0.0
 10/11  01:30:00,140.3228204980888,0.0
 10/11  01:45:00,90.98,0.0
 10/11  02:00:00,112.74302452773992,0.0
 10/11  02:15:00,97.39824448064796,0.0
 10/11  02:30:00,63.38,0.0
 10/11  02:45:00,143.41674756872288,0.0
 10/11  03:00:00,137.272014035483,0.0
 10/11  03:15:00,97.39461449315444,0.0
 10/11  03:30:00,44.97999999999999,0.0
 10/11  03:45:00,137.28170522771282,0.0
 10/11  04:00:00,143.40464823187313,0.0
 10/11  04:15:00,115.7938495682376,0.0
 10/11  04:30:00,44.97999999999999,0.0
 10/11  04:45:00,112.74752019399286,0.0
 10/11  05:00:00,143.4036209633046,0.0
 10/11  05:15:00,158.99261298056834,0.0
 10/11  05:30:00,324.97999999999985,0.0
 10/11  05:45:00,143.41252429337786,0.0
 10/11  06:00:00,143.4016335192748,0.0
 10/11  06:15:00,90.98,0.0
 10/11  06:30:00,143.42131766779465,0.0
 10/11  06:45:00,97.41054284676378,0.0
 10/11  07:00:00,97.39962588883148,0.0
 10/11  07:15:00,78.71333333333334,12.200381683631928
 10/11  07:30:00,143.42007642199752,16.70024448299661
 10/11  07:45:00,1560.0297973076836,44.357870098699664
 10/11  08:00:00,3284.308385486036,78.5807137279282
 10/11  08:15:00,1651.9085623143635,112.91670467325935
 10/11  08:30:00,1640.8257920160086,151.47947609812377
 10/11  08:45:00,1621.6524384111085,156.90233508238342
 10/11  09:00:00,3126.209415701056,159.62165080914363
 10/11  09:15:00,2110.136901343303,149.61994361294703
 10/11  09:30:00,2059.59171247434,146.23344800081915
 10/11  09:45:00,2059.793645219969,161.6314106521243
 10/11  10:00:00,2038.7545576950813,176.5364436067233
 10/11  10:15:00,7939.043009029079,176.1729470888149
 10/11  10:30:00,5678.115048428093,188.6382729520192
 10/11  10:45:00,2723.2003460589717,237.36374970094104
 10/11  11:00:00,2094.763628024548,270.6787837511381
 10/11  11:15:00,51.11333333333333,304.96345875351085
 10/11  11:30:00,97.4044221667971,357.06917910418343
 10/11  11:45:00,124.99760355592252,382.6002341580002
 10/11  12:00:00,90.98,408.27801787753606
 10/11  12:15:00,128.06360711480326,434.08703581582296
 10/11  12:30:00,97.38342168134751,459.3343584842529
 10/11  12:45:00,48.04666666666666,493.38522826660505
 10/11  13:00:00,143.39762931400293,507.8912729017315
 10/11  13:15:00,143.38543956869478,521.7738686423695
 10/11  13:30:00,54.17999999999999,533.7710831419652
 10/11  13:45:00,97.40268925235594,515.1221597558887
 10/11  14:00:00,121.92416957910667,495.4874184700209
 10/11  14:15:00,143.37701449316882,474.06645152571764
 10/11  14:30:00,78.71333333333334,451.63273155264864
 10/11  14:45:00,97.39090744180255,415.13133602848825
 10/11  15:00:00,97.37677934365244,378.9778767906446
 10/11  15:15:00,2284.406130964136,343.65566444875554
 10/11  15:30:00,2391.5351358161934,309.08993693903824
 10/11  15:45:00,2059.7027211506534,261.29263121043493
 10/11  16:00:00,1647.250273875043,216.35352450483353
 10/11  16:15:00,7960.641808872038,165.26973226109314
 10/11  16:30:00,5711.158331427838,128.51644462144532
 10/11  16:45:00,2625.088758882928,96.74058451792774
 10/11  17:00:00,1983.2085504074812,67.43372978014214
 10/11  17:15:00,1963.8574328970203,36.05507245184405
 10/11  17:30:00,2775.684597381673,13.410868194074704
 10/11  17:45:00,3634.451804437116,10.075584646703383
 10/11  18:00:00,3472.375559653188,0.0
 10/11  18:15:00,2762.539184162903,0.0
 10/11  18:30:00,2945.7284464494296,0.0
 10/11  18:45:00,2014.1504500747603,0.0
 10/11  19:00:00,1880.531456659095,0.0
 10/11  19:15:00,1762.6057137632436,0.0
 10/11  19:30:00,1806.720880260596,0.0
 10/11  19:45:00,1822.8468829558856,0.0
 10/11  20:00:00,1864.7214036136609,0.0
 10/11  20:15:00,1852.3673570078777,0.0
 10/11  20:30:00,1809.6153844870632,0.0
 10/11  20:45:00,1810.4298537339423,0.0
 10/11  21:00:00,1857.0182842590712,0.0
 10/11  21:15:00,1861.850252341498,0.0
 10/11  21:30:00,1834.282334725186,0.0
 10/11  21:45:00,1819.36073905032,0.0
 10/11  22:00:00,1843.957825848204,0.0
 10/11  22:15:00,292.31333333333333,0.0
 10/11  22:30:00,140.35997845587596,0.0
 10/11  22:45:00,97.42444627548544,0.0
 10/11  23:00:00,97.41441380603378,0.0
 10/11  23:15:00,1866.353,0.0
 10/11  23:30:00,1017.1201546278148,0.0
 10/11  23:45:00,194.4286302390007,0.0
 10/11  24:00:00,182.15716793282616,0.0
 10/12  00:15:00,100.34121066666664,0.0
 10/12  00:30:00,143.42227257312078,0.0
 10/12  00:45:00,134.21282696921435,0.0
 10/12  01:00:00,97.40331749248185,0.0
 10/12  01:15:00,44.97999999999999,0.0
 10/12  01:30:00,140.36213297502871,0.0
 10/12  01:45:00,143.42106319656386,0.0
 10/12  02:00:00,112.74675665120373,0.0
 10/12  02:15:00,44.97999999999999,0.0
 10/12  02:30:00,115.8385902138475,0.0
 10/12  02:45:00,143.43064354959347,0.0
 10/12  03:00:00,137.28937480323324,0.0
 10/12  03:15:00,97.41411115881904,0.0
 10/12  03:30:00,44.97999999999999,0.0
 10/12  03:45:00,137.30541846652778,0.0
 10/12  04:00:00,143.43036243980498,0.0
 10/12  04:15:00,115.82258726248956,0.0
 10/12  04:30:00,97.41483059059352,0.0
 10/12  04:45:00,60.313333333333325,0.0
 10/12  05:00:00,143.44145476079015,0.0
 10/12  05:15:00,159.03228417773082,0.0
 10/12  05:30:00,377.4229227761948,0.0
 10/12  05:45:00,143.41336571613033,0.0
 10/12  06:00:00,90.98,0.0
 10/12  06:15:00,143.4362524214909,0.0
 10/12  06:30:00,143.42705569058674,0.0
 10/12  06:45:00,97.41771532763642,0.0
 10/12  07:00:00,97.4082286817383,0.0
 10/12  07:15:00,78.71333333333334,5.27645625998089
 10/12  07:30:00,1817.722249865811,6.774972895114459
 10/12  07:45:00,1956.514570687715,18.583766229000215
 10/12  08:00:00,3144.7588652384848,31.743141733571715
 10/12  08:15:00,1648.4355812269423,44.7719547676283
 10/12  08:30:00,1648.648347672642,57.74573611035193
 10/12  08:45:00,3384.539246826949,74.21662888404238
 10/12  09:00:00,3288.454090179805,90.87838062139409
 10/12  09:15:00,2033.4623127833747,107.7311801313068
 10/12  09:30:00,2044.794783863969,124.82664591829958
 10/12  09:45:00,2055.2636895777414,168.21594903672104
 10/12  10:00:00,2035.533743409712,202.66998657751577
 10/12  10:15:00,2004.0929171174328,239.0284490683324
 10/12  10:30:00,2005.971839849764,291.4032494080967
 10/12  10:45:00,2042.335905921744,251.69391320988302
 10/12  11:00:00,2039.4909909897824,225.9467861413718
 10/12  11:15:00,1331.604928373425,199.44699409357705
 10/12  11:30:00,1616.7392405126593,157.6878729390892
 10/12  11:45:00,1563.2159283950753,140.9428095457435
 10/12  12:00:00,1575.024361135621,124.44490668538083
 10/12  12:15:00,1698.3114215936248,108.2045061592798
 10/12  12:30:00,2130.6393471464644,92.27906079212251
 10/12  12:45:00,2005.6667285492936,106.88461976405176
 10/12  13:00:00,2044.6947588461592,121.76364060718447
 10/12  13:15:00,1866.948942846585,136.98603620696238
 10/12  13:30:00,1925.212672512644,152.64027145576594
 10/12  13:45:00,1852.389400944823,144.91409881126847
 10/12  14:00:00,1865.9304138425748,137.41962902238348
 10/12  14:15:00,1874.744441664045,130.09434726715173
 10/12  14:30:00,1847.786602600057,122.92327380571948
 10/12  14:45:00,1804.130001354996,112.30738927290709
 10/12  15:00:00,1805.960676411116,101.8680125011872
 10/12  15:15:00,2244.97152335026,91.68629393220013
 10/12  15:30:00,2193.134534637975,81.64643712985466
 10/12  15:45:00,1873.980891441654,78.54040897414359
 10/12  16:00:00,1798.188235377053,75.26655962578076
 10/12  16:15:00,1990.7814844042437,71.78938566820487
 10/12  16:30:00,7985.072997938736,68.21417622819148
 10/12  16:45:00,5750.817052637088,51.345041496814964
 10/12  17:00:00,2823.1905978124832,34.93623796389538
 10/12  17:15:00,1919.8567537996337,19.698414132821835
 10/12  17:30:00,2011.791574628604,5.90646201824985
 10/12  17:45:00,3910.359232327856,4.4341238475832325
 10/12  18:00:00,3585.950354181568,0.0
 10/12  18:15:00,3006.6107459045475,0.0
 10/12  18:30:00,3078.7573569638043,0.0
 10/12  18:45:00,2176.4374858421065,0.0
 10/12  19:00:00,1975.3692829246704,0.0
 10/12  19:15:00,8122.439523294164,0.0
 10/12  19:30:00,5851.409408210016,0.0
 10/12  19:45:00,2279.462631852712,0.0
 10/12  20:00:00,1882.1343263506803,0.0
 10/12  20:15:00,2101.6477873933864,0.0
 10/12  20:30:00,1925.624123166728,0.0
 10/12  20:45:00,1944.559189438372,0.0
 10/12  21:00:00,1984.1469863342431,0.0
 10/12  21:15:00,1993.310210733148,0.0
 10/12  21:30:00,1965.3449789789704,0.0
 10/12  21:45:00,1955.4406669414009,0.0
 10/12  22:00:00,1977.052476710515,0.0
 10/12  22:15:00,1746.2767961068946,0.0
 10/12  22:30:00,87.91333333333334,0.0
 10/12  22:45:00,97.41570706172332,0.0
 10/12  23:00:00,97.41527464361305,0.0
 10/12  23:15:00,1951.154,0.0
 10/12  23:30:00,1886.0966926201347,0.0
 10/12  23:45:00,207.38250059694576,0.0
 10/12  24:00:00,195.11775936886875,0.0
 10/13  00:15:00,164.13929666666667,0.0
 10/13  00:30:00,241.11508545967575,0.0
 10/13  00:45:00,231.90467138528132,0.0
 10/13  01:00:00,195.09412706270768,0.0
 10/13  01:15:00,71.031368,0.0
 10/13  01:30:00,140.3553873378586,0.0
 10/13  01:45:00,143.4116348402983,0.0
 10/13  02:00:00,112.73441878130268,0.0
 10/13  02:15:00,44.97999999999999,0.0
 10/13  02:30:00,115.82344061065018,0.0
 10/13  02:45:00,143.4140575478914,0.0
 10/13  03:00:00,137.27131594419774,0.0
 10/13  03:15:00,44.97999999999999,0.0
 10/13  03:30:00,97.4284972737734,0.0
 10/13  03:45:00,137.2865991533957,0.0
 10/13  04:00:00,143.41139507152144,0.0
 10/13  04:15:00,115.80170761677454,0.0
 10/13  04:30:00,44.97999999999999,0.0
 10/13  04:45:00,112.75769546600554,0.0
 10/13  05:00:00,143.41481660924288,0.0
 10/13  05:15:00,159.00499763442673,0.0
 10/13  05:30:00,324.97999999999985,0.0
 10/13  05:45:00,143.42715858978565,0.0
 10/13  06:00:00,143.4174214318763,0.0
 10/13  06:15:00,143.40722100598887,0.0
 10/13  06:30:00,90.98,0.0
 10/13  06:45:00,97.42834213592934,0.0
 10/13  07:00:00,97.41810365172144,0.0
 10/13  07:15:00,131.14018417777774,6.420914742225651
 10/13  07:30:00,1762.2877509833606,8.255500480868625
 10/13  07:45:00,2004.73538295882,19.753674842637178
 10/13  08:00:00,3212.232941158171,31.952525694014398
 10/13  08:15:00,1640.362289344919,43.92788870529097
 10/13  08:30:00,1653.4530400767744,55.843145384328665
 10/13  08:45:00,3444.3170975665425,97.71922284200393
 10/13  09:00:00,3334.660557305245,148.18833392189052
 10/13  09:15:00,2023.8988559438935,194.22596001658673
 10/13  09:30:00,2047.6875842162883,243.54710519985298
 10/13  09:45:00,2056.943299445274,268.2148953863465
 10/13  10:00:00,2036.2998357763324,292.37916009698864
 10/13  10:15:00,2003.92962099208,316.25374835599143
 10/13  10:30:00,2005.120276938763,339.59494298047235
 10/13  10:45:00,2041.3781748178503,375.5883366117202
 10/13  11:00:00,2037.691293450376,429.12057339794166
 10/13  11:15:00,1366.1465538697894,468.3304353507223
 10/13  11:30:00,1607.984342894277,508.0265952157765
 10/13  11:45:00,1560.5514218489416,532.7146257183668
 10/13  12:00:00,1571.081273579816,574.6668529486536
 10/13  12:15:00,1434.6548961315684,599.8768520866261
 10/13  12:30:00,1673.0846374546388,623.7018772836481
 10/13  12:45:00,1665.1144122131705,633.3267563967473
 10/13  13:00:00,1416.127998819073,640.8200316250469
 10/13  13:15:00,1423.2790844150009,651.4232035859757
 10/13  13:30:00,1321.978953464298,652.0516007826577
 10/13  13:45:00,1275.080160952571,624.2628472770461
 10/13  14:00:00,1259.7096801796374,595.44473163945
 10/13  14:15:00,1247.830050152455,559.5906156061656
 10/13  14:30:00,1199.1867982780673,530.5398837209021
 10/13  14:45:00,1137.6445598813384,488.78979943620436
 10/13  15:00:00,1120.826992779993,447.2571148373807
 10/13  15:15:00,1546.418463924893,406.8909115592941
 10/13  15:30:00,1470.914492410076,366.9091600310549
 10/13  15:45:00,1147.4944129255816,308.6411584045938
 10/13  16:00:00,1097.8637068991393,242.52257759637715
 10/13  16:15:00,1310.2181636143482,194.09055751589267
 10/13  16:30:00,7989.499388844077,142.61537238852992
 10/13  16:45:00,4468.181231550369,105.18808195141362
 10/13  17:00:00,2116.1687449958577,71.23841614930458
 10/13  17:15:00,1576.8857185419988,41.087272486897795
 10/13  17:30:00,1473.152561113772,11.643408861962367
 10/13  17:45:00,3416.6586666907965,9.05720581297011
 10/13  18:00:00,3017.792311344995,0.0
 10/13  18:15:00,2493.044925164597,0.0
 10/13  18:30:00,2523.518578135677,0.0
 10/13  18:45:00,1552.7585487284418,0.0
 10/13  19:00:00,1447.2772213864907,0.0
 10/13  19:15:00,8114.462764050084,0.0
 10/13  19:30:00,4408.599204969675,0.0
 10/13  19:45:00,2108.7960586470854,0.0
 10/13  20:00:00,1693.9049759904728,0.0
 10/13  20:15:00,1506.8380311113146,0.0
 10/13  20:30:00,1396.7878533548237,0.0
 10/13  20:45:00,1376.6731976442863,0.0
 10/13  21:00:00,1405.0540484353614,0.0
 10/13  21:15:00,1420.4304351034905,0.0
 10/13  21:30:00,1396.6923313810958,0.0
 10/13  21:45:00,1392.756151993121,0.0
 10/13  22:00:00,1423.7419800529724,0.0
 10/13  22:15:00,1855.393093551808,0.0
 10/13  22:30:00,87.91333333333334,0.0
 10/13  22:45:00,97.38707219430717,0.0
 10/13  23:00:00,44.97999999999999,0.0
 10/13  23:15:00,188.73631936824097,0.0
 10/13  23:30:00,982.5942867793248,0.0
 10/13  23:45:00,102.59264666666668,0.0
 10/13  24:00:00,142.73708048901668,0.0
 10/14  00:15:00,164.191431698035,0.0
 10/14  00:30:00,136.32598000000002,0.0
 10/14  00:45:00,179.54193886566034,0.0
 10/14  01:00:00,142.73019837542685,0.0
 10/14  01:15:00,1016.493656,0.0
 10/14  01:30:00,1376.4678033670614,0.0
 10/14  01:45:00,188.74518867929103,0.0
 10/14  02:00:00,158.07646636101458,0.0
 10/14  02:15:00,78.23371866666666,0.0
 10/14  02:30:00,115.79578545679492,0.0
 10/14  02:45:00,143.38400403292093,0.0
 10/14  03:00:00,84.84666666666666,0.0
 10/14  03:15:00,97.40240139250852,0.0
 10/14  03:30:00,97.3909819478938,0.0
 10/14  03:45:00,84.84666666666666,0.0
 10/14  04:00:00,143.4098639856586,0.0
 10/14  04:15:00,115.79864597689604,0.0
 10/14  04:30:00,97.38732734605884,0.0
 10/14  04:45:00,60.313333333333325,0.0
 10/14  05:00:00,143.40671581759568,0.0
 10/14  05:15:00,158.99555577417294,0.0
 10/14  05:30:00,324.97999999999985,0.0
 10/14  05:45:00,143.41486337426613,0.0
 10/14  06:00:00,143.40397538690195,0.0
 10/14  06:15:00,143.39332208160283,0.0
 10/14  06:30:00,90.98,0.0
 10/14  06:45:00,97.41400552048596,0.0
 10/14  07:00:00,97.40375271020145,0.0
 10/14  07:15:00,131.12576887193518,7.55179310880014
 10/14  07:30:00,90.98,10.068912871120581
 10/14  07:45:00,1598.8866985165337,16.644750084138355
 10/14  08:00:00,3036.5935958513764,23.657280602539913
 10/14  08:15:00,1697.1683307570245,30.613752116960274
 10/14  08:30:00,1611.6650649521744,37.59710105806484
 10/14  08:45:00,1533.418341193361,57.83504844711595
 10/14  09:00:00,2778.0350480436555,78.8657068340854
 10/14  09:15:00,2088.169699639397,100.49828596438387
 10/14  09:30:00,1841.0133753856624,122.67474973705342
 10/14  09:45:00,1834.6768680397784,179.48710133811642
 10/14  10:00:00,1703.2184244461607,242.35033291011894
 10/14  10:15:00,7939.186643475905,296.518872226241
 10/14  10:30:00,5667.256654302164,353.32331461959075
 10/14  10:45:00,2061.9041952014936,423.29136057947636
 10/14  11:00:00,1597.3187357345455,480.2307932548929
 10/14  11:15:00,51.11333333333332,554.2311527316318
 10/14  11:30:00,97.39328064679576,613.1166868068336
 10/14  11:45:00,124.96774084130328,633.5626777132874
 10/14  12:00:00,90.98,652.7206931733789
 10/14  12:15:00,128.04460137209148,678.4519761019378
 10/14  12:30:00,44.97999999999999,695.4967003450113
 10/14  12:45:00,100.45609397068976,674.201968617256
 10/14  13:00:00,143.3745396606047,643.6910571329779
 10/14  13:15:00,90.98,618.5577483663733
 10/14  13:30:00,106.58357527243732,591.7256331463493
 10/14  13:45:00,97.36721834920148,553.8981336863648
 10/14  14:00:00,69.51333333333332,515.6344164992737
 10/14  14:15:00,143.37727391345086,461.5338148458402
 10/14  14:30:00,131.09589740437914,425.1729031892117
 10/14  14:45:00,44.97999999999999,383.582663922793
 10/14  15:00:00,97.3748323108398,343.4035132289742
 10/14  15:15:00,1876.7412396552215,292.5169942081694
 10/14  15:30:00,1670.103425129681,257.9384796160971
 10/14  15:45:00,1284.479929849734,230.7253502280566
 10/14  16:00:00,1195.011671474694,202.96169576742142
 10/14  16:15:00,7962.959257699475,183.91124866946754
 10/14  16:30:00,4046.243173466048,154.06683028650573
 10/14  16:45:00,2030.401835607684,113.53728275686171
 10/14  17:00:00,1730.7506325208722,70.97575038072725
 10/14  17:15:00,1399.1689317631651,40.381251917217085
 10/14  17:30:00,2369.973083361057,11.110472667557884
 10/14  17:45:00,2988.9347945738423,8.659084521753353
 10/14  18:00:00,2939.6875937868463,0.0
 10/14  18:15:00,2233.931700713519,0.0
 10/14  18:30:00,2422.5920023231406,0.0
 10/14  18:45:00,1467.473967820502,0.0
 10/14  19:00:00,1422.6751717256998,0.0
 10/14  19:15:00,1305.3633955405276,0.0
 10/14  19:30:00,1325.9624871489318,0.0
 10/14  19:45:00,1343.724475380343,0.0
 10/14  20:00:00,1378.3532655638382,0.0
 10/14  20:15:00,1375.0122521263193,0.0
 10/14  20:30:00,1334.966691387501,0.0
 10/14  20:45:00,1342.7341089156264,0.0
 10/14  21:00:00,1389.4424236656555,0.0
 10/14  21:15:00,1399.5587977610162,0.0
 10/14  21:30:00,1371.0262837742762,0.0
 10/14  21:45:00,1357.504800277105,0.0
 10/14  22:00:00,1382.3686883116943,0.0
 10/14  22:15:00,292.31333333333333,0.0
 10/14  22:30:00,140.34819406027094,0.0
 10/14  22:45:00,97.40785821956268,0.0
 10/14  23:00:00,44.97999999999999,0.0
 10/14  23:15:00,143.40977093399985,0.0
 10/14  23:30:00,143.39721952443116,0.0
 10/14  23:45:00,109.65106193335087,0.0
 10/14  24:00:00,44.97999999999999,0.0
 10/15  00:15:00,118.86717060776786,0.0
 10/15  00:30:00,143.38765579068752,0.0
 10/15  00:45:00,81.78,0.0
 10/15  01:00:00,97.40331396816543,0.0
 10/15  01:15:00,97.39098027578768,0.0
 10/15  01:30:00,87.91333333333333,0.0
 10/15  01:45:00,143.40764646050232,0.0
 10/15  02:00:00,112.72871514462368,0.0
 10/15  02:15:00,97.38309047005237,0.0
 10/15  02:30:00,63.38,0.0
 10/15  02:45:00,143.40033882584044,0.0
 10/15  03:00:00,137.2548444063617,0.0
 10/15  03:15:00,44.97999999999999,0.0
 10/15  03:30:00,97.4032943523291,0.0
 10/15  03:45:00,137.25668172417073,0.0
 10/15  04:00:00,90.98,0.0
 10/15  04:15:00,115.80647185071174,0.0
 10/15  04:30:00,97.39521904179664,0.0
 10/15  04:45:00,112.71723673680506,0.0
 10/15  05:00:00,90.98,0.0
 10/15  05:15:00,159.00260498994186,0.0
 10/15  05:30:00,377.3908361563343,0.0
 10/15  05:45:00,90.98,0.0
 10/15  06:00:00,143.40890792734433,0.0
 10/15  06:15:00,143.39716914445992,0.0
 10/15  06:30:00,143.38526949240114,0.0
 10/15  06:45:00,44.97999999999999,0.0
 10/15  07:00:00,97.403375247691,0.0
 10/15  07:15:00,131.12478577113035,4.049226765253696
 10/15  07:30:00,90.98,5.398624309064246
 10/15  07:45:00,1763.5204643744248,12.66298030895333
 10/15  08:00:00,3093.404520599471,20.139457797248937
 10/15  08:15:00,1694.7788256226413,27.90266754132149
 10/15  08:30:00,1593.0339571364157,35.83762193769216
 10/15  08:45:00,1516.5342150105612,79.11036323482965
 10/15  09:00:00,2803.9523856962,133.13351616313412
 10/15  09:15:00,1962.0268658313075,183.25922980647474
 10/15  09:30:00,1754.0671357603132,236.8578385816548
 10/15  09:45:00,1702.3321609065415,249.59409699863568
 10/15  10:00:00,1639.211769789848,261.0504144203391
 10/15  10:15:00,7943.502963380608,271.1972208008051
 10/15  10:30:00,5494.481997511829,265.87090063425626
 10/15  10:45:00,1936.0832441601408,241.80010938662863
 10/15  11:00:00,1687.1238923982717,216.95328446604515
 10/15  11:15:00,51.11333333333332,191.42060298508704
 10/15  11:30:00,97.39345142169566,151.08419485627206
 10/15  11:45:00,124.97259784788216,171.48148159370155
 10/15  12:00:00,90.98,209.30314573630127
 10/15  12:15:00,128.05262617455838,231.81605885443315
 10/15  12:30:00,97.37138851307688,254.75071735083617
 10/15  12:45:00,48.04666666666666,230.37482934758052
 10/15  13:00:00,143.38369605730412,189.25476072113605
 10/15  13:15:00,143.369506246358,167.38193353708522
 10/15  13:30:00,54.17999999999999,145.8868370177135
 10/15  13:45:00,97.38280933206036,138.33255015614097
 10/15  14:00:00,121.90188582667244,130.89894567178897
 10/15  14:15:00,90.98,123.61799721642899
 10/15  14:30:00,131.1147226042441,116.49888259863981
 10/15  14:45:00,97.36685300011771,106.08999330188942
 10/15  15:00:00,44.97999999999999,95.84392572918313
 10/15  15:15:00,2427.293103729739,85.74539393451352
 10/15  15:30:00,2343.4751518837184,75.79574588097991
 10/15  15:45:00,2021.2713344722413,64.46039279783187
 10/15  16:00:00,1617.8787438688246,53.260507493912726
 10/15  16:15:00,7960.658841257185,42.2053101064856
 10/15  16:30:00,5708.493371361143,31.725285463711362
 10/15  16:45:00,2416.457913383932,24.88033902640326
 10/15  17:00:00,1918.1522492072972,18.04107280871928
 10/15  17:15:00,1793.0794656761448,11.205952443402715
 10/15  17:30:00,2662.7179423776674,4.39372646526217
 10/15  17:45:00,3447.463315340489,3.4283606193405265
 10/15  18:00:00,3292.9632859483977,0.0
 10/15  18:15:00,2611.173243440884,0.0
 10/15  18:30:00,2811.797803402361,0.0
 10/15  18:45:00,1821.0509998539417,0.0
 10/15  19:00:00,1681.496613425861,0.0
 10/15  19:15:00,1586.2477879360545,0.0
 10/15  19:30:00,1625.3466334265252,0.0
 10/15  19:45:00,1651.304853942191,0.0
 10/15  20:00:00,1688.0140242583984,0.0
 10/15  20:15:00,1671.8707934411143,0.0
 10/15  20:30:00,1629.214292653005,0.0
 10/15  20:45:00,1630.2384698050062,0.0
 10/15  21:00:00,1674.3503749090037,0.0
 10/15  21:15:00,1679.7418081662092,0.0
 10/15  21:30:00,1643.9298282746845,0.0
 10/15  21:45:00,1626.976016111647,0.0
 10/15  22:00:00,1646.5651986511511,0.0
 10/15  22:15:00,292.31333333333333,0.0
 10/15  22:30:00,140.32590547186302,0.0
 10/15  22:45:00,44.97999999999999,0.0
 10/15  23:00:00,97.39593153059322,0.0
 10/15  23:15:00,1105.1124653423085,0.0
 10/15  23:30:00,150.66845999999998,0.0
 10/15  23:45:00,169.3540080346336,0.0
 10/15  24:00:00,157.07483669429695,0.0
 10/16  00:15:00,122.81911068380889,0.0
 10/16  00:30:00,90.98,0.0
 10/16  00:45:00,134.1888398595286,0.0
 10/16  01:00:00,97.37582178911924,0.0
 10/16  01:15:00,44.97999999999999,0.0
 10/16  01:30:00,140.33641383699873,0.0
 10/16  01:45:00,143.39689298218644,0.0
 10/16  02:00:00,60.313333333333325,0.0
 10/16  02:15:00,97.42333976420004,0.0
 10/16  02:30:00,115.81398488279991,0.0
 10/16  02:45:00,143.4046198739886,0.0
 10/16  03:00:00,84.84666666666666,0.0
 10/16  03:15:00,97.4271734565772,0.0
 10/16  03:30:00,97.41753811035728,0.0
 10/16  03:45:00,137.27449166553563,0.0
 10/16  04:00:00,90.98,0.0
 10/16  04:15:00,115.82921637575224,0.0
 10/16  04:30:00,97.4188128687687,0.0
 10/16  04:45:00,112.74156785117547,0.0
 10/16  05:00:00,143.3974775936884,0.0
 10/16  05:15:00,106.58,0.0
 10/16  05:30:00,377.4191986574764,0.0
 10/16  05:45:00,143.40923746751184,0.0
 10/16  06:00:00,143.3991680069949,0.0
 10/16  06:15:00,90.98,0.0
 10/16  06:30:00,143.42030390571563,0.0
 10/16  06:45:00,97.41001018083357,0.0
 10/16  07:00:00,97.39957604581528,0.0
 10/16  07:15:00,78.71333333333334,4.0765952374240895
 10/16  07:30:00,143.4205256982367,5.434808984940944
 10/16  07:45:00,1732.8289013612243,20.983466645504386
 10/16  08:00:00,3238.0702134128305,39.291030516025444
 10/16  08:15:00,1671.7770534094857,57.42302417237395
 10/16  08:30:00,1645.6286276447654,76.2168737674322
 10/16  08:45:00,1626.8283416118977,99.42054785048829
 10/16  09:00:00,3038.714227241582,123.42816596610106
 10/16  09:15:00,2121.721885262861,148.26949074659404
 10/16  09:30:00,2048.885716975219,173.88065375273865
 10/16  09:45:00,2047.9614901683483,179.29718586555862
 10/16  10:00:00,2026.8419956682824,183.9251808109841
 10/16  10:15:00,7937.615694864539,172.24914203403944
 10/16  10:30:00,5695.271021846123,174.26967339793816
 10/16  10:45:00,2707.948439635621,185.4606821169024
 10/16  11:00:00,2086.597058823158,197.30665204006465
 10/16  11:15:00,51.11333333333333,228.20275380117698
 10/16  11:30:00,97.40861410578538,241.5217921197092
 10/16  11:45:00,125.00287032043995,267.05583672031315
 10/16  12:00:00,90.98,293.002402229084
 10/16  12:15:00,128.07033617600655,337.35374968303756
 10/16  12:30:00,97.39091979938928,363.584244503685
 10/16  12:45:00,48.04666666666666,298.5990590205376
 10/16  13:00:00,143.4066014184404,252.24302149471714
 10/16  13:15:00,143.39475937464022,206.48662705734301
 10/16  13:30:00,106.58277850269504,147.55205208934166
 10/16  13:45:00,44.97999999999999,189.00202640111627
 10/16  14:00:00,121.93412499868046,215.45821138744734
 10/16  14:15:00,143.3885543305786,240.72426211544567
 10/16  14:30:00,78.71333333333334,279.82838449768343
 10/16  14:45:00,97.40562049423782,225.5114485977532
 10/16  15:00:00,97.3934586982826,188.17588942729245
 10/16  15:15:00,2511.911765712427,152.88394793863426
 10/16  15:30:00,2509.970158068852,110.07269088765554
 10/16  15:45:00,2130.7328880741443,96.42563648976142
 10/16  16:00:00,2005.3039909446056,82.98473900581803
 10/16  16:15:00,7959.089038353033,69.73397347236056
 10/16  16:30:00,5738.624331791603,56.7409739155421
 10/16  16:45:00,2760.062502011314,43.87283862628561
 10/16  17:00:00,2301.0659305700888,31.115699389577998
 10/16  17:15:00,2049.668991120746,18.542610743104213
 10/16  17:30:00,3267.24399715091,7.483248148009938
 10/16  17:45:00,3995.751717483988,0.0
 10/16  18:00:00,3769.779219710013,0.0
 10/16  18:15:00,3427.5232131245702,0.0
 10/16  18:30:00,3110.654813086401,0.0
 10/16  18:45:00,2200.986916521138,0.0
 10/16  19:00:00,2074.712889972075,0.0
 10/16  19:15:00,1972.5344570140503,0.0
 10/16  19:30:00,2046.9359983517345,0.0
 10/16  19:45:00,2065.675118466068,0.0
 10/16  20:00:00,2099.8856520208037,0.0
 10/16  20:15:00,2076.588313234377,0.0
 10/16  20:30:00,2030.7795768576143,0.0
 10/16  20:45:00,2036.040072448731,0.0
 10/16  21:00:00,2077.774254291759,0.0
 10/16  21:15:00,2078.2201344189007,0.0
 10/16  21:30:00,2046.9616857239675,0.0
 10/16  21:45:00,2029.8562510360237,0.0
 10/16  22:00:00,2045.0983712166585,0.0
 10/16  22:15:00,292.31333333333333,0.0
 10/16  22:30:00,140.36653264543705,0.0
 10/16  22:45:00,97.43200609782754,0.0
 10/16  23:00:00,97.42285435634707,0.0
 10/16  23:15:00,90.98,0.0
 10/16  23:30:00,143.43058996410204,0.0
 10/16  23:45:00,109.68853433129613,0.0
 10/16  24:00:00,97.41310811901752,0.0
 10/17  00:15:00,66.44666666666666,0.0
 10/17  00:30:00,143.43703547316474,0.0
 10/17  00:45:00,134.22838859598224,0.0
 10/17  01:00:00,97.41968944629758,0.0
 10/17  01:15:00,97.41296606315493,0.0
 10/17  01:30:00,87.91333333333333,0.0
 10/17  01:45:00,143.44215781114474,0.0
 10/17  02:00:00,112.76974357431745,0.0
 10/17  02:15:00,97.42562779429178,0.0
 10/17  02:30:00,115.81443982171352,0.0
 10/17  02:45:00,90.98,0.0
 10/17  03:00:00,137.29952052881532,0.0
 10/17  03:15:00,97.42351500665634,0.0
 10/17  03:30:00,97.41406057927624,0.0
 10/17  03:45:00,137.27115574840036,0.0
 10/17  04:00:00,90.98,0.0
 10/17  04:15:00,115.82812541625265,0.0
 10/17  04:30:00,97.41958188547524,0.0
 10/17  04:45:00,112.7443553588232,0.0
 10/17  05:00:00,90.98,0.0
 10/17  05:15:00,159.03573099853566,0.0
 10/17  05:30:00,377.4273643576156,0.0
 10/17  05:45:00,143.41896846644806,0.0
 10/17  06:00:00,143.4105444967377,0.0
 10/17  06:15:00,90.98,0.0
 10/17  06:30:00,143.43471088193525,0.0
 10/17  06:45:00,97.42598814333924,0.0
 10/17  07:00:00,97.41718069465142,0.0
 10/17  07:15:00,131.14043868218013,5.271311718370292
 10/17  07:30:00,90.98,7.023479743388613
 10/17  07:45:00,1816.249388517393,17.223212401537964
 10/17  08:00:00,3517.674870985933,28.465329850010644
 10/17  08:15:00,1609.0853958639857,39.10593187479051
 10/17  08:30:00,1660.3987620741063,49.68552889729389
 10/17  08:45:00,1647.3804706810938,90.42932264806751
 10/17  09:00:00,3402.3315148643783,139.8198448837288
 10/17  09:15:00,2055.097638792272,184.87719625748514
 10/17  09:30:00,2077.5451491542995,233.3171454821019
 10/17  09:45:00,2078.0232556463025,215.48020192136084
 10/17  10:00:00,2056.566376324137,181.88458729633794
 10/17  10:15:00,7937.662886225448,157.53471931919125
 10/17  10:30:00,5724.509542048267,119.09710820324005
 10/17  10:45:00,2743.1207043579293,125.73956341064218
 10/17  11:00:00,2141.967101913224,132.43123146925137
 10/17  11:15:00,51.11333333333333,139.1700610326959
 10/17  11:30:00,97.42098182825733,146.04155965411778
 10/17  11:45:00,125.0168011621496,147.94707016255947
 10/17  12:00:00,90.98,149.98052339700217
 10/17  12:15:00,128.08679059924685,152.28910032429192
 10/17  12:30:00,97.40945057103713,154.69815810387206
 10/17  12:45:00,100.4653196771763,151.86309870241556
 10/17  13:00:00,90.98,149.1370248736629
 10/17  13:15:00,143.41737624993098,146.33995382680826
 10/17  13:30:00,106.6052463856118,143.6492822250668
 10/17  13:45:00,97.39283066238912,135.89443131314724
 10/17  14:00:00,69.51333333333332,128.32734731972968
 10/17  14:15:00,143.41050703776656,121.03472399960395
 10/17  14:30:00,131.1324354806602,113.92534538449493
 10/17  14:45:00,97.38753587730298,124.72415155988877
 10/17  15:00:00,44.97999999999999,145.4625561475336
 10/17  15:15:00,2600.9979118003257,154.20936009153922
 10/17  15:30:00,2540.305726633708,162.07438192780276
 10/17  15:45:00,2181.6182999466805,141.84962144657501
 10/17  16:00:00,2043.4844231631312,122.17385038223665
 10/17  16:15:00,7960.538141783339,103.05467568272941
 10/17  16:30:00,5740.717838707764,84.43551211500905
 10/17  16:45:00,2797.505029632153,63.57554630050825
 10/17  17:00:00,2309.7460173492127,43.840754160351445
 10/17  17:15:00,2077.036708093817,25.169722068380803
 10/17  17:30:00,3383.522565441701,8.20664081242148
 10/17  17:45:00,4213.647675018165,0.0
 10/17  18:00:00,4149.564656914988,0.0
 10/17  18:15:00,3628.35103921448,0.0
 10/17  18:30:00,3587.255244099584,0.0
 10/17  18:45:00,2147.087075486243,0.0
 10/17  19:00:00,2178.0920102272544,0.0
 10/17  19:15:00,2200.214353983264,0.0
 10/17  19:30:00,2181.331343141896,0.0
 10/17  19:45:00,2199.106992063736,0.0
 10/17  20:00:00,2227.2611609486107,0.0
 10/17  20:15:00,2221.645728495538,0.0
 10/17  20:30:00,2181.3522930227928,0.0
 10/17  20:45:00,2180.287515136023,0.0
 10/17  21:00:00,2219.4475781042647,0.0
 10/17  21:15:00,2225.683803847518,0.0
 10/17  21:30:00,2198.3752643785765,0.0
 10/17  21:45:00,2180.190428966273,0.0
 10/17  22:00:00,2195.8295519417006,0.0
 10/17  22:15:00,292.31333333333333,0.0
 10/17  22:30:00,140.3664113748212,0.0
 10/17  22:45:00,97.43438715757785,0.0
 10/17  23:00:00,97.40983903536171,0.0
 10/17  23:15:00,1962.476266666667,0.0
 10/17  23:30:00,1305.9584568802854,0.0
 10/17  23:45:00,1555.8027927370529,0.0
 10/17  24:00:00,118.09283095554429,0.0
 10/18  00:15:00,66.44666666666666,0.0
 10/18  00:30:00,143.43625718180763,0.0
 10/18  00:45:00,134.22834107612226,0.0
 10/18  01:00:00,97.42046837369617,0.0
 10/18  01:15:00,97.41196752708233,0.0
 10/18  01:30:00,87.91333333333333,0.0
 10/18  01:45:00,143.4369450822614,0.0
 10/18  02:00:00,112.76210235343196,0.0
 10/18  02:15:00,97.41837122256884,0.0
 10/18  02:30:00,115.8076902257216,0.0
 10/18  02:45:00,90.98,0.0
 10/18  03:00:00,137.29432407260342,0.0
 10/18  03:15:00,97.41788107013994,0.0
 10/18  03:30:00,97.40796295377096,0.0
 10/18  03:45:00,84.84666666666666,0.0
 10/18  04:00:00,143.42972758674762,0.0
 10/18  04:15:00,115.81949419730816,0.0
 10/18  04:30:00,97.40907603152031,0.0
 10/18  04:45:00,60.313333333333325,0.0
 10/18  05:00:00,143.42956954343222,0.0
 10/18  05:15:00,159.01922243102518,0.0
 10/18  05:30:00,377.4087022587582,0.0
 10/18  05:45:00,143.39800500531618,0.0
 10/18  06:00:00,90.98,0.0
 10/18  06:15:00,143.41824483832426,0.0
 10/18  06:30:00,143.40731387650175,0.0
 10/18  06:45:00,97.39617863742292,0.0
 10/18  07:00:00,44.97999999999999,0.0
 10/18  07:15:00,131.1489544528631,0.0
 10/18  07:30:00,143.40437565311987,3.102447195952971
 10/18  07:45:00,1868.7053385804668,7.092752192924897
 10/18  08:00:00,3506.25476434472,11.206534403496093
 10/18  08:15:00,1621.028036650333,15.316809846506814
 10/18  08:30:00,1672.2440440053774,19.425779236886914
 10/18  08:45:00,1663.6523376426785,25.41215214792834
 10/18  09:00:00,3436.9741481650185,31.395909845594254
 10/18  09:15:00,2076.489489205105,37.37740402323173
 10/18  09:30:00,2103.1191835426253,43.35718351042432
 10/18  09:45:00,2106.021981351635,48.58303594191154
 10/18  10:00:00,2085.4292518873744,54.028324135288216
 10/18  10:15:00,7937.708901643435,59.608180576016686
 10/18  10:30:00,5750.218529961194,65.23316373737464
 10/18  10:45:00,2772.0946460733444,83.48021048470896
 10/18  11:00:00,2167.7078935662435,102.28836987831055
 10/18  11:15:00,51.11333333333333,121.59155881492899
 10/18  11:30:00,97.39982510570904,141.41363032125122
 10/18  11:45:00,124.99206043293802,142.82885662504341
 10/18  12:00:00,90.98,144.39467950285544
 10/18  12:15:00,128.05574652662838,146.08257316335778
 10/18  12:30:00,97.37365443037848,147.8818894108247
 10/18  12:45:00,48.04666666666666,144.88498846933953
 10/18  13:00:00,143.38377380903827,142.0364158841505
 10/18  13:15:00,143.36921796284108,139.42312479190053
 10/18  13:30:00,54.17999999999999,136.9345036375639
 10/18  13:45:00,97.38161523781132,129.78828809953959
 10/18  14:00:00,121.9002510149724,122.80252950283689
 10/18  14:15:00,90.98,115.96320657896318
 10/18  14:30:00,131.11315078925787,109.26763020623619
 10/18  14:45:00,97.3653882795311,99.0470470720531
 10/18  15:00:00,44.97999999999999,88.97519049148012
 10/18  15:15:00,2615.3042042444044,79.04376475040544
 10/18  15:30:00,2559.2967183578503,69.21720738686268
 10/18  15:45:00,2189.84263945998,58.34950989660065
 10/18  16:00:00,2063.052159214122,47.60144897259784
 10/18  16:15:00,7960.55974233941,36.9958667945448
 10/18  16:30:00,5758.821741802032,27.324035367490254
 10/18  16:45:00,2820.903848847803,21.226530359076808
 10/18  17:00:00,2332.126586206803,15.126862332651172
 10/18  17:15:00,2098.752172310398,9.027848729068168
 10/18  17:30:00,3425.0629692187067,2.9395493918150963
 10/18  17:45:00,4286.9421629010085,0.0
 10/18  18:00:00,4191.111832766353,0.0
 10/18  18:15:00,3815.362133724567,0.0
 10/18  18:30:00,3597.6932796679275,0.0
 10/18  18:45:00,2157.89028817803,0.0
 10/18  19:00:00,2190.924616246893,0.0
 10/18  19:15:00,2213.0335569164617,0.0
 10/18  19:30:00,2194.0267504182675,0.0
 10/18  19:45:00,2211.608453189392,0.0
 10/18  20:00:00,2239.591607628116,0.0
 10/18  20:15:00,2233.805360157036,0.0
 10/18  20:30:00,2193.4433026653264,0.0
 10/18  20:45:00,2192.4514439279237,0.0
 10/18  21:00:00,2231.7423145433977,0.0
 10/18  21:15:00,2237.618626866153,0.0
 10/18  21:30:00,2209.628842572122,0.0
 10/18  21:45:00,2190.4114099276376,0.0
 10/18  22:00:00,2204.871975508819,0.0
 10/18  22:15:00,292.31333333333333,0.0
 10/18  22:30:00,140.32751797867692,0.0
 10/18  22:45:00,97.38787314858898,0.0
 10/18  23:00:00,44.97999999999999,0.0
 10/18  23:15:00,1918.772345348067,0.0
 10/18  23:30:00,1017.090831000868,0.0
 10/18  23:45:00,141.98302666666663,0.0
 10/18  24:00:00,182.13873948029556,0.0
 10/19  00:15:00,152.75518488339867,0.0
 10/19  00:30:00,90.98,0.0
 10/19  00:45:00,134.19471871610313,0.0
 10/19  01:00:00,97.38141581373714,0.0
 10/19  01:15:00,44.97999999999999,0.0
 10/19  01:30:00,140.32884403921025,0.0
 10/19  01:45:00,143.38176729564174,0.0
 10/19  02:00:00,60.313333333333325,0.0
 10/19  02:15:00,97.3959768022315,0.0
 10/19  02:30:00,115.78264851607776,0.0
 10/19  02:45:00,90.98,0.0
 10/19  03:00:00,137.26394324506597,0.0
 10/19  03:15:00,97.38414014628154,0.0
 10/19  03:30:00,44.97999999999999,0.0
 10/19  03:45:00,137.26580334980196,0.0
 10/19  04:00:00,143.38608317443152,0.0
 10/19  04:15:00,63.38,0.0
 10/19  04:30:00,97.4000946044264,0.0
 10/19  04:45:00,112.7198361291782,0.0
 10/19  05:00:00,143.3726330340844,0.0
 10/19  05:15:00,106.58,0.0
 10/19  05:30:00,377.3869428931827,0.0
 10/19  05:45:00,143.37318215672806,0.0
 10/19  06:00:00,90.98,0.0
 10/19  06:15:00,143.38819587764658,0.0
 10/19  06:30:00,143.37533503275884,0.0
 10/19  06:45:00,44.97999999999999,0.0
 10/19  07:00:00,97.39154531133435,0.0
 10/19  07:15:00,131.1109298765141,0.0
 10/19  07:30:00,1741.0718662136169,4.5981892122533825
 10/19  07:45:00,2084.8519242997395,10.917265793741166
 10/19  08:00:00,3404.9292756983964,17.405569802639825
 10/19  08:15:00,1610.744026103729,23.999794333048982
 10/19  08:30:00,1670.2544771615826,30.771763311632068
 10/19  08:45:00,3495.314530146509,33.29865464714057
 10/19  09:00:00,3389.67687430262,36.23576056602394
 10/19  09:15:00,2058.8662251012865,39.19304428309934
 10/19  09:30:00,2085.244787078175,42.154780666271925
 10/19  09:45:00,2097.996874634308,47.167293121410225
 10/19  10:00:00,2079.862468340462,52.325653602154574
 10/19  10:15:00,2050.831779435864,57.70387706571665
 10/19  10:30:00,2055.390389826963,63.135208126637956
 10/19  10:45:00,2094.704543913699,66.69860027014298
 10/19  11:00:00,2094.249659396006,70.30821539835098
 10/19  11:15:00,1600.7864141078542,74.02789521771277
 10/19  11:30:00,1576.1624312440892,77.79631460458465
 10/19  11:45:00,1597.5247433981258,79.02345558321008
 10/19  12:00:00,1615.7833349284408,80.29666460488839
 10/19  12:15:00,2133.1933671920297,81.62012208348091
 10/19  12:30:00,2066.2606707188293,82.98597778176773
 10/19  12:45:00,2057.084541941849,96.27798446749354
 10/19  13:00:00,2101.265566187024,109.96619017178978
 10/19  13:15:00,2092.96162652538,123.87899164945784
 10/19  13:30:00,2047.0468163632456,138.256900418375
 10/19  13:45:00,2034.541968474747,194.8829468377205
 10/19  14:00:00,2056.810105730559,237.5096797046931
 10/19  14:15:00,2074.1427866097138,280.86678679902883
 10/19  14:30:00,2056.6354086694664,325.10144235598176
 10/19  14:45:00,2017.2441292590347,300.3319574871489
 10/19  15:00:00,2012.4301983646,287.91837994310896
 10/19  15:15:00,2469.304779789406,262.348649157408
 10/19  15:30:00,2466.3964523445525,235.94431514670583
 10/19  15:45:00,2124.287100041637,196.7213499159249
 10/19  16:00:00,2000.3435940778584,159.32108601611878
 10/19  16:15:00,2023.5868456797052,123.87831735191043
 10/19  16:30:00,7983.633195888743,83.00591001258226
 10/19  16:45:00,5799.6785411566925,61.80102382023432
 10/19  17:00:00,2919.2246718505185,41.8914855451431
 10/19  17:15:00,2134.4379403677813,23.089948324692177
 10/19  17:30:00,2072.362365716317,6.697744048013198
 10/19  17:45:00,4292.005792778204,0.0
 10/19  18:00:00,4328.213502112774,0.0
 10/19  18:15:00,3856.652100758698,0.0
 10/19  18:30:00,3576.81089773766,0.0
 10/19  18:45:00,2145.7992623044665,0.0
 10/19  19:00:00,2177.5209512233096,0.0
 10/19  19:15:00,8122.385451529275,0.0
 10/19  19:30:00,5875.2356249147015,0.0
 10/19  19:45:00,2680.081351145005,0.0
 10/19  20:00:00,2264.293864192048,0.0
 10/19  20:15:00,2223.4356932410947,0.0
 10/19  20:30:00,2183.7332540599145,0.0
 10/19  20:45:00,2187.5592111207634,0.0
 10/19  21:00:00,2228.361851010844,0.0
 10/19  21:15:00,2234.089192821343,0.0
 10/19  21:30:00,2206.490114343735,0.0
 10/19  21:45:00,2188.175274908574,0.0
 10/19  22:00:00,2203.510799563261,0.0
 10/19  22:15:00,1944.8629761620132,0.0
 10/19  22:30:00,87.91333333333334,0.0
 10/19  22:45:00,97.43990169109722,0.0
 10/19  23:00:00,97.42496557551698,0.0
 10/19  23:15:00,2003.6155349685391,0.0
 10/19  23:30:00,1833.6552420000005,0.0
 10/19  23:45:00,207.40162774553448,0.0
 10/19  24:00:00,195.13534903074373,0.0
 10/20  00:15:00,216.58409217649304,0.0
 10/20  00:30:00,241.10747457500224,0.0
 10/20  00:45:00,179.47263000000004,0.0
 10/20  01:00:00,195.1288307666776,0.0
 10/20  01:15:00,123.4781395201277,0.0
 10/20  01:30:00,140.35052657782356,0.0
 10/20  01:45:00,143.40746269973943,0.0
 10/20  02:00:00,60.313333333333325,0.0
 10/20  02:15:00,97.43022590075496,0.0
 10/20  02:30:00,115.82102858104967,0.0
 10/20  02:45:00,143.41173528958944,0.0
 10/20  03:00:00,84.84666666666666,0.0
 10/20  03:15:00,97.43514884085609,0.0
 10/20  03:30:00,97.4263763443768,0.0
 10/20  03:45:00,137.28421530969078,0.0
 10/20  04:00:00,143.4086663644181,0.0
 10/20  04:15:00,63.38,0.0
 10/20  04:30:00,97.43432696660652,0.0
 10/20  04:45:00,112.7598761058534,0.0
 10/20  05:00:00,143.41879105196713,0.0
 10/20  05:15:00,159.00938571173702,0.0
 10/20  05:30:00,324.97999999999985,0.0
 10/20  05:45:00,143.43233204548105,0.0
 10/20  06:00:00,143.42283838998597,0.0
 10/20  06:15:00,143.41368526972863,0.0
 10/20  06:30:00,90.98,0.0
 10/20  06:45:00,97.43700651537932,0.0
 10/20  07:00:00,97.42794100708508,0.0
 10/20  07:15:00,131.1522688839898,0.0
 10/20  07:30:00,1753.5016706330418,3.913649693225326
 10/20  07:45:00,2093.4482009117955,13.104463627882598
 10/20  08:00:00,3425.014562470836,23.806847056642265
 10/20  08:15:00,1628.1009444269655,33.85366629864995
 10/20  08:30:00,1683.7391010077567,43.7800630193357
 10/20  08:45:00,3513.9601852623814,59.7160205513415
 10/20  09:00:00,3405.765854577992,75.89084326516603
 10/20  09:15:00,2070.499688857604,92.35361496264687
 10/20  09:30:00,2095.751754869816,109.12537987703107
 10/20  09:45:00,2107.5098294401496,109.81278208371464
 10/20  10:00:00,2088.9265295838127,110.78700631771676
 10/20  10:15:00,2059.3200640794034,111.85004591418925
 10/20  10:30:00,2063.347796905417,112.96301087871433
 10/20  10:45:00,2102.1671256208547,119.44669683860205
 10/20  11:00:00,2101.1356676479204,126.08610126273514
 10/20  11:15:00,1607.172147458633,132.9349925682157
 10/20  11:30:00,1581.9888791755784,139.95088498089524
 10/20  11:45:00,1602.348188580765,142.05262375756772
 10/20  12:00:00,1619.759629243581,144.32871966268777
 10/20  12:15:00,2136.254381173508,146.80339220229982
 10/20  12:30:00,2068.1711346258458,149.39650936848776
 10/20  12:45:00,2056.187164916902,146.32004438503674
 10/20  13:00:00,2099.4934863731496,143.3894378209875
 10/20  13:15:00,2091.340219108437,140.53803316909233
 10/20  13:30:00,2046.246382719632,137.8040378252183
 10/20  13:45:00,2035.0263790797644,129.96537855094613
 10/20  14:00:00,2059.559084017608,122.32118510954943
 10/20  14:15:00,2080.484410291998,114.85908721006473
 10/20  14:30:00,2067.2454993623164,107.5835758699934
 10/20  14:45:00,2032.640371873569,97.2489597399813
 10/20  15:00:00,2032.0763059870872,87.06192588411369
 10/20  15:15:00,2491.835768013013,76.98098586553182
 10/20  15:30:00,2491.0691525214943,67.00875484714032
 10/20  15:45:00,2151.825165920477,58.99781720416152
 10/20  16:00:00,2027.2271758133284,51.049017866155
 10/20  16:15:00,2049.6004169610387,43.16869360901564
 10/20  16:30:00,7983.672471033264,35.328094945183985
 10/20  16:45:00,5822.701292360934,26.7925145839215
 10/20  17:00:00,2944.721534889994,18.78629601132799
 10/20  17:15:00,2157.1056925101598,10.884430512859517
 10/20  17:30:00,2093.429317075365,3.1159175142395132
 10/20  17:45:00,4297.184540746058,0.0
 10/20  18:00:00,4488.71289561047,0.0
 10/20  18:15:00,3977.695638702649,0.0
 10/20  18:30:00,3579.369433100007,0.0
 10/20  18:45:00,2160.725419694053,0.0
 10/20  19:00:00,2194.7478781644804,0.0
 10/20  19:15:00,8122.40233571773,0.0
 10/20  19:30:00,5889.701524579334,0.0
 10/20  19:45:00,2696.64311984093,0.0
 10/20  20:00:00,2279.766402291624,0.0
 10/20  20:15:00,2238.287317392116,0.0
 10/20  20:30:00,2197.8492587322653,0.0
 10/20  20:45:00,2200.849046302049,0.0
 10/20  21:00:00,2240.799439211023,0.0
 10/20  21:15:00,2245.9564750762765,0.0
 10/20  21:30:00,2217.93612462664,0.0
 10/20  21:45:00,2199.353515125973,0.0
 10/20  22:00:00,2214.468434859255,0.0
 10/20  22:15:00,1958.249325556248,0.0
 10/20  22:30:00,87.91333333333334,0.0
 10/20  22:45:00,97.43450878843385,0.0
 10/20  23:00:00,97.420978249945,0.0
 10/20  23:15:00,188.7576177120021,0.0
 10/20  23:30:00,930.183988,0.0
 10/20  23:45:00,155.04725539753736,0.0
 10/20  24:00:00,142.77127679883924,0.0
 10/21  00:15:00,164.2293536799637,0.0
 10/21  00:30:00,188.7540567450309,0.0
 10/21  00:45:00,127.12598,0.0
 10/21  01:00:00,142.77892608124114,0.0
 10/21  01:15:00,1068.9469890003702,0.0
 10/21  01:30:00,1376.5056686728371,0.0
 10/21  01:45:00,188.7778919058518,0.0
 10/21  02:00:00,105.65931333333332,0.0
 10/21  02:15:00,130.68896238767277,0.0
 10/21  02:30:00,115.82652052134992,0.0
 10/21  02:45:00,143.41767251879614,0.0
 10/21  03:00:00,84.84666666666666,0.0
 10/21  03:15:00,97.44237760116144,0.0
 10/21  03:30:00,97.43450341817976,0.0
 10/21  03:45:00,137.29327711226978,0.0
 10/21  04:00:00,143.41870013840128,0.0
 10/21  04:15:00,63.38,0.0
 10/21  04:30:00,97.44511674897032,0.0
 10/21  04:45:00,112.77107431170651,0.0
 10/21  05:00:00,143.43037300732811,0.0
 10/21  05:15:00,159.02386009243975,0.0
 10/21  05:30:00,377.4174596039392,0.0
 10/21  05:45:00,90.98,0.0
 10/21  06:00:00,143.447209204538,0.0
 10/21  06:15:00,143.4406485531727,0.0
 10/21  06:30:00,143.43411276773065,0.0
 10/21  06:45:00,97.42760317142256,0.0
 10/21  07:00:00,97.42112182213808,0.0
 10/21  07:15:00,78.71333333333334,0.0
 10/21  07:30:00,143.4519150725922,7.911389303267005
 10/21  07:45:00,2053.3393964783104,28.25754625954931
 10/21  08:00:00,3505.67322554732,52.80025904944669
 10/21  08:15:00,1651.2314380960922,80.32864130715122
 10/21  08:30:00,1701.1531970005783,104.718384185512
 10/21  08:45:00,1691.8801921002027,146.97476649439298
 10/21  09:00:00,3490.0961391222318,203.1709000745357
 10/21  09:15:00,2112.9639080945885,255.2666644892484
 10/21  09:30:00,2131.844029987987,311.045158553527
 10/21  09:45:00,2130.6714992413627,351.3305593409367
 10/21  10:00:00,2108.083813290016,408.09412707534324
 10/21  10:15:00,7939.110110510855,454.9908812615644
 10/21  10:30:00,5733.454036304355,503.22977272718566
 10/21  10:45:00,2786.684162974717,508.3374157617824
 10/21  11:00:00,2152.37049603622,511.38696573046167
 10/21  11:15:00,51.11333333333333,511.513526122376
 10/21  11:30:00,97.42146536874822,492.9852776844946
 10/21  11:45:00,125.0011368756038,500.53790947673497
 10/21  12:00:00,90.98,506.0734693767773
 10/21  12:15:00,128.085238227869,510.3769951114977
 10/21  12:30:00,97.40755381671346,513.3803161417643
 10/21  12:45:00,100.46305296715688,507.61547156676744
 10/21  13:00:00,90.98,500.74858234760995
 10/21  13:15:00,143.415683446617,492.3549932433505
 10/21  13:30:00,106.60462642320368,482.82980232575375
 10/21  13:45:00,97.39341909988192,446.1924970138231
 10/21  14:00:00,69.51333333333332,409.82443964130726
 10/21  14:15:00,143.41228468489726,373.5532127717626
 10/21  14:30:00,131.1339562018512,322.7964144658142
 10/21  14:45:00,97.3887483227534,289.43937638591274
 10/21  15:00:00,44.97999999999999,256.90046516841784
 10/21  15:15:00,2610.908429605305,225.79729962716434
 10/21  15:30:00,2548.0424137123287,196.33038917864783
 10/21  15:45:00,2180.41193916427,155.14568130453094
 10/21  16:00:00,2054.815508501315,126.56158325790051
 10/21  16:15:00,7960.551667648939,99.22107619179907
 10/21  16:30:00,5754.303401427653,73.3930474807459
 10/21  16:45:00,2815.2993562928477,54.8811285671693
 10/21  17:00:00,2327.601946467997,37.06516797666522
 10/21  17:15:00,2095.066715492511,19.309484587292257
 10/21  17:30:00,3431.4779900803787,4.673560466527958
 10/21  17:45:00,4452.573582700788,0.0
 10/21  18:00:00,4307.263915286972,0.0
 10/21  18:15:00,4055.08962600031,0.0
 10/21  18:30:00,3575.507914221799,0.0
 10/21  18:45:00,2165.0263185130534,0.0
 10/21  19:00:00,2197.5419746508087,0.0
 10/21  19:15:00,2220.2211527785503,0.0
 10/21  19:30:00,2202.050500010044,0.0
 10/21  19:45:00,2220.5818539209595,0.0
 10/21  20:00:00,2249.1770986650663,0.0
 10/21  20:15:00,2244.214603668954,0.0
 10/21  20:30:00,2204.739718281839,0.0
 10/21  20:45:00,2204.71241468718,0.0
 10/21  21:00:00,2245.023825596999,0.0
 10/21  21:15:00,2251.88381208475,0.0
 10/21  21:30:00,2224.8785847410736,0.0
 10/21  21:45:00,2206.611229735084,0.0
 10/21  22:00:00,2222.000899604325,0.0
 10/21  22:15:00,292.31333333333333,0.0
 10/21  22:30:00,140.390165471404,0.0
 10/21  22:45:00,97.45192774919308,0.0
 10/21  23:00:00,97.44711985559826,0.0
 10/21  23:15:00,143.44240828227183,0.0
 10/21  23:30:00,143.43780393477454,0.0
 10/21  23:45:00,109.6999758662384,0.0
 10/21  24:00:00,44.97999999999999,0.0
 10/22  00:15:00,118.93295650244664,0.0
 10/22  00:30:00,143.46177453607325,0.0
 10/22  00:45:00,134.2573128038677,0.0
 10/22  01:00:00,97.45290550220336,0.0
 10/22  01:15:00,97.44753940176004,0.0
 10/22  01:30:00,140.37544377389654,0.0
 10/22  01:45:00,143.43661801717153,0.0
 10/22  02:00:00,60.313333333333325,0.0
 10/22  02:15:00,97.46838258418612,0.0
 10/22  02:30:00,115.86383921868378,0.0
 10/22  02:45:00,143.45933104641583,0.0
 10/22  03:00:00,137.32152584592956,0.0
 10/22  03:15:00,97.45093194221177,0.0
 10/22  03:30:00,97.44710263360244,0.0
 10/22  03:45:00,137.31003980189166,0.0
 10/22  04:00:00,90.98,0.0
 10/22  04:15:00,115.87987820091166,0.0
 10/22  04:30:00,97.47850423655538,0.0
 10/22  04:45:00,112.81076207260271,0.0
 10/22  05:00:00,143.47665564644578,0.0
 10/22  05:15:00,159.0746643875252,0.0
 10/22  05:30:00,377.47280375025554,0.0
 10/22  05:45:00,143.4710752523012,0.0
 10/22  06:00:00,143.46947951712758,0.0
 10/22  06:15:00,143.46784897705362,0.0
 10/22  06:30:00,143.46633359129095,0.0
 10/22  06:45:00,97.46493433437637,0.0
 10/22  07:00:00,97.46365188703774,0.0
 10/22  07:15:00,131.19514332149885,0.0
 10/22  07:30:00,143.4600055663559,6.4617219936308645
 10/22  07:45:00,2137.8245723201835,23.721868172365888
 10/22  08:00:00,3513.4112478732354,50.14486094148136
 10/22  08:15:00,1678.8080255990135,72.23235082585963
 10/22  08:30:00,1728.125755248622,96.01474462266214
 10/22  08:45:00,1719.4222423072447,147.80557193268385
 10/22  09:00:00,3540.495830875272,195.28662652069104
 10/22  09:15:00,2145.736861537467,246.27086335941954
 10/22  09:30:00,2159.7500491881738,300.07276562969054
 10/22  09:45:00,2158.667984093342,340.7419934818047
 10/22  10:00:00,2136.853817182752,397.2340233780063
 10/22  10:15:00,7939.125132524461,441.7070580406222
 10/22  10:30:00,5756.038725086064,487.4433463166506
 10/22  10:45:00,2813.7603930102,514.9910428602178
 10/22  11:00:00,2177.100140753629,542.6802528070438
 10/22  11:15:00,51.11333333333333,573.0827174078303
 10/22  11:30:00,97.43950027148918,609.2592210494106
 10/22  11:45:00,125.0259422975863,603.4617990506977
 10/22  12:00:00,143.4116503581727,603.5979973961255
 10/22  12:15:00,75.64666666666666,599.4334660274212
 10/22  12:30:00,97.42525674388432,593.1048781972535
 10/22  12:45:00,100.47729176569328,582.0027912608753
 10/22  13:00:00,143.3953546642409,569.1851523541841
 10/22  13:15:00,90.98,557.1474325050029
 10/22  13:30:00,106.61522943564115,543.2833028914473
 10/22  13:45:00,97.40456935470893,531.3910543557218
 10/22  14:00:00,121.92714818905094,517.5015529740195
 10/22  14:15:00,90.98,499.797527613646
 10/22  14:30:00,131.14400911695998,480.54472620631645
 10/22  14:45:00,97.39812576761418,444.9246002644308
 10/22  15:00:00,55.11967868793701,409.0313459450268
 10/22  15:15:00,2619.4259301859006,373.7828048161012
 10/22  15:30:00,2541.547497943545,337.9734881595556
 10/22  15:45:00,2177.426355668893,275.9779983406879
 10/22  16:00:00,2050.907352765736,206.62941558007412
 10/22  16:15:00,7960.54775557489,155.55818599797203
 10/22  16:30:00,5751.019194886818,102.36290297289439
 10/22  16:45:00,2812.629098105724,75.76254351843538
 10/22  17:00:00,2327.04788674994,51.28245833373025
 10/22  17:15:00,2095.517773776528,26.920321557012585
 10/22  17:30:00,3442.8702010792344,5.457780577236777
 10/22  17:45:00,4492.768688706338,0.0
 10/22  18:00:00,4375.921449418524,0.0
 10/22  18:15:00,4187.923229271968,0.0
 10/22  18:30:00,3556.5343672335543,0.0
 10/22  18:45:00,2166.910681770244,0.0
 10/22  19:00:00,2198.764960365914,0.0
 10/22  19:15:00,2221.743229607697,0.0
 10/22  19:30:00,2203.998975158458,0.0
 10/22  19:45:00,2223.067068863376,0.0
 10/22  20:00:00,2252.0795511041533,0.0
 10/22  20:15:00,2247.278808963108,0.0
 10/22  20:30:00,2207.7684076486844,0.0
 10/22  20:45:00,2207.487425762557,0.0
 10/22  21:00:00,2247.4530564602005,0.0
 10/22  21:15:00,2254.1446342879635,0.0
 10/22  21:30:00,2227.1340937805744,0.0
 10/22  21:45:00,2209.0534643687874,0.0
 10/22  22:00:00,2224.7173716023526,0.0
 10/22  22:15:00,292.31333333333333,0.0
 10/22  22:30:00,140.39024403296676,0.0
 10/22  22:45:00,97.45132895803482,0.0
 10/22  23:00:00,97.46348243808524,0.0
 10/22  23:15:00,1105.1809937781013,0.0
 10/22  23:30:00,203.15015350909147,0.0
 10/22  23:45:00,169.41328445281442,0.0
 10/22  24:00:00,104.66846,0.0
 10/23  00:15:00,122.91351389002308,0.0
 10/23  00:30:00,143.4632575918174,0.0
 10/23  00:45:00,134.25895394293437,0.0
 10/23  01:00:00,97.45470652295351,0.0
 10/23  01:15:00,97.450685917394,0.0
 10/23  01:30:00,140.38007765738905,0.0
 10/23  01:45:00,143.44288312242782,0.0
 10/23  02:00:00,60.313333333333325,0.0
 10/23  02:15:00,97.47790697841118,0.0
 10/23  02:30:00,115.87502053519196,0.0
 10/23  02:45:00,143.47227491703023,0.0
 10/23  03:00:00,137.33633875728907,0.0
 10/23  03:15:00,97.4685681907803,0.0
 10/23  03:30:00,97.4677697369759,0.0
 10/23  03:45:00,137.33394681751173,0.0
 10/23  04:00:00,143.46710256407272,0.0
 10/23  04:15:00,115.86402260859856,0.0
 10/23  04:30:00,97.46087823253656,0.0
 10/23  04:45:00,112.79100196460328,0.0
 10/23  05:00:00,143.4543933584278,0.0
 10/23  05:15:00,106.58,0.0
 10/23  05:30:00,377.492168133271,0.0
 10/23  05:45:00,143.49024119410612,0.0
 10/23  06:00:00,143.48838746872872,0.0
 10/23  06:15:00,143.48660767000803,0.0
 10/23  06:30:00,143.48490226907407,0.0
 10/23  06:45:00,97.4832717287201,0.0
 10/23  07:00:00,97.48171672998068,0.0
 10/23  07:15:00,131.21374014649746,0.0
 10/23  07:30:00,143.47919325921268,8.084567142493922
 10/23  07:45:00,2180.603846835585,29.917900528070348
 10/23  08:00:00,3538.3980994534472,81.1496487068623
 10/23  08:15:00,1689.7597094332882,124.02266353850351
 10/23  08:30:00,1737.863905729303,177.48125945230063
 10/23  08:45:00,1728.3844493902377,215.0587419233972
 10/23  09:00:00,3548.9811344151576,258.1441553222563
 10/23  09:15:00,2144.160184487001,300.30419383407065
 10/23  09:30:00,2157.7491742032944,341.85159050335614
 10/23  09:45:00,2155.49237525496,380.3514416865496
 10/23  10:00:00,2132.33189396142,419.474538617605
 10/23  10:15:00,7939.120894886157,459.0938457359184
 10/23  10:30:00,5752.093494000738,498.430970156581
 10/23  10:45:00,2809.8692730482944,525.2448045829082
 10/23  11:00:00,2174.0818483737808,558.301885855767
 10/23  11:15:00,51.11333333333333,589.0449860922442
 10/23  11:30:00,97.4368447652778,620.3224287693574
 10/23  11:45:00,125.02642591643767,636.4557484000303
 10/23  12:00:00,143.41566355793344,650.5601163660475
 10/23  12:15:00,75.64666666666666,657.4900683419565
 10/23  12:30:00,97.42966807061228,662.0516386353784
 10/23  12:45:00,100.48183560037003,648.6274807685461
 10/23  13:00:00,143.40000616445985,633.8328187323658
 10/23  13:15:00,90.98,617.5117960468206
 10/23  13:30:00,106.6127684094383,599.2863884581091
 10/23  13:45:00,97.3979486602132,573.1124803382905
 10/23  14:00:00,121.9159147451284,538.9086346373697
 10/23  14:15:00,90.98,511.6927445981191
 10/23  14:30:00,131.1301014270904,483.253837403275
 10/23  14:45:00,97.38284168966362,440.8693042409439
 10/23  15:00:00,44.97999999999999,399.1344956940997
 10/23  15:15:00,2608.44437337252,358.197485195737
 10/23  15:30:00,2533.9650386821,318.15996482319866
 10/23  15:45:00,2170.3176185014768,260.43131147655225
 10/23  16:00:00,2043.9045657255845,195.22472021578008
 10/23  16:15:00,7960.541195275099,147.3756212075435
 10/23  16:30:00,5744.531552458791,96.86405686962519
 10/23  16:45:00,2804.5359926711963,71.83621666245777
 10/23  17:00:00,2318.3116593611885,48.667841178957424
 10/23  17:15:00,2086.8559555363886,24.9344284625028
 10/23  17:30:00,3439.660152763314,4.653361634474826
 10/23  17:45:00,4588.897948060903,0.0
 10/23  18:00:00,4452.798161282075,0.0
 10/23  18:15:00,4190.775296894764,0.0
 10/23  18:30:00,3556.041069452357,0.0
 10/23  18:45:00,2165.630766894083,0.0
 10/23  19:00:00,2198.1243937469176,0.0
 10/23  19:15:00,2221.6583286159785,0.0
 10/23  19:30:00,2204.0580450305047,0.0
 10/23  19:45:00,2223.271846458782,0.0
 10/23  20:00:00,2252.148530239473,0.0
 10/23  20:15:00,2247.845927866472,0.0
 10/23  20:30:00,2209.278175129878,0.0
 10/23  20:45:00,2210.517890759716,0.0
 10/23  21:00:00,2252.265093890021,0.0
 10/23  21:15:00,2259.1286221217915,0.0
 10/23  21:30:00,2231.314410188571,0.0
 10/23  21:45:00,2211.369031205096,0.0
 10/23  22:00:00,2224.747730513882,0.0
 10/23  22:15:00,292.31333333333333,0.0
 10/23  22:30:00,140.39227410064893,0.0
 10/23  22:45:00,97.45562434724748,0.0
 10/23  23:00:00,97.45256677277692,0.0
 10/23  23:15:00,143.4482551365023,0.0
 10/23  23:30:00,143.44402888947968,0.0
 10/23  23:45:00,109.70656500395772,0.0
 10/23  24:00:00,44.97999999999999,0.0
 10/24  00:15:00,118.94076568486734,0.0
 10/24  00:30:00,143.47063310613373,0.0
 10/24  00:45:00,134.26728473253985,0.0
 10/24  01:00:00,97.46405603332238,0.0
 10/24  01:15:00,97.45841016525546,0.0
 10/24  01:30:00,140.38592283862675,0.0
 10/24  01:45:00,143.44659166482896,0.0
 10/24  02:00:00,112.77374765102128,0.0
 10/24  02:15:00,44.97999999999999,0.0
 10/24  02:30:00,115.879174063009,0.0
 10/24  02:45:00,143.47826770661968,0.0
 10/24  03:00:00,137.3443850375288,0.0
 10/24  03:15:00,97.4746526458986,0.0
 10/24  03:30:00,97.47161675812056,0.0
 10/24  03:45:00,137.3352782256548,0.0
 10/24  04:00:00,143.4656373497651,0.0
 10/24  04:15:00,115.8632023348473,0.0
 10/24  04:30:00,97.46085905745323,0.0
 10/24  04:45:00,112.79194176217332,0.0
 10/24  05:00:00,143.45645124119193,0.0
 10/24  05:15:00,159.05489633145694,0.0
 10/24  05:30:00,324.97999999999985,0.0
 10/24  05:45:00,143.49426806449878,0.0
 10/24  06:00:00,143.49325246900844,0.0
 10/24  06:15:00,143.4898487810845,0.0
 10/24  06:30:00,143.48630463444098,0.0
 10/24  06:45:00,97.48261976607566,0.0
 10/24  07:00:00,97.47879288796511,0.0
 10/24  07:15:00,131.20798702899555,0.0
 10/24  07:30:00,143.4703507193422,4.01555023433379
 10/24  07:45:00,2186.8320240962803,9.843443652536273
 10/24  08:00:00,3552.837440760971,15.14257242957383
 10/24  08:15:00,1693.22405295712,20.739622796883946
 10/24  08:30:00,1741.1822218163506,26.31786475261778
 10/24  08:45:00,1731.8941306103457,81.8601553763645
 10/24  09:00:00,3555.02159535953,133.23935567655192
 10/24  09:15:00,2145.528456038292,188.574763026891
 10/24  09:30:00,2159.1232980799605,257.93325587398954
 10/24  09:45:00,2157.623251020279,298.38483443161755
 10/24  10:00:00,2135.2338737263717,341.61620819603036
 10/24  10:15:00,7939.124729242558,386.67235833130326
 10/24  10:30:00,5756.252328293968,447.18416897564424
 10/24  10:45:00,2815.2677955302283,457.66440306246045
 10/24  11:00:00,2179.715861579221,468.4853514622641
 10/24  11:15:00,51.11333333333333,463.40080907093443
 10/24  11:30:00,97.43573252726998,473.35007395017203
 10/24  11:45:00,125.0250260554395,427.6862386001344
 10/24  12:00:00,143.4139534588538,380.59181390639856
 10/24  12:15:00,75.64666666666666,312.8082052515067
 10/24  12:30:00,97.43230439698294,243.37268975232152
 10/24  12:45:00,100.487013288024,236.49116991824204
 10/24  13:00:00,143.40799051257468,228.33778420642685
 10/24  13:15:00,143.39623577050062,220.4016149969205
 10/24  13:30:00,54.17999999999999,212.7785495532653
 10/24  13:45:00,97.41419650735833,235.4468872866683
 10/24  14:00:00,121.93536925848107,271.9048631198169
 10/24  14:15:00,90.98,290.021532912637
 10/24  14:30:00,131.15378661373552,306.2448214575574
 10/24  14:45:00,97.40892280708036,243.99363888867256
 10/24  15:00:00,97.39716862070544,185.00998295456384
 10/24  15:15:00,2608.178647530085,117.01720707750056
 10/24  15:30:00,2590.5860182384117,59.30105227785296
 10/24  15:45:00,2221.7818077036072,46.74579234668528
 10/24  16:00:00,2095.7252515751616,34.72607841780165
 10/24  16:15:00,7960.593924668972,23.69863923337525
 10/24  16:30:00,5790.327539441121,12.673696378447913
 10/24  16:45:00,2859.1613956686883,9.698115238471521
 10/24  17:00:00,2369.422483773119,6.715611036195845
 10/24  17:15:00,2136.460560832954,3.7306171407443025
 10/24  17:30:00,3504.045575124474,0.0
 10/24  17:45:00,5174.910254920751,0.0
 10/24  18:00:00,5061.418425207332,0.0
 10/24  18:15:00,4245.199810837743,0.0
 10/24  18:30:00,3607.85117700573,0.0
 10/24  18:45:00,2201.5416425456774,0.0
 10/24  19:00:00,2232.46789971438,0.0
 10/24  19:15:00,2255.187591402824,0.0
 10/24  19:30:00,2237.297031999593,0.0
 10/24  19:45:00,2256.185605595958,0.0
 10/24  20:00:00,2285.024046347796,0.0
 10/24  20:15:00,2280.362754251262,0.0
 10/24  20:30:00,2241.197782164418,0.0
 10/24  20:45:00,2241.504385195601,0.0
 10/24  21:00:00,2282.1601094794614,0.0
 10/24  21:15:00,2289.3216167475475,0.0
 10/24  21:30:00,2262.626751405619,0.0
 10/24  21:45:00,2244.681291003651,0.0
 10/24  22:00:00,2260.3939138787555,0.0
 10/24  22:15:00,292.31333333333333,0.0
 10/24  22:30:00,140.38710593213105,0.0
 10/24  22:45:00,97.4488903221586,0.0
 10/24  23:00:00,97.46183480042136,0.0
 10/24  23:15:00,2014.951677286399,0.0
 10/24  23:30:00,1305.9766825311638,0.0
 10/24  23:45:00,1503.3613333333335,0.0
 10/24  24:00:00,118.12376109146336,0.0
 10/25  00:15:00,118.92352485914054,0.0
 10/25  00:30:00,143.45249495782576,0.0
 10/25  00:45:00,134.24826524509012,0.0
 10/25  01:00:00,97.44418313694004,0.0
 10/25  01:15:00,97.43923739366356,0.0
 10/25  01:30:00,140.3676582227892,0.0
 10/25  01:45:00,90.98,0.0
 10/25  02:00:00,112.80008477409264,0.0
 10/25  02:15:00,97.46332863344196,0.0
 10/25  02:30:00,115.8600782129572,0.0
 10/25  02:45:00,143.457003540323,0.0
 10/25  03:00:00,137.32077411509815,0.0
 10/25  03:15:00,97.45071630785938,0.0
 10/25  03:30:00,97.447429104324,0.0
 10/25  03:45:00,137.31091401616823,0.0
 10/25  04:00:00,90.98,0.0
 10/25  04:15:00,115.88249401305856,0.0
 10/25  04:30:00,97.48222427677987,0.0
 10/25  04:45:00,112.81565058118314,0.0
 10/25  05:00:00,143.48277642828236,0.0
 10/25  05:15:00,159.08157288149886,0.0
 10/25  05:30:00,377.4805038736261,0.0
 10/25  05:45:00,143.47957045387048,0.0
 10/25  06:00:00,143.47877313926847,0.0
 10/25  06:15:00,143.4752340201999,0.0
 10/25  06:30:00,143.47149381889847,0.0
 10/25  06:45:00,97.4675514958032,0.0
 10/25  07:00:00,97.46340580278849,0.0
 10/25  07:15:00,131.19238908044375,0.0
 10/25  07:30:00,143.4544994232631,1.6104238398072017
 10/25  07:45:00,2183.007544433943,5.247580928709747
 10/25  08:00:00,3586.9648843094283,8.541372638608228
 10/25  08:15:00,1710.581185081402,12.013853372106595
 10/25  08:30:00,1758.3532570590555,15.474377303368954
 10/25  08:45:00,1749.2132622274848,21.254876041132114
 10/25  09:00:00,3602.233176466656,27.014888853733773
 10/25  09:15:00,2182.1096960451555,32.76316062742288
 10/25  09:30:00,2198.3743315670326,38.50320190911138
 10/25  09:45:00,2200.1418016477423,43.655569874921895
 10/25  10:00:00,2180.2598631546725,48.80347962579752
 10/25  10:15:00,7939.174366615962,54.1749592615065
 10/25  10:30:00,5801.582836606478,59.72575799396922
 10/25  10:45:00,2873.691072902002,77.05186421744897
 10/25  11:00:00,2240.24483337382,94.89749891668276
 10/25  11:15:00,51.11333333333332,113.23248573616132
 10/25  11:30:00,97.4508261056333,132.07091039834432
 10/25  11:45:00,125.04170118674531,209.8203589476753
 10/25  12:00:00,143.43224931699845,290.8175932670137
 10/25  12:15:00,128.0887874630987,353.9092581861889
 10/25  12:30:00,44.97999999999999,433.59637219442493
 10/25  12:45:00,100.50936077343738,457.3379981272743
 10/25  13:00:00,143.43177243828217,480.77748206021306
 10/25  13:15:00,143.421138023166,520.8016311487632
 10/25  13:30:00,106.6101828754136,540.8234236044414
 10/25  13:45:00,44.97999999999999,439.6713748604641
 10/25  14:00:00,121.9626967512783,359.72435110149667
 10/25  14:15:00,143.41835207724458,264.57942392935513
 10/25  14:30:00,131.1403919643156,174.03450608424555
 10/25  14:45:00,44.97999999999999,145.17585140357198
 10/25  15:00:00,97.42555778318756,116.74449357327394
 10/25  15:15:00,2699.795645738392,82.35652295282762
 10/25  15:30:00,2639.7231446944093,58.05965415012545
 10/25  15:45:00,2270.7474906976795,45.60162576137184
 10/25  16:00:00,2144.64764927564,33.839099271942416
 10/25  16:15:00,7960.631141578217,22.918733457279888
 10/25  16:30:00,5830.274963533006,12.005400017950336
 10/25  16:45:00,2908.571244358244,9.384202128760593
 10/25  17:00:00,2416.6953145163284,6.75722706888042
 10/25  17:15:00,2183.061300854214,4.12965703766175
 10/25  17:30:00,3564.040961653423,0.0
 10/25  17:45:00,5443.922899610478,0.0
 10/25  18:00:00,5340.752833028563,0.0
 10/25  18:15:00,4297.895438396016,0.0
 10/25  18:30:00,3665.599351191384,0.0
 10/25  18:45:00,2242.911993680676,0.0
 10/25  19:00:00,2274.694741014204,0.0
 10/25  19:15:00,2296.7689856937623,0.0
 10/25  19:30:00,2278.191103542391,0.0
 10/25  19:45:00,2296.2360765375083,0.0
 10/25  20:00:00,2324.3916413005463,0.0
 10/25  20:15:00,2318.939263904254,0.0
 10/25  20:30:00,2278.874220344644,0.0
 10/25  20:45:00,2278.148810046458,0.0
 10/25  21:00:00,2317.69659921579,0.0
 10/25  21:15:00,2323.8967230861645,0.0
 10/25  21:30:00,2296.355217095796,0.0
 10/25  21:45:00,2277.672335203028,0.0
 10/25  22:00:00,2292.6726006630734,0.0
 10/25  22:15:00,292.31333333333333,0.0
 10/25  22:30:00,140.3672973276759,0.0
 10/25  22:45:00,97.43430060447322,0.0
 10/25  23:00:00,97.42499249208656,0.0
 10/25  23:15:00,1866.353,0.0
 10/25  23:30:00,1017.133429615876,0.0
 10/25  23:45:00,194.4387653740081,0.0
 10/25  24:00:00,182.1746640811038,0.0
 10/26  00:15:00,152.76893679380885,0.0
 10/26  00:30:00,90.98,0.0
 10/26  00:45:00,134.23202271069292,0.0
 10/26  01:00:00,97.42335294621384,0.0
 10/26  01:15:00,97.41444671375872,0.0
 10/26  01:30:00,87.91333333333333,0.0
 10/26  01:45:00,143.43832347810283,0.0
 10/26  02:00:00,112.76289810102544,0.0
 10/26  02:15:00,97.42021284990189,0.0
 10/26  02:30:00,115.81071401403015,0.0
 10/26  02:45:00,90.98,0.0
 10/26  03:00:00,137.30002830400113,0.0
 10/26  03:15:00,97.42383231449848,0.0
 10/26  03:30:00,97.4141517303576,0.0
 10/26  03:45:00,137.27098339881604,0.0
 10/26  04:00:00,90.98,0.0
 10/26  04:15:00,115.82665508388683,0.0
 10/26  04:30:00,97.4169750310374,0.0
 10/26  04:45:00,112.74048920900388,0.0
 10/26  05:00:00,90.98,0.0
 10/26  05:15:00,159.02920652433664,0.0
 10/26  05:30:00,377.4194116026362,0.0
 10/26  05:45:00,143.40947401496766,0.0
 10/26  06:00:00,90.98,0.0
 10/26  06:15:00,143.4317848262309,0.0
 10/26  06:30:00,143.42262325776818,0.0
 10/26  06:45:00,97.41339633678692,0.0
 10/26  07:00:00,97.40410512402906,0.0
 10/26  07:15:00,78.71333333333334,0.0
 10/26  07:30:00,1892.4351136434448,2.3411826616902434
 10/26  07:45:00,2192.4433768458584,7.80554665384755
 10/26  08:00:00,3586.329791838261,12.828696255050469
 10/26  08:15:00,1707.4583114164889,18.102559244955042
 10/26  08:30:00,1759.0158461537442,23.37121112469773
 10/26  08:45:00,3667.680382521058,40.59897918280274
 10/26  09:00:00,3560.267045440007,58.6345559686607
 10/26  09:15:00,2161.045662797078,77.01468747511888
 10/26  09:30:00,2185.5468538760683,95.69713367499241
 10/26  09:45:00,2196.3065705801228,96.67041048074184
 10/26  10:00:00,2177.591118511407,97.97149049238408
 10/26  10:15:00,2147.8657597746583,99.41587053571521
 10/26  10:30:00,2151.842482454636,100.94553030683937
 10/26  10:45:00,2190.619189498116,173.12984304005067
 10/26  11:00:00,2188.674677622991,252.32023558007182
 10/26  11:15:00,1678.089298396479,318.06106317825424
 10/26  11:30:00,1655.333802024864,401.2826586494013
 10/26  11:45:00,1674.8134743256812,382.5314477848753
 10/26  12:00:00,1691.4104375373215,381.0090786797661
 10/26  12:15:00,2218.239988312732,379.056737741008
 10/26  12:30:00,2146.3160740260028,376.710737838308
 10/26  12:45:00,2124.5663852967414,357.39265293411336
 10/26  13:00:00,2165.0183176298306,338.1521624148881
 10/26  13:15:00,2155.599561048659,318.30971084338233
 10/26  13:30:00,2109.7768612767127,298.4126733532473
 10/26  13:45:00,2097.427706825941,333.00456202721136
 10/26  14:00:00,2119.8465312129133,379.76549206824006
 10/26  14:15:00,2137.378893634852,406.5356115852346
 10/26  14:30:00,2120.000948312409,429.5329456795334
 10/26  14:45:00,2081.056298870941,407.1687213470084
 10/26  15:00:00,2076.859101946413,371.12772579154176
 10/26  15:15:00,2533.9394136169867,335.58150560085926
 10/26  15:30:00,2530.9445084382114,299.66824108520944
 10/26  15:45:00,2188.7224838942125,226.85908672381504
 10/26  16:00:00,2065.2039895699672,172.31138697096785
 10/26  16:15:00,2089.052254626986,113.76509730010702
 10/26  16:30:00,7983.737969146319,64.05838177860593
 10/26  16:45:00,5863.10340824757,47.517042647390724
 10/26  17:00:00,2993.4811851166464,31.57613769579279
 10/26  17:15:00,2204.8816465300574,15.623486383380957
 10/26  17:30:00,2142.344384127769,0.0
 10/26  17:45:00,4885.072448520459,0.0
 10/26  18:00:00,5243.54824423622,0.0
 10/26  18:15:00,4279.311463489477,0.0
 10/26  18:30:00,3635.262967253912,0.0
 10/26  18:45:00,2214.25102487274,0.0
 10/26  19:00:00,2245.733239920569,0.0
 10/26  19:15:00,8122.454388585199,0.0
 10/26  19:30:00,5933.634734237754,0.0
 10/26  19:45:00,2749.8023199226554,0.0
 10/26  20:00:00,2331.048326385528,0.0
 10/26  20:15:00,2289.547294469985,0.0
 10/26  20:30:00,2249.375069501254,0.0
 10/26  20:45:00,2252.817674738763,0.0
 10/26  21:00:00,2293.262585089423,0.0
 10/26  21:15:00,2298.549968373047,0.0
 10/26  21:30:00,2270.511773527533,0.0
 10/26  21:45:00,2251.7564773667964,0.0
 10/26  22:00:00,2266.638418134091,0.0
 10/26  22:15:00,2028.4454272788623,0.0
 10/26  22:30:00,87.91333333333333,0.0
 10/26  22:45:00,97.4380554445059,0.0
 10/26  23:00:00,97.44215077836311,0.0
 10/26  23:15:00,2003.6150591518287,0.0
 10/26  23:30:00,1833.6552420000005,0.0
 10/26  23:45:00,207.40055994196783,0.0
 10/26  24:00:00,195.1334883593432,0.0
 10/27  00:15:00,216.5843019751383,0.0
 10/27  00:30:00,241.1099747252544,0.0
 10/27  00:45:00,179.47263000000004,0.0
 10/27  01:00:00,195.13670102278255,0.0
 10/27  01:15:00,123.48805393302004,0.0
 10/27  01:30:00,140.36264233491363,0.0
 10/27  01:45:00,143.42194178253305,0.0
 10/27  02:00:00,112.7479200157022,0.0
 10/27  02:15:00,44.97999999999999,0.0
 10/27  02:30:00,115.8393286049552,0.0
 10/27  02:45:00,143.43069488167637,0.0
 10/27  03:00:00,137.2885806144451,0.0
 10/27  03:15:00,97.4134894784518,0.0
 10/27  03:30:00,44.97999999999999,0.0
 10/27  03:45:00,137.30524947412408,0.0
 10/27  04:00:00,143.43025005757826,0.0
 10/27  04:15:00,115.82199412554284,0.0
 10/27  04:30:00,97.41366495873734,0.0
 10/27  04:45:00,60.313333333333325,0.0
 10/27  05:00:00,143.43897784543896,0.0
 10/27  05:15:00,159.0292781266099,0.0
 10/27  05:30:00,377.41932760105976,0.0
 10/27  05:45:00,143.40911977779507,0.0
 10/27  06:00:00,90.98,0.0
 10/27  06:15:00,143.43099829706142,0.0
 10/27  06:30:00,143.42134761002904,0.0
 10/27  06:45:00,97.41152710901744,0.0
 10/27  07:00:00,44.97999999999999,0.0
 10/27  07:15:00,131.16685617501267,0.0
 10/27  07:30:00,1870.2079542081203,0.0
 10/27  07:45:00,2176.42878483641,9.373827728057726
 10/27  08:00:00,3561.436786595536,17.19295186536893
 10/27  08:15:00,1694.6498319918026,24.722745390993538
 10/27  08:30:00,1746.631400102036,31.61613752784668
 10/27  08:45:00,3636.089954031518,46.723078304428526
 10/27  09:00:00,3527.400363322812,61.90002888644242
 10/27  09:15:00,2137.359377654623,77.16825970780734
 10/27  09:30:00,2160.407833903984,92.59923231780085
 10/27  09:45:00,2170.574876389255,132.09012278838938
 10/27  10:00:00,2150.753615913461,164.04771463368397
 10/27  10:15:00,2119.3637505866645,197.70404282387656
 10/27  10:30:00,2121.3723999133654,246.38271491741472
 10/27  10:45:00,2157.832770335376,227.31839265606084
 10/27  11:00:00,2154.886079553332,221.90745143953714
 10/27  11:15:00,1658.424491007377,215.9297983711858
 10/27  11:30:00,1636.7382296297665,209.39320232634796
 10/27  11:45:00,1657.3998058240402,232.9529258122077
 10/27  12:00:00,1674.8707255062009,256.7165909650833
 10/27  12:15:00,2193.417574258044,280.49554515269386
 10/27  12:30:00,2116.536507559682,321.04622208030503
 10/27  12:45:00,2100.912489148342,372.9764872980058
 10/27  13:00:00,2142.0709569027704,440.0559494444693
 10/27  13:15:00,2129.7869108124687,487.4310898220113
 10/27  13:30:00,2079.709135523373,548.2909505269522
 10/27  13:45:00,2062.9865992444675,530.9075557301854
 10/27  14:00:00,2082.340512481282,513.0372948970074
 10/27  14:15:00,2099.4605280145506,492.728862551013
 10/27  14:30:00,2083.232131463737,470.35498964873324
 10/27  14:45:00,2046.0460545031772,417.87433554858654
 10/27  15:00:00,2043.436432792255,367.1363665125641
 10/27  15:15:00,2501.7985766567786,317.9612321382605
 10/27  15:30:00,2499.889900158862,258.5271364910172
 10/27  15:45:00,2159.1396275527813,208.25520258954026
 10/27  16:00:00,2035.6991722690868,161.4105327131349
 10/27  16:15:00,2060.146820621153,109.88536338264713
 10/27  16:30:00,7983.692835382923,72.61157254572296
 10/27  16:45:00,5835.621289311883,54.377997803372516
 10/27  17:00:00,2961.783750766132,36.09890024017382
 10/27  17:15:00,2174.9168759630165,14.121261978880185
 10/27  17:30:00,2112.69188594872,0.0
 10/27  17:45:00,4743.820704354853,0.0
 10/27  18:00:00,5022.40940014726,0.0
 10/27  18:15:00,4250.586537371535,0.0
 10/27  18:30:00,3596.8038545326594,0.0
 10/27  18:45:00,2184.85815243357,0.0
 10/27  19:00:00,2215.060099380542,0.0
 10/27  19:15:00,8122.423703825296,0.0
 10/27  19:30:00,5907.269755724187,0.0
 10/27  19:45:00,2718.15095959541,0.0
 10/27  20:00:00,2300.3570813793203,0.0
 10/27  20:15:00,2259.0571190718865,0.0
 10/27  20:30:00,2219.127235523425,0.0
 10/27  20:45:00,2222.8527384831573,0.0
 10/27  21:00:00,2263.585823910561,0.0
 10/27  21:15:00,2269.198323883172,0.0
 10/27  21:30:00,2241.458860689543,0.0
 10/27  21:45:00,2222.9799208074787,0.0
 10/27  22:00:00,2238.1385300861043,0.0
 10/27  22:15:00,2008.2222624822557,0.0
 10/27  22:30:00,87.91333333333333,0.0
 10/27  22:45:00,97.42739353095196,0.0
 10/27  23:00:00,97.41341322393671,0.0
 10/27  23:15:00,188.7508375366301,0.0
 10/27  23:30:00,930.183988,0.0
 10/27  23:45:00,155.042697987757,0.0
 10/27  24:00:00,142.76804065736718,0.0
 10/28  00:15:00,188.7597559556216,0.0
 10/28  00:30:00,930.183988,0.0
 10/28  00:45:00,155.05179159029296,0.0
 10/28  01:00:00,142.77727245335342,0.0
 10/28  01:15:00,164.23577052730326,0.0
 10/28  01:30:00,188.76090376392816,0.0
 10/28  01:45:00,127.12598,0.0
 10/28  02:00:00,142.78645651498925,0.0
 10/28  02:15:00,1068.9544835464958,0.0
 10/28  02:30:00,1376.5021188837482,0.0
 10/28  02:45:00,188.7850570791876,0.0
 10/28  03:00:00,105.65931333333332,0.0
 10/28  03:15:00,130.6965034401267,0.0
 10/28  03:30:00,115.8350143598664,0.0
 10/28  03:45:00,143.42721158289547,0.0
 10/28  04:00:00,137.2860441557983,0.0
 10/28  04:15:00,44.97999999999999,0.0
 10/28  04:30:00,97.44272653442492,0.0
 10/28  04:45:00,137.3001621296128,0.0
 10/28  05:00:00,143.42407223126642,0.0
 10/28  05:15:00,115.81445249143064,0.0
 10/28  05:30:00,44.97999999999999,0.0
 10/28  05:45:00,112.7699568330649,0.0
 10/28  06:00:00,143.426798273696,0.0
 10/28  06:15:00,159.01795014657267,0.0
 10/28  06:30:00,377.4090312789773,0.0
 10/28  06:45:00,90.98,0.0
 10/28  07:00:00,143.43315788876973,0.0
 10/28  07:15:00,143.42376944773488,0.0
 10/28  07:30:00,143.41423326801703,0.0
 10/28  07:45:00,44.97999999999999,4.49369723798252
 10/28  08:00:00,97.43660374132853,7.15062704316742
 10/28  08:15:00,131.16138391694767,9.977695180496537
 10/28  08:30:00,143.41946314761205,12.808478938909596
 10/28  08:45:00,2176.597423289768,18.296460906091834
 10/28  09:00:00,3541.4497459649374,23.79092419545995
 10/28  09:15:00,1685.6262421113884,29.278154903186408
 10/28  09:30:00,1734.0538149498843,34.7635453302049
 10/28  09:45:00,1725.2822782762462,39.86469554928165
 10/28  10:00:00,3553.102025146552,44.96331287826172
 10/28  10:15:00,2144.0749189480434,50.0681047585695
 10/28  10:30:00,2160.8402406143014,55.56777407595062
 10/28  10:45:00,2163.117638491228,114.69864918684625
 10/28  11:00:00,2142.49234467302,170.83058612356035
 10/28  11:15:00,7939.134719348245,245.03439102108288
 10/28  11:30:00,5763.703682741071,305.09417259919354
 10/28  11:45:00,2826.0026930495683,305.45921395634986
 10/28  12:00:00,2191.7756424605627,289.55536249709064
 10/28  12:15:00,51.11333333333332,290.5067092568508
 10/28  12:30:00,97.421059096926,291.2130990251844
 10/28  12:45:00,125.01616339657038,306.76823240758034
 10/28  13:00:00,90.98,338.7292758472074
 10/28  13:15:00,128.0844420143024,352.23750048002194
 10/28  13:30:00,97.40600266581365,364.826409082001
 10/28  13:45:00,100.46066496552947,391.9882972633118
 10/28  14:00:00,90.98,400.10343409932074
 10/28  14:15:00,143.41224977963128,407.4612415982007
 10/28  14:30:00,106.6010554121806,427.6160056256202
 10/28  14:45:00,97.3897207978163,359.2680857902178
 10/28  15:00:00,69.51333333333332,309.63851433257656
 10/28  15:15:00,143.40999076099914,261.70225083940704
 10/28  15:30:00,131.13328430404275,205.26395466376522
 10/28  15:45:00,44.97999999999999,160.30307354835006
 10/28  16:00:00,97.42174660227973,118.0412328580813
 10/28  16:15:00,2658.375005572196,70.80051296783311
 10/28  16:30:00,2599.0100146037503,32.818504325938235
 10/28  16:45:00,2235.5108018763176,25.302048705288467
 10/28  17:00:00,2110.810902151528,17.43273885931565
 10/28  17:15:00,7960.596318864886,9.751136957721435
 10/28  17:30:00,5801.598731137883,0.0
 10/28  17:45:00,3041.724185568227,0.0
 10/28  18:00:00,2546.523031109474,0.0
 10/28  18:15:00,2311.175959128707,0.0
 10/28  18:30:00,3787.0861975890257,0.0
 10/28  18:45:00,5104.538153968919,0.0
 10/28  19:00:00,4728.100408048226,0.0
 10/28  19:15:00,4266.266539822482,0.0
 10/28  19:30:00,3622.119277806587,0.0
 10/28  19:45:00,2214.280697910572,0.0
 10/28  20:00:00,2246.6676470963293,0.0
 10/28  20:15:00,2269.555531809925,0.0
 10/28  20:30:00,2251.841546457608,0.0
 10/28  20:45:00,2270.978831879841,0.0
 10/28  21:00:00,2299.985736847226,0.0
 10/28  21:15:00,2295.1045331100586,0.0
 10/28  21:30:00,2255.4902185606347,0.0
 10/28  21:45:00,2255.0939869945623,0.0
 10/28  22:00:00,2294.945256272086,0.0
 10/28  22:15:00,2301.461210805677,0.0
 10/28  22:30:00,2274.2050027539813,0.0
 10/28  22:45:00,2255.778220345119,0.0
 10/28  23:00:00,2271.0327960409336,0.0
 10/28  23:15:00,292.31333333333333,0.0
 10/28  23:30:00,140.3924696599894,0.0
 10/28  23:45:00,97.45413013334634,0.0
 10/28  24:00:00,97.44918459169448,0.0
 10/29  00:15:00,143.4437986667727,0.0
 10/29  00:30:00,143.4384136174594,0.0
 10/29  00:45:00,109.69970469153164,0.0
 10/29  01:00:00,44.97999999999999,0.0
 10/29  01:15:00,118.93109736502116,0.0
 10/29  01:30:00,143.45930576308788,0.0
 10/29  01:45:00,134.25419201897415,0.0
 10/29  02:00:00,97.4490894833284,0.0
 10/29  02:15:00,97.44416862995703,0.0
 10/29  02:30:00,140.3726137326954,0.0
 10/29  02:45:00,143.43442625369266,0.0
 10/29  03:00:00,60.313333333333325,0.0
 10/29  03:15:00,97.4673228667784,0.0
 10/29  03:30:00,115.86315039043478,0.0
 10/29  03:45:00,143.4590533103737,0.0
 10/29  04:00:00,137.32169922153486,0.0
 10/29  04:15:00,97.45109032004676,0.0
 10/29  04:30:00,97.44722767553586,0.0
 10/29  04:45:00,137.31011283682824,0.0
 10/29  05:00:00,90.98,0.0
 10/29  05:15:00,115.87693797744402,0.0
 10/29  05:30:00,97.47224215048642,0.0
 10/29  05:45:00,112.8008239340859,0.0
 10/29  06:00:00,143.46268220365675,0.0
 10/29  06:15:00,159.05900146068808,0.0
 10/29  06:30:00,377.4554018026392,0.0
 10/29  06:45:00,143.4518851008001,0.0
 10/29  07:00:00,143.44845251313157,0.0
 10/29  07:15:00,143.44375168420282,0.0
 10/29  07:30:00,90.98,0.0
 10/29  07:45:00,97.47618415615192,17.8340250388531
 10/29  08:00:00,97.47141043348132,47.1381914266631
 10/29  08:15:00,131.19989534663355,74.71983136779745
 10/29  08:30:00,143.4616381025082,95.82720216386414
 10/29  08:45:00,2212.1860075414534,145.34735880075027
 10/29  09:00:00,3580.635999153742,194.0805725370917
 10/29  09:15:00,1707.4392089497612,259.5605065719638
 10/29  09:30:00,1755.5256896260785,319.312733534791
 10/29  09:45:00,1745.7561820858173,360.2713128562377
 10/29  10:00:00,3582.880266076504,402.8771444941429
 10/29  10:15:00,2164.029732034178,446.743587825708
 10/29  10:30:00,2177.092831059459,491.0330971993541
 10/29  10:45:00,2175.200525513452,512.5678962929913
 10/29  11:00:00,2152.579621288634,532.9044123166153
 10/29  11:15:00,7939.143093268818,551.9744092266213
 10/29  11:30:00,5770.547992482861,569.1334882581217
 10/29  11:45:00,2833.6648194333666,566.7922810699259
 10/29  12:00:00,2198.6202850247246,562.204034935747
 10/29  12:15:00,51.11333333333333,539.7178461708347
 10/29  12:30:00,97.43522999998171,532.2136894542792
 10/29  12:45:00,125.0173393681668,513.657118832401
 10/29  13:00:00,143.40725894175205,494.00869060261607
 10/29  13:15:00,75.64666666666666,472.7807677821195
 10/29  13:30:00,97.4258191604114,450.81390760289736
 10/29  13:45:00,100.48064539097334,426.7161357843128
 10/29  14:00:00,143.4017879987166,402.20718194078427
 10/29  14:15:00,90.98,378.384213984323
 10/29  14:30:00,106.62554602184206,354.3624386837542
 10/29  14:45:00,97.4169402203801,326.80318918142416
 10/29  15:00:00,121.94170993370054,299.0302674170995
 10/29  15:15:00,90.98,270.54785332904925
 10/29  15:30:00,131.1634701364841,242.28776930852644
 10/29  15:45:00,97.42030947689818,183.5596368476141
 10/29  16:00:00,97.41035345818958,139.80614342426153
 10/29  16:15:00,2631.5849782129703,99.63171779250601
 10/29  16:30:00,2611.899908753317,55.8224419841357
 10/29  16:45:00,2246.769198432953,41.65463425511066
 10/29  17:00:00,2121.2586148774462,26.856420356289075
 10/29  17:15:00,7960.607447557272,11.97162710186522
 10/29  17:30:00,5812.270574953252,0.0
 10/29  17:45:00,3055.098368998921,0.0
 10/29  18:00:00,2560.171679709249,0.0
 10/29  18:15:00,2324.902658860494,0.0
 10/29  18:30:00,3811.075737430854,0.0
 10/29  18:45:00,5371.115385872362,0.0
 10/29  19:00:00,5262.677499122053,0.0
 10/29  19:15:00,4282.621264458538,0.0
 10/29  19:30:00,3637.058750653368,0.0
 10/29  19:45:00,2225.743965761068,0.0
 10/29  20:00:00,2257.5709132772117,0.0
 10/29  20:15:00,2280.655136961959,0.0
 10/29  20:30:00,2263.3736187125523,0.0
 10/29  20:45:00,2283.050206488328,0.0
 10/29  21:00:00,2312.5275669515486,0.0
 10/29  21:15:00,2308.0433030713634,0.0
 10/29  21:30:00,2268.6516565029565,0.0
 10/29  21:45:00,2268.258289173088,0.0
 10/29  22:00:00,2308.0248205601797,0.0
 10/29  22:15:00,2314.41548892773,0.0
 10/29  22:30:00,2287.0606069989926,0.0
 10/29  22:45:00,2268.556347700732,0.0
 10/29  23:00:00,2283.7375831004238,0.0
 10/29  23:15:00,292.31333333333333,0.0
 10/29  23:30:00,140.4062267998443,0.0
 10/29  23:45:00,97.4712039930067,0.0
 10/29  24:00:00,97.4698071482872,0.0
 10/30  00:15:00,1105.1946922180064,0.0
 10/30  00:30:00,203.1643851111364,0.0
 10/30  00:45:00,169.42791264569746,0.0
 10/30  01:00:00,157.14535283136382,0.0
 10/30  01:15:00,122.89917222169726,0.0
 10/30  01:30:00,143.449646832083,0.0
 10/30  01:45:00,81.78,0.0
 10/30  02:00:00,97.48434627300166,0.0
 10/30  02:15:00,97.48199303328497,0.0
 10/30  02:30:00,140.41309961952766,0.0
 10/30  02:45:00,143.4776673763714,0.0
 10/30  03:00:00,112.80903132990404,0.0
 10/30  03:15:00,97.47589089050288,0.0
 10/30  03:30:00,115.87645405786618,0.0
 10/30  03:45:00,143.47739006841735,0.0
 10/30  04:00:00,137.3453681217762,0.0
 10/30  04:15:00,97.47768012199228,0.0
 10/30  04:30:00,97.4767177816834,0.0
 10/30  04:45:00,137.3424812878581,0.0
 10/30  05:00:00,143.47497060650332,0.0
 10/30  05:15:00,115.8736780425185,0.0
 10/30  05:30:00,97.47238487853387,0.0
 10/30  05:45:00,112.80442462812016,0.0
 10/30  06:00:00,143.4697972435891,0.0
 10/30  06:15:00,159.0693490868827,0.0
 10/30  06:30:00,377.469001486189,0.0
 10/30  06:45:00,143.46875447248186,0.0
 10/30  07:00:00,143.46860833465274,0.0
 10/30  07:15:00,143.467716476914,0.0
 10/30  07:30:00,112.54726061857995,0.0
 10/30  07:45:00,75.91361568309793,15.5560433064051
 10/30  08:00:00,97.50705714894374,39.477308142364045
 10/30  08:15:00,131.236450468933,60.88153967411439
 10/30  08:30:00,143.4988263662407,77.3881741387973
 10/30  08:45:00,2261.655152460475,114.68856618968994
 10/30  09:00:00,3618.246192251844,146.82002276108014
 10/30  09:15:00,1729.0180655600866,180.5257534477136
 10/30  09:30:00,1775.5071814592964,215.70294946351115
 10/30  09:45:00,1764.9951483827278,248.01725857974944
 10/30  10:00:00,3621.513785027105,296.1112889968114
 10/30  10:15:00,2189.378301440101,333.5153874475578
 10/30  10:30:00,2202.075652303967,371.51522328923943
 10/30  10:45:00,2200.3405265424635,390.3385818768106
 10/30  11:00:00,2177.9953266083453,408.95187573292543
 10/30  11:15:00,7939.169527163534,429.3465126012261
 10/30  11:30:00,5793.153257403483,449.17486818202906
 10/30  11:45:00,2860.516471659825,435.518404102089
 10/30  12:00:00,2223.947620990069,421.5631554010046
 10/30  12:15:00,51.11333333333332,407.1187854073308
 10/30  12:30:00,97.4304545003716,375.73711573301586
 10/30  12:45:00,125.02565367141328,354.535579319897
 10/30  13:00:00,143.39691154155324,332.3016765831462
 10/30  13:15:00,75.64666666666666,310.76904479882205
 10/30  13:30:00,97.42098136162596,288.67725385037704
 10/30  13:45:00,100.47912225461208,271.95295347881085
 10/30  14:00:00,143.40399139699963,239.6557666441136
 10/30  14:15:00,90.98,223.06627853166498
 10/30  14:30:00,106.62551536396496,206.6381553560343
 10/30  14:45:00,97.41543147284077,173.7036027366703
 10/30  15:00:00,121.9385308237085,142.0141763580394
 10/30  15:15:00,90.98,111.67001281765334
 10/30  15:30:00,131.16253130753609,74.87760793083946
 10/30  15:45:00,97.4206483098497,60.54474132850089
 10/30  16:00:00,97.41211162905648,46.280061906358526
 10/30  16:15:00,2674.635410503257,32.22034109082666
 10/30  16:30:00,2657.5781265259866,19.636187902959335
 10/30  16:45:00,2288.3136059221533,14.932637694758292
 10/30  17:00:00,2162.3702059351654,10.21400372571714
 10/30  17:15:00,7960.649343955259,5.691933178577358
 10/30  17:30:00,5846.511432636509,0.0
 10/30  17:45:00,3095.0743478859526,0.0
 10/30  18:00:00,2596.7569845562257,0.0
 10/30  18:15:00,2360.831764463712,0.0
 10/30  18:30:00,3863.9235577646295,0.0
 10/30  18:45:00,5596.92849880094,0.0
 10/30  19:00:00,5540.136186260998,0.0
 10/30  19:15:00,4267.904528946841,0.0
 10/30  19:30:00,3692.421078280054,0.0
 10/30  19:45:00,2261.4456379633552,0.0
 10/30  20:00:00,2292.8905255059244,0.0
 10/30  20:15:00,2315.4067845664413,0.0
 10/30  20:30:00,2297.4389277165164,0.0
 10/30  20:45:00,2316.2495182390994,0.0
 10/30  21:00:00,2344.995584170213,0.0
 10/30  21:15:00,2339.8851832862238,0.0
 10/30  21:30:00,2299.983438547695,0.0
 10/30  21:45:00,2299.223887692412,0.0
 10/30  22:00:00,2338.66962046418,0.0
 10/30  22:15:00,2344.7019480938625,0.0
 10/30  22:30:00,2316.9829078075704,0.0
 10/30  22:45:00,2298.1005734095484,0.0
 10/30  23:00:00,2312.8853083675053,0.0
 10/30  23:15:00,292.31333333333333,0.0
 10/30  23:30:00,140.38134901202284,0.0
 10/30  23:45:00,97.43172220423862,0.0
 10/30  24:00:00,97.42183041970452,0.0
 10/31  00:15:00,143.41299286483778,0.0
 10/31  00:30:00,90.98,0.0
 10/31  00:45:00,109.70378641083067,0.0
 10/31  01:00:00,97.42825494079447,0.0
 10/31  01:15:00,118.88524471967288,0.0
 10/31  01:30:00,143.40868238933817,0.0
 10/31  01:45:00,81.78,0.0
 10/31  02:00:00,97.43048822998632,0.0
 10/31  02:15:00,97.4215083311129,0.0
 10/31  02:30:00,140.345771257652,0.0
 10/31  02:45:00,90.98,0.0
 10/31  03:00:00,112.769354163549,0.0
 10/31  03:15:00,97.42625172164546,0.0
 10/31  03:30:00,115.81629406023065,0.0
 10/31  03:45:00,143.40614337749577,0.0
 10/31  04:00:00,84.84666666666666,0.0
 10/31  04:15:00,97.42813368907522,0.0
 10/31  04:30:00,97.41858476758183,0.0
 10/31  04:45:00,137.27558233611572,0.0
 10/31  05:00:00,90.98,0.0
 10/31  05:15:00,115.83106143459408,0.0
 10/31  05:30:00,97.42128663455378,0.0
 10/31  05:45:00,112.74470293695197,0.0
 10/31  06:00:00,143.4013077414885,0.0
 10/31  06:15:00,106.58,0.0
 10/31  06:30:00,377.4227244829255,0.0
 10/31  06:45:00,143.41247560065744,0.0
 10/31  07:00:00,143.4020572263972,0.0
 10/31  07:15:00,90.98,0.0
 10/31  07:30:00,143.42256858735882,0.0
 10/31  07:45:00,97.41190078158525,3.5016552430514496
 10/31  08:00:00,97.40103650213038,6.224262753804144
 10/31  08:15:00,78.71333333333334,8.616952671770138
 10/31  08:30:00,143.42123189873126,11.240383219517163
 10/31  08:45:00,2241.617694529836,16.502908561000194
 10/31  09:00:00,3621.277958425256,21.76712241459125
 10/31  09:15:00,1725.17620544161,27.017327913570426
 10/31  09:30:00,1772.660198149751,32.26255792564569
 10/31  09:45:00,1763.699216032665,45.860161366048175
 10/31  10:00:00,3633.4999582751,61.080281525104844
 10/31  10:15:00,2196.333233094676,76.75332571494275
 10/31  10:30:00,2213.123960940442,92.81709072528514
 10/31  10:45:00,2214.529741806992,144.83358349487645
 10/31  11:00:00,2193.603919743084,188.38538569790992
 10/31  11:15:00,7939.188367019722,249.0384213966645
 10/31  11:30:00,5808.151452891592,295.23007998201496
 10/31  11:45:00,2880.154080437845,295.95908424208864
 10/31  12:00:00,2243.6884093112885,280.18961885173076
 10/31  12:15:00,51.11333333333332,280.64786378134824
 10/31  12:30:00,97.40971499435496,280.9963836309196
 10/31  12:45:00,125.0046538134712,296.1288113483899
 10/31  13:00:00,90.98,327.46667962012435
 10/31  13:15:00,128.07193408837318,341.76418540000856
 10/31  13:30:00,97.39163192242329,355.2436310562357
 10/31  13:45:00,48.04666666666666,304.9066310428067
 10/31  14:00:00,143.405153784777,255.77887418083165
 10/31  14:15:00,143.39426902979648,193.07953179238817
 10/31  14:30:00,106.58337543324184,147.64812080113782
 10/31  14:45:00,44.97999999999999,118.17039725006853
 10/31  15:00:00,121.9372951838558,101.73751747147509
 10/31  15:15:00,143.39255434504767,85.79280324703055
 10/31  15:30:00,78.71333333333334,70.44793857799338
 10/31  15:45:00,97.41141663873056,56.71018955331277
 10/31  16:00:00,97.40027395977825,43.10929117388669
 10/31  16:15:00,2696.295866742206,29.676519781157943
 10/31  16:30:00,2667.369493428791,17.91200349962247
 10/31  16:45:00,2298.909929722559,13.623939159435015
 10/31  17:00:00,2172.5381398664467,9.330764429827353
 10/31  17:15:00,7960.6599160699025,0.0
 10/31  17:30:00,6021.166295227717,0.0
 10/31  17:45:00,3099.8241908137625,0.0
 10/31  18:00:00,2602.418981269436,0.0
 10/31  18:15:00,2367.8986249729783,0.0
 10/31  18:30:00,3875.209127669325,0.0
 10/31  18:45:00,5607.244356390465,0.0
 10/31  19:00:00,5550.016915959417,0.0
 10/31  19:15:00,4276.974887904612,0.0
 10/31  19:30:00,3700.462702570998,0.0
 10/31  19:45:00,2265.0665529284506,0.0
 10/31  20:00:00,2296.311527160574,0.0
 10/31  20:15:00,2318.375385232971,0.0
 10/31  20:30:00,2299.8842574624514,0.0
 10/31  20:45:00,2317.99625867256,0.0
 10/31  21:00:00,2346.240831273736,0.0
 10/31  21:15:00,2340.6795429397725,0.0
 10/31  21:30:00,2300.3844196183995,0.0
 10/31  21:45:00,2299.3016798200165,0.0
 10/31  22:00:00,2338.445252421276,0.0
 10/31  22:15:00,2344.288171631838,0.0
 10/31  22:30:00,2316.4520808610177,0.0
 10/31  22:45:00,2297.537941268928,0.0
 10/31  23:00:00,2312.325509443589,0.0
 10/31  23:15:00,292.31333333333333,0.0
 10/31  23:30:00,140.35765847092156,0.0
 10/31  23:45:00,97.42357745819255,0.0
 10/31  24:00:00,97.41346419139892,0.0
 11/01  00:15:00,1962.476266666667,0.0
 11/01  00:30:00,1305.9462553309113,0.0
 11/01  00:45:00,1555.7906955964213,0.0
 11/01  01:00:00,118.08537712792764,0.0
 11/01  01:15:00,66.44666666666666,0.0
 11/01  01:30:00,143.42077091879528,0.0
 11/01  01:45:00,134.2106870230813,0.0
 11/01  02:00:00,97.4004836965946,0.0
 11/01  02:15:00,44.97999999999999,0.0
 11/01  02:30:00,140.3556323279995,0.0
 11/01  02:45:00,143.41243740789702,0.0
 11/01  03:00:00,112.73581099662468,0.0
 11/01  03:15:00,44.97999999999999,0.0
 11/01  03:30:00,115.82441423785885,0.0
 11/01  03:45:00,143.41464790621342,0.0
 11/01  04:00:00,137.27145251398915,0.0
 11/01  04:15:00,44.97999999999999,0.0
 11/01  04:30:00,97.4271922279859,0.0
 11/01  04:45:00,137.28439932842113,0.0
 11/01  05:00:00,143.40820039718716,0.0
 11/01  05:15:00,63.38,0.0
 11/01  05:30:00,97.4305057173498,0.0
 11/01  05:45:00,112.7543536003214,0.0
 11/01  06:00:00,143.4114458455838,0.0
 11/01  06:15:00,159.00245758263765,0.0
 11/01  06:30:00,324.97999999999985,0.0
 11/01  06:45:00,143.42674680144495,0.0
 11/01  07:00:00,143.41819676508004,0.0
 11/01  07:15:00,143.40981469272987,0.0
 11/01  07:30:00,90.98,0.0
 11/01  07:45:00,97.43517835422236,4.890507854359255
 11/01  08:00:00,97.42729534766175,9.006401619882608
 11/01  08:15:00,131.14888905030492,12.65071061226955
 11/01  08:30:00,143.40338883576658,16.58622356507868
 11/01  08:45:00,2199.8134660600645,43.099435758098856
 11/01  09:00:00,3615.516553807116,71.04190856086477
 11/01  09:15:00,1722.627220355105,100.46327100193727
 11/01  09:30:00,1769.71204174662,131.14871539269595
 11/01  09:45:00,1760.3318771264742,124.28618714803856
 11/01  10:00:00,3628.171870956277,117.139257649326
 11/01  10:15:00,2193.8718663235154,99.67763930430345
 11/01  10:30:00,2211.364952454558,91.0756846377926
 11/01  10:45:00,2213.022454167788,83.6144673376707
 11/01  11:00:00,2192.784413146835,76.83471782455055
 11/01  11:15:00,7939.189251520596,70.59704053839793
 11/01  11:30:00,5811.431737948099,64.71942918774307
 11/01  11:45:00,2886.970166232398,65.63549721967173
 11/01  12:00:00,2253.4230545580867,66.59049606715085
 11/01  12:15:00,51.11333333333332,67.57824807754032
 11/01  12:30:00,97.40548399088796,68.61189754067208
 11/01  12:45:00,124.9997053387835,78.43178799425469
 11/01  13:00:00,90.98,88.6325729811872
 11/01  13:15:00,128.06629307562608,99.30140167777027
 11/01  13:30:00,97.38567994942512,110.57142786077452
 11/01  13:45:00,48.04666666666666,103.59760049033922
 11/01  14:00:00,143.3987515365223,96.85045978899262
 11/01  14:15:00,143.38556879510136,90.30247866930046
 11/01  14:30:00,54.17999999999999,83.89011490284668
 11/01  14:45:00,97.40041659998826,74.40457927696264
 11/01  15:00:00,121.92054646261514,65.06858391060273
 11/01  15:15:00,90.98,55.85625081674334
 11/01  15:30:00,131.1352309580346,46.75228804005517
 11/01  15:45:00,97.38867061528455,37.280698094510925
 11/01  16:00:00,97.3751942552826,28.56001848591314
 11/01  16:15:00,2685.0073708030404,20.191577651184634
 11/01  16:30:00,2675.873269449313,11.834883428832295
 11/01  16:45:00,2307.6330553022544,8.875995344313049
 11/01  17:00:00,2181.0585742277635,5.915671889624174
 11/01  17:15:00,7960.668491641287,0.0
 11/01  17:30:00,6026.282588501255,0.0
 11/01  17:45:00,3105.431787861973,0.0
 11/01  18:00:00,2606.605576156819,0.0
 11/01  18:15:00,2371.5226666586914,0.0
 11/01  18:30:00,3878.0441424898754,0.0
 11/01  18:45:00,5608.606507157906,0.0
 11/01  19:00:00,5551.038761333623,0.0
 11/01  19:15:00,4277.876364581509,0.0
 11/01  19:30:00,3701.3247234077385,0.0
 11/01  19:45:00,2266.1303783274416,0.0
 11/01  20:00:00,2298.31905564176,0.0
 11/01  20:15:00,2320.3794433477533,0.0
 11/01  20:30:00,2301.8355333178083,0.0
 11/01  20:45:00,2319.8532761999973,0.0
 11/01  21:00:00,2348.0394274973773,0.0
 11/01  21:15:00,2342.3591816107114,0.0
 11/01  21:30:00,2301.9671550095954,0.0
 11/01  21:45:00,2300.8216361745904,0.0
 11/01  22:00:00,2339.9117621164537,0.0
 11/01  22:15:00,2345.721911445998,0.0
 11/01  22:30:00,2317.807312442176,0.0
 11/01  22:45:00,2298.770496154132,0.0
 11/01  23:00:00,2313.417628082212,0.0
 11/01  23:15:00,292.31333333333333,0.0
 11/01  23:30:00,140.337530589874,0.0
 11/01  23:45:00,97.39456168326032,0.0
 11/01  24:00:00,44.97999999999999,0.0
 11/02  00:15:00,1918.777411312578,0.0
 11/02  00:30:00,1017.0987988751974,0.0
 11/02  00:45:00,141.98302666666663,0.0
 11/02  01:00:00,182.13745452505785,0.0
 11/02  01:15:00,152.7497427454133,0.0
 11/02  01:30:00,90.98,0.0
 11/02  01:45:00,134.20473989848142,0.0
 11/02  02:00:00,97.39222729940914,0.0
 11/02  02:15:00,97.37967843170662,0.0
 11/02  02:30:00,87.91333333333333,0.0
 11/02  02:45:00,143.39648646521354,0.0
 11/02  03:00:00,112.7173919298166,0.0
 11/02  03:15:00,44.97999999999999,0.0
 11/02  03:30:00,115.8005394593358,0.0
 11/02  03:45:00,143.38802556025513,0.0
 11/02  04:00:00,84.84666666666666,0.0
 11/02  04:15:00,97.40424749585355,0.0
 11/02  04:30:00,97.39160825916537,0.0
 11/02  04:45:00,137.24541287462853,0.0
 11/02  05:00:00,90.98,0.0
 11/02  05:15:00,115.7950298750618,0.0
 11/02  05:30:00,97.38235806360228,0.0
 11/02  05:45:00,60.313333333333325,0.0
 11/02  06:00:00,143.39870531387652,0.0
 11/02  06:15:00,158.98609384548138,0.0
 11/02  06:30:00,324.97999999999985,0.0
 11/02  06:45:00,143.40235667185024,0.0
 11/02  07:00:00,143.38980497858626,0.0
 11/02  07:15:00,90.98,0.0
 11/02  07:30:00,143.4056266354586,0.0
 11/02  07:45:00,97.39292652791195,3.0836556684191425
 11/02  08:00:00,97.38000011213732,5.401069342731027
 11/02  08:15:00,78.71333333333334,7.427495809236124
 11/02  08:30:00,1891.1683465377437,9.654834297482552
 11/02  08:45:00,2191.0116449371626,14.682746199630282
 11/02  09:00:00,3592.357415101926,19.71059393967664
 11/02  09:15:00,1709.6313554863143,24.739937002921152
 11/02  09:30:00,1762.591372286616,29.76895446091395
 11/02  09:45:00,3673.952830388034,34.60968721748445
 11/02  10:00:00,3565.976969379892,39.448900007753366
 11/02  10:15:00,2167.29580148235,44.27395133039903
 11/02  10:30:00,2192.897843548308,49.14557528799413
 11/02  10:45:00,2204.9110481179464,63.807562567340455
 11/02  11:00:00,2186.322461738064,78.94686534544196
 11/02  11:15:00,2156.280662027383,94.52588425001055
 11/02  11:30:00,2159.5508069677808,110.54312948355435
 11/02  11:45:00,2197.398031458092,111.82309114857283
 11/02  12:00:00,2195.5496928606863,113.37508880062666
 11/02  12:15:00,1682.3904188715064,115.3024307113928
 11/02  12:30:00,1658.6090560042228,117.38554203205429
 11/02  12:45:00,1679.082791712209,102.16683478743487
 11/02  13:00:00,1696.5916931060158,87.71620143380507
 11/02  13:15:00,2232.820130580273,73.87710842052854
 11/02  13:30:00,2161.445604520657,60.53861777657924
 11/02  13:45:00,2150.816429108552,56.71911931925018
 11/02  14:00:00,2194.686854605502,52.90461469380894
 11/02  14:15:00,2186.319449630428,49.37644235623761
 11/02  14:30:00,2140.8367498452653,45.8485604435689
 11/02  14:45:00,2129.399032912681,41.021564616446426
 11/02  15:00:00,2153.7138808171203,36.19984515839965
 11/02  15:15:00,2174.3531107900994,31.395356691480075
 11/02  15:30:00,2160.7826168630413,26.59126945268759
 11/02  15:45:00,2125.8633369775507,21.601683142311874
 11/02  16:00:00,2124.939123057341,16.612478378926287
 11/02  16:15:00,2584.34708117226,11.62210534398092
 11/02  16:30:00,2583.252433414005,6.63434643297269
 11/02  16:45:00,2243.8664103535666,4.975687307144582
 11/02  17:00:00,2118.9564848087784,3.3161950989236213
 11/02  17:15:00,2140.790233755314,0.0
 11/02  17:30:00,8153.148758094638,0.0
 11/02  17:45:00,6032.04670839956,0.0
 11/02  18:00:00,3200.718864553486,0.0
 11/02  18:15:00,2383.008261610589,0.0
 11/02  18:30:00,2336.921155493593,0.0
 11/02  18:45:00,5047.68959254168,0.0
 11/02  19:00:00,5516.981765897377,0.0
 11/02  19:15:00,4282.57000890243,0.0
 11/02  19:30:00,3676.0948373613,0.0
 11/02  19:45:00,2243.629176310218,0.0
 11/02  20:00:00,2274.9026578958574,0.0
 11/02  20:15:00,8122.472065089167,0.0
 11/02  20:30:00,5954.949642328184,0.0
 11/02  20:45:00,2777.889739110872,0.0
 11/02  21:00:00,2358.639017699879,0.0
 11/02  21:15:00,2316.810713086731,0.0
 11/02  21:30:00,2276.1412110091264,0.0
 11/02  21:45:00,2278.936603166009,0.0
 11/02  22:00:00,2318.715046812426,0.0
 11/02  22:15:00,2323.75823596811,0.0
 11/02  22:30:00,2295.6599553722785,0.0
 11/02  22:45:00,2277.020684052416,0.0
 11/02  23:00:00,2292.073286005408,0.0
 11/02  23:15:00,2037.2721156156183,0.0
 11/02  23:30:00,87.91333333333333,0.0
 11/02  23:45:00,97.40710779616474,0.0
 11/02  24:00:00,97.40064345654456,0.0
 11/03  00:15:00,1951.154,0.0
 11/03  00:30:00,1886.0804450067048,0.0
 11/03  00:45:00,207.3719819027484,0.0
 11/03  01:00:00,142.67263,0.0
 11/03  01:15:00,216.5737391050472,0.0
 11/03  01:30:00,241.0969374979205,0.0
 11/03  01:45:00,231.8867953095409,0.0
 11/03  02:00:00,142.67263,0.0
 11/03  02:15:00,123.46706019505952,0.0
 11/03  02:30:00,140.3390857242903,0.0
 11/03  02:45:00,143.39578546870877,0.0
 11/03  03:00:00,60.313333333333325,0.0
 11/03  03:15:00,97.41802579745158,0.0
 11/03  03:30:00,115.80853455921468,0.0
 11/03  03:45:00,143.3990311175436,0.0
 11/03  04:00:00,84.84666666666666,0.0
 11/03  04:15:00,97.42274198937646,0.0
 11/03  04:30:00,97.41428979399224,0.0
 11/03  04:45:00,137.27256735138414,0.0
 11/03  05:00:00,90.98,0.0
 11/03  05:15:00,115.83126769163916,0.0
 11/03  05:30:00,97.4233617906736,0.0
 11/03  05:45:00,112.74885001299154,0.0
 11/03  06:00:00,143.4077375398457,0.0
 11/03  06:15:00,106.58,0.0
 11/03  06:30:00,377.4296631802856,0.0
 11/03  06:45:00,143.41958942618584,0.0
 11/03  07:00:00,143.40930361362112,0.0
 11/03  07:15:00,90.98,0.0
 11/03  07:30:00,143.43334540232982,0.0
 11/03  07:45:00,97.42472309020408,8.595581785917792
 11/03  08:00:00,97.41606529572068,15.627176000923138
 11/03  08:15:00,131.14036898187427,27.80296325912052
 11/03  08:30:00,1827.1579632468524,35.23743614198908
 11/03  08:45:00,2181.9360186686317,53.035588278290895
 11/03  09:00:00,3576.5231820348727,78.80105697013522
 11/03  09:15:00,1706.0637773974963,99.35051801178936
 11/03  09:30:00,1759.769026538109,120.7672792733944
 11/03  09:45:00,3660.639371600026,140.66471863545982
 11/03  10:00:00,3550.55412505478,161.3190766342673
 11/03  10:15:00,2157.170183870943,182.41268823404545
 11/03  10:30:00,2180.660606136786,204.00790001892784
 11/03  10:45:00,2190.739895821704,282.0533064570321
 11/03  11:00:00,2170.150386494317,364.6040171522621
 11/03  11:15:00,2136.86471934725,434.2267386872013
 11/03  11:30:00,2136.3738680563047,519.4400088422634
 11/03  11:45:00,2169.991834935571,528.936257886304
 11/03  12:00:00,2164.05005758202,538.7189343290825
 11/03  12:15:00,1667.9417446837952,548.4685773297937
 11/03  12:30:00,1648.574613886214,556.6082377556174
 11/03  12:45:00,1667.9392291048746,549.2508933708635
 11/03  13:00:00,1684.5507749264225,540.6171481207921
 11/03  13:15:00,2195.2653839343,528.8229695533048
 11/03  13:30:00,2119.8271822112547,515.5010794143595
 11/03  13:45:00,2096.630667823966,491.46072910765173
 11/03  14:00:00,2136.089988983452,466.699090755622
 11/03  14:15:00,2126.048699829072,442.05111244784007
 11/03  14:30:00,2079.6092627613707,416.6904099256712
 11/03  14:45:00,2066.5639396015868,377.3674891731912
 11/03  15:00:00,2089.1465758131712,338.4819101507335
 11/03  15:15:00,2108.6794677478683,301.1347432985038
 11/03  15:30:00,2094.493220953964,263.86648982915784
 11/03  15:45:00,2059.195540288623,194.36750301238945
 11/03  16:00:00,2058.713497809977,142.34665479255565
 11/03  16:15:00,2519.851823137236,94.95833593538333
 11/03  16:30:00,2521.3327286981685,38.44622692296842
 11/03  16:45:00,2184.9457426974745,28.529577698408815
 11/03  17:00:00,2064.3405510737784,18.191876942863242
 11/03  17:15:00,2089.844004051673,0.0
 11/03  17:30:00,8151.737401909009,0.0
 11/03  17:45:00,6023.601704017326,0.0
 11/03  18:00:00,3149.710382848029,0.0
 11/03  18:15:00,2359.062558852118,0.0
 11/03  18:30:00,2294.9975905150486,0.0
 11/03  18:45:00,4848.044454567497,0.0
 11/03  19:00:00,5190.570953147542,0.0
 11/03  19:15:00,4270.737191805076,0.0
 11/03  19:30:00,3622.760941244745,0.0
 11/03  19:45:00,2203.008427612825,0.0
 11/03  20:00:00,2232.6983080359537,0.0
 11/03  20:15:00,8122.440694613709,0.0
 11/03  20:30:00,5921.917646656871,0.0
 11/03  20:45:00,2735.786906439639,0.0
 11/03  21:00:00,2317.25017827925,0.0
 11/03  21:15:00,2275.844937084016,0.0
 11/03  21:30:00,2235.9060882769086,0.0
 11/03  21:45:00,2239.6647346060963,0.0
 11/03  22:00:00,2280.430893366556,0.0
 11/03  22:15:00,2286.242639658277,0.0
 11/03  22:30:00,2258.8034969626888,0.0
 11/03  22:45:00,2240.731101641897,0.0
 11/03  23:00:00,2256.334542336968,0.0
 11/03  23:15:00,2019.068336576808,0.0
 11/03  23:30:00,87.91333333333333,0.0
 11/03  23:45:00,97.43606518686468,0.0
 11/03  24:00:00,97.4207961028487,0.0
 11/04  00:15:00,188.75820553976047,0.0
 11/04  00:30:00,930.183988,0.0
 11/04  00:45:00,155.04965844333444,0.0
 11/04  01:00:00,142.77474484094313,0.0
 11/04  01:15:00,164.23297707963698,0.0
 11/04  01:30:00,188.75782269717496,0.0
 11/04  01:45:00,127.12598,0.0
 11/04  02:00:00,142.78284314463843,0.0
 11/04  02:15:00,1068.949284621057,0.0
 11/04  02:30:00,1376.505973672573,0.0
 11/04  02:45:00,188.77601775137103,0.0
 11/04  03:00:00,105.65931333333332,0.0
 11/04  03:15:00,130.68496626156056,0.0
 11/04  03:30:00,115.82246218051486,0.0
 11/04  03:45:00,143.413606849496,0.0
 11/04  04:00:00,84.84666666666666,0.0
 11/04  04:15:00,97.43713846133323,0.0
 11/04  04:30:00,97.42792315549436,0.0
 11/04  04:45:00,137.28524623853315,0.0
 11/04  05:00:00,143.40910538285732,0.0
 11/04  05:15:00,63.38,0.0
 11/04  05:30:00,97.4311772575378,0.0
 11/04  05:45:00,112.75464737727316,0.0
 11/04  06:00:00,143.41127546625535,0.0
 11/04  06:15:00,106.58,0.0
 11/04  06:30:00,377.4354436985968,0.0
 11/04  06:45:00,143.42697682114888,0.0
 11/04  07:00:00,143.41849321680883,0.0
 11/04  07:15:00,143.40881243485913,0.0
 11/04  07:30:00,90.98,0.0
 11/04  07:45:00,97.43111838330384,0.0
 11/04  08:00:00,97.42140566646714,17.07209248272556
 11/04  08:15:00,131.1433502171014,31.190703043686526
 11/04  08:30:00,90.98,45.26461754349876
 11/04  08:45:00,2227.548565522245,75.9806527276812
 11/04  09:00:00,3545.179227996084,117.90819074830604
 11/04  09:15:00,1688.9507747276446,154.96977653358732
 11/04  09:30:00,1737.733016631224,194.53932830455062
 11/04  09:45:00,1728.431194969823,237.85442393839799
 11/04  10:00:00,3554.5175331158352,273.293831937451
 11/04  10:15:00,2137.9837887964613,310.064893281904
 11/04  10:30:00,2150.546771115882,347.8972265205641
 11/04  10:45:00,2148.288506665232,367.909095238145
 11/04  11:00:00,2124.9195391735243,387.5380857324312
 11/04  11:15:00,7939.128306678103,407.95435348982664
 11/04  11:30:00,5747.480330120201,427.7265930453593
 11/04  11:45:00,2805.092723122288,432.09563053569445
 11/04  12:00:00,2170.4439376132977,435.53517559658235
 11/04  12:15:00,51.11333333333333,436.98864363643145
 11/04  12:30:00,97.38353906992882,437.2758250068307
 11/04  12:45:00,72.57999999999998,454.5730169180148
 11/04  13:00:00,143.3769420122131,486.3940644787483
 11/04  13:15:00,128.02700965370423,502.5724682357248
 11/04  13:30:00,44.97999999999999,516.7574824989384
 11/04  13:45:00,100.43475779090636,493.94213763356004
 11/04  14:00:00,90.98,470.56082860987766
 11/04  14:15:00,143.3758952178134,444.9431185534502
 11/04  14:30:00,106.55954348377054,418.4517625089015
 11/04  14:45:00,44.97999999999999,374.0216116243997
 11/04  15:00:00,121.90114664850448,330.744621836431
 11/04  15:15:00,143.35352987425728,289.16081858848423
 11/04  15:30:00,78.71333333333334,249.06376768311736
 11/04  15:45:00,97.3672181196435,181.47060781313087
 11/04  16:00:00,44.97999999999999,131.24566481928585
 11/04  16:15:00,2639.902507725711,76.87395895788148
 11/04  16:30:00,2568.0978617324863,30.777421121121705
 11/04  16:45:00,2205.141980358696,20.72419735086181
 11/04  17:00:00,2079.8251825773705,13.13098789304494
 11/04  17:15:00,7960.578663124106,0.0
 11/04  17:30:00,5944.413573199758,0.0
 11/04  17:45:00,3006.650055867646,0.0
 11/04  18:00:00,2513.646257054524,0.0
 11/04  18:15:00,2279.9947705568884,0.0
 11/04  18:30:00,3751.7154373112726,0.0
 11/04  18:45:00,5001.830752350094,0.0
 11/04  19:00:00,4632.190791677494,0.0
 11/04  19:15:00,4231.312796555312,0.0
 11/04  19:30:00,3588.8602730588927,0.0
 11/04  19:45:00,2183.8620815600507,0.0
 11/04  20:00:00,2213.6315856368847,0.0
 11/04  20:15:00,2235.3494606420413,0.0
 11/04  20:30:00,2216.1934806025674,0.0
 11/04  20:45:00,2233.5966786600097,0.0
 11/04  21:00:00,2261.2498479887745,0.0
 11/04  21:15:00,2255.3308255114684,0.0
 11/04  21:30:00,2214.8613820133164,0.0
 11/04  21:45:00,2213.833755415764,0.0
 11/04  22:00:00,2253.120050394917,0.0
 11/04  22:15:00,2259.0502746359743,0.0
 11/04  22:30:00,2231.209349121436,0.0
 11/04  22:45:00,2212.241750290485,0.0
 11/04  23:00:00,2226.9927880722007,0.0
 11/04  23:15:00,292.31333333333333,0.0
 11/04  23:30:00,140.34574445958958,0.0
 11/04  23:45:00,97.40386491508336,0.0
 11/04  24:00:00,44.97999999999999,0.0
 11/05  00:15:00,143.40791219127553,0.0
 11/05  00:30:00,143.3969871210925,0.0
 11/05  00:45:00,109.65265412603358,0.0
 11/05  01:00:00,44.97999999999999,0.0
 11/05  01:15:00,118.87409213749396,0.0
 11/05  01:30:00,143.39814200876816,0.0
 11/05  01:45:00,81.78,0.0
 11/05  02:00:00,97.42185730482927,0.0
 11/05  02:15:00,97.4137308917293,0.0
 11/05  02:30:00,140.339082755422,0.0
 11/05  02:45:00,90.98,0.0
 11/05  03:00:00,112.76557876158074,0.0
 11/05  03:15:00,97.42133604793226,0.0
 11/05  03:30:00,115.81014750114868,0.0
 11/05  03:45:00,143.39867126798225,0.0
 11/05  04:00:00,84.84666666666666,0.0
 11/05  04:15:00,97.4208970391107,0.0
 11/05  04:30:00,97.4131700917775,0.0
 11/05  04:45:00,137.2722554499868,0.0
 11/05  05:00:00,90.98,0.0
 11/05  05:15:00,115.83072520221472,0.0
 11/05  05:30:00,97.42141760086032,0.0
 11/05  05:45:00,112.74532901411862,0.0
 11/05  06:00:00,90.98,0.0
 11/05  06:15:00,159.03390509121084,0.0
 11/05  06:30:00,377.4236262763575,0.0
 11/05  06:45:00,143.41313064315784,0.0
 11/05  07:00:00,143.40241242442477,0.0
 11/05  07:15:00,90.98,0.0
 11/05  07:30:00,143.4246953619245,0.0
 11/05  07:45:00,97.41501100446314,0.0
 11/05  08:00:00,97.40521826611894,13.259821292362938
 11/05  08:15:00,78.71333333333334,23.255889200600123
 11/05  08:30:00,143.42563576728892,29.977933628132746
 11/05  08:45:00,2182.6136898710124,71.11290441620126
 11/05  09:00:00,3518.5720455020974,120.22193377488625
 11/05  09:15:00,1674.4816228498291,165.14464221235758
 11/05  09:30:00,1725.4184122588235,223.38993432809764
 11/05  09:45:00,1716.3618430197753,265.8953140132873
 11/05  10:00:00,3520.67442881642,312.3638547689346
 11/05  10:15:00,2115.9323463176984,375.19790268060035
 11/05  10:30:00,2128.4968085309,426.12748330676527
 11/05  10:45:00,2125.380627751064,438.81401165583986
 11/05  11:00:00,2101.7256037433267,450.6765767044674
 11/05  11:15:00,7939.104069746922,460.9473212582714
 11/05  11:30:00,5726.752769108061,454.6572518425302
 11/05  11:45:00,2780.2073569719337,419.0320758572014
 11/05  12:00:00,2147.629824859895,381.76586711172115
 11/05  12:15:00,51.11333333333333,326.8912320595882
 11/05  12:30:00,97.39092003192616,286.9526927566623
 11/05  12:45:00,72.57999999999998,247.47294401330183
 11/05  13:00:00,143.38792003729026,191.5576800486901
 11/05  13:15:00,128.04039966046412,152.33888688990086
 11/05  13:30:00,44.97999999999999,101.79423982059002
 11/05  13:45:00,100.45329269159694,95.53631259862472
 11/05  14:00:00,143.37250834432908,89.1735255836569
 11/05  14:15:00,90.98,82.90781113004809
 11/05  14:30:00,106.584963251294,76.77535321327551
 11/05  14:45:00,97.37050681827247,67.56498892885752
 11/05  15:00:00,69.51333333333332,58.506143618589846
 11/05  15:15:00,143.3838426642494,49.58672284449328
 11/05  15:30:00,131.10362133827311,40.76083800961422
 11/05  15:45:00,44.97999999999999,32.1820957584224
 11/05  16:00:00,97.38499357928814,24.416509977359194
 11/05  16:15:00,2611.9026731233957,16.643695414611084
 11/05  16:30:00,2579.3685721977736,8.871450529273893
 11/05  16:45:00,2214.766406795823,6.668219419097003
 11/05  17:00:00,2089.031557244584,4.634643013334248
 11/05  17:15:00,7960.586153433196,0.0
 11/05  17:30:00,5949.375859677193,0.0
 11/05  17:45:00,3011.714084074737,0.0
 11/05  18:00:00,2517.5206141152025,0.0
 11/05  18:15:00,2283.1189204150205,0.0
 11/05  18:30:00,3751.476514603287,0.0
 11/05  18:45:00,4951.532295148187,0.0
 11/05  19:00:00,4580.36517124259,0.0
 11/05  19:15:00,4227.1913201659545,0.0
 11/05  19:30:00,3586.179307964757,0.0
 11/05  19:45:00,2182.9556937055204,0.0
 11/05  20:00:00,2213.563389489437,0.0
 11/05  20:15:00,2235.727415628768,0.0
 11/05  20:30:00,2217.259679577796,0.0
 11/05  20:45:00,2235.49791797682,0.0
 11/05  21:00:00,2263.8657560474912,0.0
 11/05  21:15:00,2258.495828000136,0.0
 11/05  21:30:00,2218.448209856272,0.0
 11/05  21:45:00,2217.688418825633,0.0
 11/05  22:00:00,2257.187773204401,0.0
 11/05  22:15:00,2263.3525413570032,0.0
 11/05  22:30:00,2235.7413706579805,0.0
 11/05  22:45:00,2216.993184427693,0.0
 11/05  23:00:00,2231.9521015365485,0.0
 11/05  23:15:00,292.31333333333333,0.0
 11/05  23:30:00,140.34179211585445,0.0
 11/05  23:45:00,97.40652441155778,0.0
 11/05  24:00:00,44.97999999999999,0.0
 11/06  00:15:00,1105.132028562764,0.0
 11/06  00:30:00,203.0993938345376,0.0
 11/06  00:45:00,169.3656416630262,0.0
 11/06  01:00:00,104.66846,0.0
 11/06  01:15:00,122.85683615895746,0.0
 11/06  01:30:00,143.40049289694016,0.0
 11/06  01:45:00,81.78,0.0
 11/06  02:00:00,97.42128893777368,0.0
 11/06  02:15:00,97.4120337149606,0.0
 11/06  02:30:00,140.33614795423085,0.0
 11/06  02:45:00,90.98,0.0
 11/06  03:00:00,112.75980033355968,0.0
 11/06  03:15:00,97.41756324204728,0.0
 11/06  03:30:00,115.80867704687498,0.0
 11/06  03:45:00,133.36307143436784,0.0
 11/06  04:00:00,94.88325226586122,0.0
 11/06  04:15:00,97.42301298539778,0.0
 11/06  04:30:00,97.41300749585044,0.0
 11/06  04:45:00,137.2695213288819,0.0
 11/06  05:00:00,90.98,0.0
 11/06  05:15:00,115.82702582106153,0.0
 11/06  05:30:00,97.4199102943568,0.0
 11/06  05:45:00,112.74630374786736,0.0
 11/06  06:00:00,90.98,0.0
 11/06  06:15:00,159.03656225110393,0.0
 11/06  06:30:00,377.4249397656872,0.0
 11/06  06:45:00,143.41291228910353,0.0
 11/06  07:00:00,143.40046665725146,0.0
 11/06  07:15:00,90.98,0.0
 11/06  07:30:00,143.42156080067593,0.0
 11/06  07:45:00,97.4112191338276,0.0
 11/06  08:00:00,97.40072040825171,3.901250235280268
 11/06  08:15:00,78.71333333333334,5.640451014563302
 11/06  08:30:00,143.42252938559253,7.519173949084037
 11/06  08:45:00,2177.9149869875737,12.420322037067578
 11/06  09:00:00,3513.7296336967456,17.32117560204985
 11/06  09:15:00,1672.9541158528282,22.231615002740384
 11/06  09:30:00,1726.3366926058818,27.145915413438935
 11/06  09:45:00,1718.0938094812273,31.873741453408332
 11/06  10:00:00,3534.4598188622717,36.60476743191854
 11/06  10:15:00,2132.243883657692,41.320635783096094
 11/06  10:30:00,2150.989288676432,46.036357500115
 11/06  10:45:00,2153.7604195273943,49.23557252021304
 11/06  11:00:00,2134.134920848824,52.63412079069983
 11/06  11:15:00,7939.127473155388,56.09210272907663
 11/06  11:30:00,5760.520329744832,59.594671226916674
 11/06  11:45:00,2825.0958401308862,60.46649896718057
 11/06  12:00:00,2194.11308710307,61.40329920722875
 11/06  12:15:00,51.11333333333332,62.389535875124174
 11/06  12:30:00,97.42285615924028,63.43401391348385
 11/06  12:45:00,125.01945546662512,61.87083601146355
 11/06  13:00:00,90.98,60.375682946794065
 11/06  13:15:00,128.08954156632643,58.92655609322524
 11/06  13:30:00,97.41158272421188,57.52305448814039
 11/06  13:45:00,100.46674119424478,53.75418050032213
 11/06  14:00:00,90.98,50.26840578504994
 11/06  14:15:00,143.41938228505012,46.90881141087933
 11/06  14:30:00,106.60888527910468,43.55506089301097
 11/06  14:45:00,97.39828428844189,38.70104541938845
 11/06  15:00:00,69.51333333333332,33.867248224573075
 11/06  15:15:00,143.41801158781487,28.968973688810447
 11/06  15:30:00,131.14003728096174,24.060038362961834
 11/06  15:45:00,97.39519465990152,19.343769264673277
 11/06  16:00:00,44.97999999999999,14.633188039338316
 11/06  16:15:00,2689.1413815307355,9.931399988295663
 11/06  16:30:00,2623.5426612644337,5.238593217386916
 11/06  16:45:00,2256.4941608341105,3.927898246562969
 11/06  17:00:00,2130.293746812756,2.726584637460619
 11/06  17:15:00,7960.614763021156,0.0
 11/06  17:30:00,5983.0146273921655,0.0
 11/06  17:45:00,3053.380203976894,0.0
 11/06  18:00:00,2557.600768054469,0.0
 11/06  18:15:00,2323.0824877262594,0.0
 11/06  18:30:00,3801.0383203100473,0.0
 11/06  18:45:00,5218.47696346069,0.0
 11/06  19:00:00,5100.755306425821,0.0
 11/06  19:15:00,4271.156384794939,0.0
 11/06  19:30:00,3630.848755674055,0.0
 11/06  19:45:00,2221.4147054714795,0.0
 11/06  20:00:00,2254.520633368664,0.0
 11/06  20:15:00,2277.040432566324,0.0
 11/06  20:30:00,2258.8352476970167,0.0
 11/06  20:45:00,2277.3523550648256,0.0
 11/06  21:00:00,2305.8327780445707,0.0
 11/06  21:15:00,2300.456552888527,0.0
 11/06  21:30:00,2260.3587745243426,0.0
 11/06  21:45:00,2259.5122467639776,0.0
 11/06  22:00:00,2298.9074213355498,0.0
 11/06  22:15:00,2305.054272711238,0.0
 11/06  22:30:00,2277.5124850106804,0.0
 11/06  22:45:00,2258.908461137484,0.0
 11/06  23:00:00,2274.031275736766,0.0
 11/06  23:15:00,292.31333333333333,0.0
 11/06  23:30:00,140.36787265784764,0.0
 11/06  23:45:00,97.43676615789268,0.0
 11/06  24:00:00,97.42952084788958,0.0
 11/07  00:15:00,90.98,0.0
 11/07  00:30:00,143.4406872300003,0.0
 11/07  00:45:00,109.7007369121277,0.0
 11/07  01:00:00,97.4275748838132,0.0
 11/07  01:15:00,118.887704714399,0.0
 11/07  01:30:00,90.98,0.0
 11/07  01:45:00,134.25027863059393,0.0
 11/07  02:00:00,97.4444230806586,0.0
 11/07  02:15:00,97.43733431826494,0.0
 11/07  02:30:00,140.36354406955232,0.0
 11/07  02:45:00,143.42305247876573,0.0
 11/07  03:00:00,60.313333333333325,0.0
 11/07  03:15:00,97.45053126241478,0.0
 11/07  03:30:00,115.84339246613332,0.0
 11/07  03:45:00,143.43620076186718,0.0
 11/07  04:00:00,137.29562226443696,0.0
 11/07  04:15:00,97.423008842366,0.0
 11/07  04:30:00,44.97999999999999,0.0
 11/07  04:45:00,137.32023054942877,0.0
 11/07  05:00:00,143.44823958360377,0.0
 11/07  05:15:00,115.8404911831366,0.0
 11/07  05:30:00,97.43256060705372,0.0
 11/07  05:45:00,112.75777754489866,0.0
 11/07  06:00:00,90.98,0.0
 11/07  06:15:00,159.0529330663039,0.0
 11/07  06:30:00,377.4481338637228,0.0
 11/07  06:45:00,143.44352329859646,0.0
 11/07  07:00:00,143.43910715085565,0.0
 11/07  07:15:00,143.43489030925178,0.0
 11/07  07:30:00,143.43087822587628,0.0
 11/07  07:45:00,44.97999999999999,0.0
 11/07  08:00:00,97.46565378610978,17.967260657971995
 11/07  08:15:00,131.19193060169397,37.572681947636816
 11/07  08:30:00,143.4512994769148,50.83230381182031
 11/07  08:45:00,2202.4198714772965,96.52796789070919
 11/07  09:00:00,3563.541947186882,147.38491392489587
 11/07  09:15:00,1701.3570570575196,193.9154798319414
 11/07  09:30:00,1750.5510878208806,243.97249874668287
 11/07  09:45:00,1740.1412082656996,284.8671846892944
 11/07  10:00:00,3580.247285042258,343.25259158682144
 11/07  10:15:00,2162.119704736039,391.9509939742189
 11/07  10:30:00,2177.261086629565,442.2803680397328
 11/07  10:45:00,2174.070040649487,469.32066433899575
 11/07  11:00:00,2150.23487244984,496.12950249973585
 11/07  11:15:00,7939.140319040903,520.4164790225881
 11/07  11:30:00,5765.553817062441,549.3069615153707
 11/07  11:45:00,2826.8659343939566,544.9560821716717
 11/07  12:00:00,2190.451436086899,545.6010702898502
 11/07  12:15:00,51.11333333333333,544.9885962066438
 11/07  12:30:00,97.39115472979675,542.4209340841326
 11/07  12:45:00,124.96655382106935,532.9721464720373
 11/07  13:00:00,90.98,522.1467131887573
 11/07  13:15:00,128.04024059232253,514.7757796611248
 11/07  13:30:00,44.97999999999999,505.2230235723736
 11/07  13:45:00,100.4479499919727,486.3227991324206
 11/07  14:00:00,143.36423826136473,465.62195964729176
 11/07  14:15:00,90.98,441.83984048956063
 11/07  14:30:00,106.57286647446384,416.86951722321214
 11/07  14:45:00,97.35631011581744,371.1153980295538
 11/07  15:00:00,69.51333333333332,326.8026456639989
 11/07  15:15:00,143.36595388643806,284.2891937106696
 11/07  15:30:00,78.71333333333334,243.4598555776313
 11/07  15:45:00,97.37709894066263,175.39752950137813
 11/07  16:00:00,97.36218959738054,124.79688521738068
 11/07  16:15:00,2600.975629274308,70.319714594298
 11/07  16:30:00,2585.6696789607663,21.24734703723558
 11/07  16:45:00,2221.566784151479,16.25234492660294
 11/07  17:00:00,2096.3867106355274,10.477775379488003
 11/07  17:15:00,7959.235076474994,0.0
 11/07  17:30:00,5991.586862699147,0.0
 11/07  17:45:00,3029.6154615501164,0.0
 11/07  18:00:00,2532.664570156607,0.0
 11/07  18:15:00,2299.694341000135,0.0
 11/07  18:30:00,3776.631471890751,0.0
 11/07  18:45:00,5190.808573932536,0.0
 11/07  19:00:00,5075.100688119557,0.0
 11/07  19:15:00,4247.994953845009,0.0
 11/07  19:30:00,3609.249212294968,0.0
 11/07  19:45:00,2200.609042891643,0.0
 11/07  20:00:00,2230.662700994425,0.0
 11/07  20:15:00,2252.920691774312,0.0
 11/07  20:30:00,2234.61718114674,0.0
 11/07  20:45:00,2253.0335834245243,0.0
 11/07  21:00:00,2281.576271395886,0.0
 11/07  21:15:00,2276.4318652283227,0.0
 11/07  21:30:00,2236.6635297191438,0.0
 11/07  21:45:00,2236.231813138693,0.0
 11/07  22:00:00,2276.0903293442366,0.0
 11/07  22:15:00,2282.46378360005,0.0
 11/07  22:30:00,2254.9995913217617,0.0
 11/07  22:45:00,2236.314675929773,0.0
 11/07  23:00:00,2251.304585442408,0.0
 11/07  23:15:00,292.31333333333333,0.0
 11/07  23:30:00,140.36498837700424,0.0
 11/07  23:45:00,97.4316888376906,0.0
 11/07  24:00:00,97.42214066418198,0.0
 11/08  00:15:00,1962.476266666667,0.0
 11/08  00:30:00,1305.9545384163755,0.0
 11/08  00:45:00,1555.7988939035208,0.0
 11/08  01:00:00,118.0935881714482,0.0
 11/08  01:15:00,66.44666666666666,0.0
 11/08  01:30:00,143.4291189705108,0.0
 11/08  01:45:00,134.2192799456115,0.0
 11/08  02:00:00,97.4093122222324,0.0
 11/08  02:15:00,44.97999999999999,0.0
 11/08  02:30:00,140.36527797245012,0.0
 11/08  02:45:00,143.4226792918756,0.0
 11/08  03:00:00,112.74667931743616,0.0
 11/08  03:15:00,97.4034382862059,0.0
 11/08  03:30:00,63.38,0.0
 11/08  03:45:00,143.4254668460776,0.0
 11/08  04:00:00,137.28230666022756,0.0
 11/08  04:15:00,97.40652993561422,0.0
 11/08  04:30:00,44.97999999999999,0.0
 11/08  04:45:00,137.29697117544788,0.0
 11/08  05:00:00,143.4215705681787,0.0
 11/08  05:15:00,115.81230725942036,0.0
 11/08  05:30:00,94.15408823299614,0.0
 11/08  05:45:00,63.561785218796224,0.0
 11/08  06:00:00,143.42637916153424,0.0
 11/08  06:15:00,159.0170699774697,0.0
 11/08  06:30:00,377.4076623291409,0.0
 11/08  06:45:00,90.98,0.0
 11/08  07:00:00,143.4306775443203,0.0
 11/08  07:15:00,143.4217516118496,0.0
 11/08  07:30:00,143.4127676186054,0.0
 11/08  07:45:00,44.97999999999999,0.0
 11/08  08:00:00,97.43652915079456,13.54958252898362
 11/08  08:15:00,131.1589428808282,25.483989640575533
 11/08  08:30:00,143.41438005250643,32.79564231351976
 11/08  08:45:00,2170.6986899147587,80.30360011722213
 11/08  09:00:00,3538.2705071254777,129.632124865213
 11/08  09:15:00,1682.932550011128,175.48519010028664
 11/08  09:30:00,1731.5595640477957,225.4884509215464
 11/08  09:45:00,1722.248530127356,238.05119330058247
 11/08  10:00:00,3538.39541679192,236.6519127155481
 11/08  10:15:00,2131.4288087209243,244.55662602149766
 11/08  10:30:00,2147.354242689212,250.58030021482264
 11/08  10:45:00,2147.1470918606374,284.98801774023383
 11/08  11:00:00,2124.927299241564,336.0230684799799
 11/08  11:15:00,7939.1284805507485,374.2670705905168
 11/08  11:30:00,5748.123796586923,413.301544232725
 11/08  11:45:00,2804.990632332764,418.9789282560341
 11/08  12:00:00,2169.7031851645843,424.1709081160802
 11/08  12:15:00,51.11333333333333,427.9734208711706
 11/08  12:30:00,97.392694479528,430.7355199379098
 11/08  12:45:00,72.57999999999998,422.91415166645186
 11/08  13:00:00,143.38635977798822,414.3920758004554
 11/08  13:15:00,128.03406250730714,404.39152348707927
 11/08  13:30:00,44.97999999999999,393.584034859833
 11/08  13:45:00,100.43579508836862,373.5193578954095
 11/08  14:00:00,143.34859509793162,353.0159968456835
 11/08  14:15:00,90.98,333.74531051154474
 11/08  14:30:00,106.5560425546189,313.77274958372567
 11/08  14:45:00,44.97999999999999,257.9683034282297
 11/08  15:00:00,121.8966439635632,192.11642193417683
 11/08  15:15:00,143.34656404010042,142.63383453176965
 11/08  15:30:00,78.71333333333334,86.60016828245087
 11/08  15:45:00,97.35462633714177,67.12304497270527
 11/08  16:00:00,44.97999999999999,48.04854828615865
 11/08  16:15:00,2638.4143593916406,26.67769493714718
 11/08  16:30:00,2572.4264852195174,12.442608550561108
 11/08  16:45:00,2208.5681402453406,9.357168693117478
 11/08  17:00:00,2083.8012648496338,6.477872039011064
 11/08  17:15:00,7960.582134433481,0.0
 11/08  17:30:00,5945.900721147324,0.0
 11/08  17:45:00,3007.4433101028103,0.0
 11/08  18:00:00,2513.210909933978,0.0
 11/08  18:15:00,2278.921370378662,0.0
 11/08  18:30:00,3746.582511139037,0.0
 11/08  18:45:00,4943.940582031467,0.0
 11/08  19:00:00,4573.285857415111,0.0
 11/08  19:15:00,4223.256364956136,0.0
 11/08  19:30:00,3583.280844067844,0.0
 11/08  19:45:00,2181.530235741979,0.0
 11/08  20:00:00,2212.9636658246136,0.0
 11/08  20:15:00,2235.346507478832,0.0
 11/08  20:30:00,2216.891103301787,0.0
 11/08  20:45:00,2235.097693662713,0.0
 11/08  21:00:00,2263.359163678465,0.0
 11/08  21:15:00,2257.263335553217,0.0
 11/08  21:30:00,2216.205433785561,0.0
 11/08  21:45:00,2214.143824176178,0.0
 11/08  22:00:00,2252.2209920136384,0.0
 11/08  22:15:00,2257.8239214560263,0.0
 11/08  22:30:00,2230.0708533052857,0.0
 11/08  22:45:00,2211.636944230621,0.0
 11/08  23:00:00,2227.0940706176825,0.0
 11/08  23:15:00,292.31333333333333,0.0
 11/08  23:30:00,140.3401786300219,0.0
 11/08  23:45:00,97.39840595030934,0.0
 11/08  24:00:00,44.97999999999999,0.0
 11/09  00:15:00,1918.7833971036064,0.0
 11/09  00:30:00,1017.1059737106524,0.0
 11/09  00:45:00,141.98302666666663,0.0
 11/09  01:00:00,182.1465698327547,0.0
 11/09  01:15:00,152.7611296662742,0.0
 11/09  01:30:00,143.38962015781027,0.0
 11/09  01:45:00,81.78,0.0
 11/09  02:00:00,97.41134687794349,0.0
 11/09  02:15:00,97.4006679180755,0.0
 11/09  02:30:00,139.72003087992826,0.0
 11/09  02:45:00,91.5830786016657,0.0
 11/09  03:00:00,112.74384944042964,0.0
 11/09  03:15:00,97.40189265947538,0.0
 11/09  03:30:00,63.38,0.0
 11/09  03:45:00,143.4270086950467,0.0
 11/09  04:00:00,137.2859955946015,0.0
 11/09  04:15:00,97.40910341833856,0.0
 11/09  04:30:00,97.39872482000256,0.0
 11/09  04:45:00,84.84666666666666,0.0
 11/09  05:00:00,143.41986657937207,0.0
 11/09  05:15:00,115.81068745813992,0.0
 11/09  05:30:00,97.40149096486972,0.0
 11/09  05:45:00,60.313333333333325,0.0
 11/09  06:00:00,143.42532326040953,0.0
 11/09  06:15:00,159.0153790603612,0.0
 11/09  06:30:00,377.4052887814543,0.0
 11/09  06:45:00,90.98,0.0
 11/09  07:00:00,143.42677700023077,0.0
 11/09  07:15:00,143.41755199939433,0.0
 11/09  07:30:00,143.40827643753727,0.0
 11/09  07:45:00,44.97999999999999,0.0
 11/09  08:00:00,97.43155736994996,11.703086267255145
 11/09  08:15:00,131.15356536931847,17.536200923377976
 11/09  08:30:00,1820.0035194559157,28.546110223364373
 11/09  08:45:00,2148.5306157798605,63.43095017033016
 11/09  09:00:00,3508.297253305448,103.0332691089751
 11/09  09:15:00,1664.3009582483703,137.67575305183615
 11/09  09:30:00,1719.6337381557964,174.74067516852142
 11/09  09:45:00,3574.814914468084,182.203163635421
 11/09  10:00:00,3462.813041750209,188.97200890360511
 11/09  10:15:00,2093.326190360086,194.86685176102057
 11/09  10:30:00,2114.9388708117517,187.0225463174295
 11/09  10:45:00,2125.213187760007,182.48575475799424
 11/09  11:00:00,2105.9398431556583,177.29498687254656
 11/09  11:15:00,2075.6351692407466,155.69229963110902
 11/09  11:30:00,2079.295292266788,149.03712733768646
 11/09  11:45:00,2118.064299000416,188.57872061926133
 11/09  12:00:00,2116.3332065661743,211.35367377798553
 11/09  12:15:00,1630.3187317979064,234.92701479115914
 11/09  12:30:00,1611.422230893424,274.4492980771299
 11/09  12:45:00,1631.0831023675887,264.65778467145793
 11/09  13:00:00,1647.7399834681917,240.0547656276087
 11/09  13:15:00,2151.909663180156,231.83150338231496
 11/09  13:30:00,2074.361071904954,223.78164334414296
 11/09  13:45:00,2060.4587359026987,196.4549627560732
 11/09  14:00:00,2103.044385076825,170.0154148052322
 11/09  14:15:00,2094.726556291471,144.30424226721888
 11/09  14:30:00,2049.9773668349167,108.1150065408014
 11/09  14:45:00,2039.768702627395,93.51235570547134
 11/09  15:00:00,2065.386174738016,79.14765091456202
 11/09  15:15:00,2087.0066854979577,65.17214508344055
 11/09  15:30:00,2074.22738744114,51.555536783288375
 11/09  15:45:00,2040.03767995447,40.30542874742029
 11/09  16:00:00,2039.8187366905108,29.097765605249197
 11/09  16:15:00,2500.29185215214,18.949000440030517
 11/09  16:30:00,2500.382026990977,9.558273638307794
 11/09  16:45:00,2161.814331009626,7.1835064684319
 11/09  17:00:00,2038.8411512491743,0.0
 11/09  17:15:00,2230.263723849253,0.0
 11/09  17:30:00,8151.688384114292,0.0
 11/09  17:45:00,5994.279904316712,0.0
 11/09  18:00:00,3116.339508475878,0.0
 11/09  18:15:00,2327.2374109263515,0.0
 11/09  18:30:00,2262.7038750794927,0.0
 11/09  18:45:00,4602.9491820910425,0.0
 11/09  19:00:00,4830.321169938186,0.0
 11/09  19:15:00,4216.535819109307,0.0
 11/09  19:30:00,3570.353629156358,0.0
 11/09  19:45:00,2172.993096065508,0.0
 11/09  20:00:00,2204.6328533122023,0.0
 11/09  20:15:00,8122.413332815015,0.0
 11/09  20:30:00,5898.7629782975055,0.0
 11/09  20:45:00,2708.627508730809,0.0
 11/09  21:00:00,2291.7500179022013,0.0
 11/09  21:15:00,2250.692953254781,0.0
 11/09  21:30:00,2210.9161847750606,0.0
 11/09  21:45:00,2214.710308122034,0.0
 11/09  22:00:00,2255.467594429545,0.0
 11/09  22:15:00,2260.967254028164,0.0
 11/09  22:30:00,2233.067297723572,0.0
 11/09  22:45:00,2214.3843920605523,0.0
 11/09  23:00:00,2229.3212984103093,0.0
 11/09  23:15:00,1991.716590044485,0.0
 11/09  23:30:00,87.91333333333333,0.0
 11/09  23:45:00,97.42919439552765,0.0
 11/09  24:00:00,97.4324570791062,0.0
 11/10  00:15:00,2003.607946328654,0.0
 11/10  00:30:00,1833.6552420000005,0.0
 11/10  00:45:00,207.39498880833892,0.0
 11/10  01:00:00,195.1238313386342,0.0
 11/10  01:15:00,216.576332861104,0.0
 11/10  01:30:00,241.10384990490283,0.0
 11/10  01:45:00,179.47263000000004,0.0
 11/10  02:00:00,195.1353200728768,0.0
 11/10  02:15:00,123.48540577148634,0.0
 11/10  02:30:00,140.35853831141677,0.0
 11/10  02:45:00,143.41618750582657,0.0
 11/10  03:00:00,60.313333333333325,0.0
 11/10  03:15:00,97.44022875322428,0.0
 11/10  03:30:00,115.83157230775782,0.0
 11/10  03:45:00,143.42278463595633,0.0
 11/10  04:00:00,137.28052931296088,0.0
 11/10  04:15:00,44.97999999999999,0.0
 11/10  04:30:00,97.4406040911393,0.0
 11/10  04:45:00,137.29998797792305,0.0
 11/10  05:00:00,143.4260657412504,0.0
 11/10  05:15:00,115.82120594871564,0.0
 11/10  05:30:00,44.97999999999999,0.0
 11/10  05:45:00,112.7877968202809,0.0
 11/10  06:00:00,143.4508773841883,0.0
 11/10  06:15:00,159.0464336881683,0.0
 11/10  06:30:00,377.4421862059918,0.0
 11/10  06:45:00,143.43813992101238,0.0
 11/10  07:00:00,143.43429994413998,0.0
 11/10  07:15:00,90.98,0.0
 11/10  07:30:00,143.46144416497236,0.0
 11/10  07:45:00,97.45386370450802,0.0
 11/10  08:00:00,97.44605287119992,7.9440950886853745
 11/10  08:15:00,131.1738773439942,11.95109759383402
 11/10  08:30:00,1811.9496548617203,15.795880618919885
 11/10  08:45:00,2150.961180923605,35.37863328756196
 11/10  09:00:00,3513.711696782648,60.96154223462446
 11/10  09:15:00,1674.6866239179012,82.5053501559493
 11/10  09:30:00,1728.9951844084542,104.62023002937254
 11/10  09:45:00,3595.1633236727725,111.58288895726558
 11/10  10:00:00,3484.778506483184,118.49807354800323
 11/10  10:15:00,2112.587918567561,113.5628023920481
 11/10  10:30:00,2135.5143892916785,119.19836476247775
 11/10  10:45:00,2145.5701906567574,128.8608709663128
 11/10  11:00:00,2125.8769323043844,138.9724257706392
 11/10  11:15:00,2095.0427751322786,164.3271499727656
 11/10  11:30:00,2097.4534026692595,175.8566693560112
 11/10  11:45:00,2134.508177643914,178.21850633057326
 11/10  12:00:00,2131.980545512697,180.9005793845072
 11/10  12:15:00,1639.1074274788343,183.85876587242993
 11/10  12:30:00,1616.5039479555974,187.0183267044813
 11/10  12:45:00,1637.203831946952,181.85511788793383
 11/10  13:00:00,1654.677952505925,177.01119309825722
 11/10  13:15:00,2170.12263588112,172.3698231538674
 11/10  13:30:00,2095.628859969097,167.9353741551791
 11/10  13:45:00,2082.7355105206334,154.53055331847338
 11/10  14:00:00,2125.646354733517,128.5245086498822
 11/10  14:15:00,2117.2191147409385,117.34892818238751
 11/10  14:30:00,2072.155032204983,106.43751154342213
 11/10  14:45:00,2061.070963160322,92.17902536230628
 11/10  15:00:00,2085.643287269949,78.24666824781856
 11/10  15:15:00,2106.870178935775,64.67184152244438
 11/10  15:30:00,2094.111519424276,51.37858493605862
 11/10  15:45:00,2060.176426419482,40.238822707357585
 11/10  16:00:00,2060.278257127372,29.12542869061616
 11/10  16:15:00,2520.980889231888,18.948430038001522
 11/10  16:30:00,2521.236343221744,9.652170996924191
 11/10  16:45:00,2182.727817607331,7.256511467472116
 11/10  17:00:00,2059.841968846197,0.0
 11/10  17:15:00,2251.3602293949543,0.0
 11/10  17:30:00,8151.720889666001,0.0
 11/10  17:45:00,6014.508343973457,0.0
 11/10  18:00:00,3139.406435372538,0.0
 11/10  18:15:00,2349.260345029099,0.0
 11/10  18:30:00,2285.0564944589064,0.0
 11/10  18:45:00,4668.7544437501565,0.0
 11/10  19:00:00,4944.449911512905,0.0
 11/10  19:15:00,4244.37919951099,0.0
 11/10  19:30:00,3596.639221260594,0.0
 11/10  19:45:00,2196.6122702309176,0.0
 11/10  20:00:00,2230.458693747297,0.0
 11/10  20:15:00,8122.439028090489,0.0
 11/10  20:30:00,5921.890488518812,0.0
 11/10  20:45:00,2736.131056739746,0.0
 11/10  21:00:00,2318.4417312444803,0.0
 11/10  21:15:00,2277.7189982588334,0.0
 11/10  21:30:00,2238.5086587304154,0.0
 11/10  21:45:00,2243.0006485758317,0.0
 11/10  22:00:00,2284.511523986279,0.0
 11/10  22:15:00,2290.4483483191257,0.0
 11/10  22:30:00,2262.8089218835958,0.0
 11/10  22:45:00,2244.163858623688,0.0
 11/10  23:00:00,2259.0339602911804,0.0
 11/10  23:15:00,2006.3431873525485,0.0
 11/10  23:30:00,87.91333333333333,0.0
 11/10  23:45:00,97.4506455303946,0.0
 11/10  24:00:00,97.43663883433452,0.0
 11/11  00:15:00,188.77593314237677,0.0
 11/11  00:30:00,982.653078264053,0.0
 11/11  00:45:00,102.59264666666668,0.0
 11/11  01:00:00,142.79811528136028,0.0
 11/11  01:15:00,164.261456490889,0.0
 11/11  01:30:00,188.79183792623076,0.0
 11/11  01:45:00,179.58927805083613,0.0
 11/11  02:00:00,142.78712001616594,0.0
 11/11  02:15:00,1068.9768789067573,0.0
 11/11  02:30:00,1324.0463253333337,0.0
 11/11  02:45:00,188.81323750323176,0.0
 11/11  03:00:00,158.14146995224567,0.0
 11/11  03:15:00,130.7116139398371,0.0
 11/11  03:30:00,115.85372344572062,0.0
 11/11  03:45:00,143.44963804662257,0.0
 11/11  04:00:00,137.31231565781377,0.0
 11/11  04:15:00,97.44192722943342,0.0
 11/11  04:30:00,44.97999999999999,0.0
 11/11  04:45:00,137.34349886191592,0.0
 11/11  05:00:00,143.47364070678577,0.0
 11/11  05:15:00,115.86955349258322,0.0
 11/11  05:30:00,97.46546996266471,0.0
 11/11  05:45:00,112.79472406666684,0.0
 11/11  06:00:00,143.45731572933298,0.0
 11/11  06:15:00,159.052906943667,0.0
 11/11  06:30:00,377.4484628351293,0.0
 11/11  06:45:00,143.44398302261305,0.0
 11/11  07:00:00,90.98,0.0
 11/11  07:15:00,143.4782973923906,0.0
 11/11  07:30:00,143.47537524177088,0.0
 11/11  07:45:00,97.4725755369478,0.0
 11/11  08:00:00,97.46989997915516,10.81122644212399
 11/11  08:15:00,131.19780617280048,16.23371129198503
 11/11  08:30:00,143.45883609861556,26.118010967776783
 11/11  08:45:00,2182.2304532422872,70.94443580885036
 11/11  09:00:00,3552.979957535213,106.73311104615833
 11/11  09:15:00,1697.0418317489691,157.4024649875571
 11/11  09:30:00,1747.01434347313,202.48080448561822
 11/11  09:45:00,1738.5485160640385,234.20511689761852
 11/11  10:00:00,3577.3484022513685,267.34833509080244
 11/11  10:15:00,2167.7229268054493,300.43603861840637
 11/11  10:30:00,2183.121597477336,333.8039060135468
 11/11  10:45:00,2182.6716868029043,389.9663510200264
 11/11  11:00:00,2160.6578695615094,431.9564513554476
 11/11  11:15:00,7939.150616402836,475.36966848920423
 11/11  11:30:00,5777.691659083458,518.5821980634774
 11/11  11:45:00,2840.9270832149523,526.7218199124906
 11/11  12:00:00,2204.27502480295,534.1677680405004
 11/11  12:15:00,51.11333333333333,539.1358886877924
 11/11  12:30:00,97.44661613562408,542.3653856375818
 11/11  12:45:00,125.03756373491724,534.3683073689823
 11/11  13:00:00,143.42822803474775,525.0510817534986
 11/11  13:15:00,128.08494294974264,514.5954121927956
 11/11  13:30:00,44.97999999999999,502.62264310330715
 11/11  13:45:00,100.50613121653508,480.5808278438112
 11/11  14:00:00,143.4288949800195,457.3580348930445
 11/11  14:15:00,143.42035731654914,433.63673754020465
 11/11  14:30:00,106.61175622181156,408.6296394457909
 11/11  14:45:00,44.97999999999999,351.54347624375816
 11/11  15:00:00,121.96984322311926,296.94617232361173
 11/11  15:15:00,143.42896225313388,231.00291577379227
 11/11  15:30:00,131.15478549249343,184.20308457500596
 11/11  15:45:00,97.41398346336538,131.9192100728994
 11/11  16:00:00,44.97999999999999,93.50291412709633
 11/11  16:15:00,2679.7385074558024,57.77909092964184
 11/11  16:30:00,2614.2907246341883,15.950089125027075
 11/11  16:45:00,2251.3031182057703,12.373456552415059
 11/11  17:00:00,2125.9523564735982,0.0
 11/11  17:15:00,8128.611584737771,0.0
 11/11  17:30:00,5978.334347973056,0.0
 11/11  17:45:00,3049.9697825303506,0.0
 11/11  18:00:00,2559.299826159456,0.0
 11/11  18:15:00,2325.9094747883737,0.0
 11/11  18:30:00,3806.855362164272,0.0
 11/11  18:45:00,5294.2693563845605,0.0
 11/11  19:00:00,5182.02553015259,0.0
 11/11  19:15:00,4280.746881585,0.0
 11/11  19:30:00,3633.9018987568734,0.0
 11/11  19:45:00,2223.9170786104646,0.0
 11/11  20:00:00,2255.692581750361,0.0
 11/11  20:15:00,2278.2249820613933,0.0
 11/11  20:30:00,2260.3622284070384,0.0
 11/11  20:45:00,2279.3683309511634,0.0
 11/11  21:00:00,2308.3309329464137,0.0
 11/11  21:15:00,2303.523001173421,0.0
 11/11  21:30:00,2263.9686211459425,0.0
 11/11  21:45:00,2263.591769690998,0.0
 11/11  22:00:00,2303.444236225157,0.0
 11/11  22:15:00,2309.8691526709144,0.0
 11/11  22:30:00,2282.464853496976,0.0
 11/11  22:45:00,2263.8288893212484,0.0
 11/11  23:00:00,2278.844286319811,0.0
 11/11  23:15:00,292.31333333333333,0.0
 11/11  23:30:00,140.39211164739592,0.0
 11/11  23:45:00,97.45356367298044,0.0
 11/11  24:00:00,97.44838931986502,0.0
 11/12  00:15:00,143.44360008431218,0.0
 11/12  00:30:00,143.43889032368122,0.0
 11/12  00:45:00,109.70093746595492,0.0
 11/12  01:00:00,44.97999999999999,0.0
 11/12  01:15:00,118.93374187924871,0.0
 11/12  01:30:00,143.46256369284654,0.0
 11/12  01:45:00,134.25810549675043,0.0
 11/12  02:00:00,97.453702154962,0.0
 11/12  02:15:00,97.44884736282586,0.0
 11/12  02:30:00,140.37732280076042,0.0
 11/12  02:45:00,143.4391291466447,0.0
 11/12  03:00:00,60.313333333333325,0.0
 11/12  03:15:00,97.47211806849246,0.0
 11/12  03:30:00,115.86819275192724,0.0
 11/12  03:45:00,143.46434451742607,0.0
 11/12  04:00:00,137.3272417501817,0.0
 11/12  04:15:00,97.45705492197608,0.0
 11/12  04:30:00,97.45363640742742,0.0
 11/12  04:45:00,137.3169876537633,0.0
 11/12  05:00:00,143.44711047979126,0.0
 11/12  05:15:00,91.62956119622508,0.0
 11/12  05:30:00,69.20097407409597,0.0
 11/12  05:45:00,112.81129396243426,0.0
 11/12  06:00:00,143.47439929936377,0.0
 11/12  06:15:00,159.07154128057084,0.0
 11/12  06:30:00,377.46878900024086,0.0
 11/12  06:45:00,143.4661437212519,0.0
 11/12  07:00:00,143.46360682479585,0.0
 11/12  07:15:00,143.4596562646056,0.0
 11/12  07:30:00,143.45563651185432,0.0
 11/12  07:45:00,97.45154677277662,0.0
 11/12  08:00:00,97.44738627541685,10.34765224810699
 11/12  08:15:00,78.71333333333334,16.35770577611726
 11/12  08:30:00,143.4844933376655,26.445737053691058
 11/12  08:45:00,2249.1142253290222,76.98760175484975
 11/12  09:00:00,3599.7940446868224,116.00559287788667
 11/12  09:15:00,1721.013773117178,158.49421655480197
 11/12  09:30:00,1769.305508796322,214.12837355324018
 11/12  09:45:00,1760.0619465838713,249.52549117513792
 11/12  10:00:00,3615.200607491348,288.6299657454687
 11/12  10:15:00,2188.34060734533,343.49797978634865
 11/12  10:30:00,2201.395221670786,386.8677746551048
 11/12  10:45:00,2199.768133648065,413.42462247580926
 11/12  11:00:00,2177.3975457069428,439.8672003155126
 11/12  11:15:00,7939.168453846521,465.13388239536874
 11/12  11:30:00,5792.797384110781,489.308248150424
 11/12  11:45:00,2859.826830609829,493.6021223363853
 11/12  12:00:00,2222.9606787671146,496.58895890042044
 11/12  12:15:00,51.11333333333333,499.8283888463752
 11/12  12:30:00,97.43962295541247,501.2339760642001
 11/12  12:45:00,125.0282993281342,494.27432719223447
 11/12  13:00:00,143.416499795889,485.8404380918926
 11/12  13:15:00,128.0740979992288,475.79352306969804
 11/12  13:30:00,44.97999999999999,464.417533789351
 11/12  13:45:00,100.49795312080792,443.67939567231815
 11/12  14:00:00,143.42230742315837,421.9031220683901
 11/12  14:15:00,143.41389796299586,398.9628030895909
 11/12  14:30:00,54.17999999999999,375.0810368901082
 11/12  14:45:00,97.43899571395713,336.5347437887244
 11/12  15:00:00,121.96424419448424,298.76367226336293
 11/12  15:15:00,143.42347884352557,262.04732753714376
 11/12  15:30:00,131.1494386633913,213.10450070770995
 11/12  15:45:00,44.97999999999999,161.98933701164833
 11/12  16:00:00,97.44358395533207,114.70709724777811
 11/12  16:15:00,2689.4368476672985,62.846291251637425
 11/12  16:30:00,2634.628447539939,16.11467905348976
 11/12  16:45:00,2272.0017664838133,12.6833699068217
 11/12  17:00:00,2147.057502033316,0.0
 11/12  17:15:00,8128.633820822783,0.0
 11/12  17:30:00,5997.398161064211,0.0
 11/12  17:45:00,3072.9697221683205,0.0
 11/12  18:00:00,2581.2734839812288,0.0
 11/12  18:15:00,2348.0926856766864,0.0
 11/12  18:30:00,3844.992893299481,0.0
 11/12  18:45:00,5528.036889049424,0.0
 11/12  19:00:00,5445.432480476955,0.0
 11/12  19:15:00,4287.322439498416,0.0
 11/12  19:30:00,3677.7072928645257,0.0
 11/12  19:45:00,2251.903550006531,0.0
 11/12  20:00:00,2283.033346970666,0.0
 11/12  20:15:00,2305.8088883710893,0.0
 11/12  20:30:00,2288.209090384237,0.0
 11/12  20:45:00,2307.4842640963425,0.0
 11/12  21:00:00,2336.645219311661,0.0
 11/12  21:15:00,2332.077540879152,0.0
 11/12  21:30:00,2292.854590754484,0.0
 11/12  21:45:00,2292.9098664931075,0.0
 11/12  22:00:00,2333.2412999705543,0.0
 11/12  22:15:00,2340.278576226266,0.0
 11/12  22:30:00,2313.5571639201085,0.0
 11/12  22:45:00,2295.6760699872,0.0
 11/12  23:00:00,2311.472794085506,0.0
 11/12  23:15:00,292.31333333333333,0.0
 11/12  23:30:00,140.42205118826854,0.0
 11/12  23:45:00,97.48575861797455,0.0
 11/12  24:00:00,97.48276930945327,0.0
 11/13  00:15:00,1105.2034852735756,0.0
 11/13  00:30:00,203.18172632231392,0.0
 11/13  00:45:00,169.44750046319882,0.0
 11/13  01:00:00,157.16695335754886,0.0
 11/13  01:15:00,122.92324577518885,0.0
 11/13  01:30:00,143.4763201065226,0.0
 11/13  01:45:00,134.27540903929764,0.0
 11/13  02:00:00,97.47461549537032,0.0
 11/13  02:15:00,97.47461788265126,0.0
 11/13  02:30:00,140.40815234791884,0.0
 11/13  02:45:00,143.47522012212823,0.0
 11/13  03:00:00,112.80915472037,0.0
 11/13  03:15:00,97.47662361710287,0.0
 11/13  03:30:00,115.87762689292596,0.0
 11/13  03:45:00,143.47883159115105,0.0
 11/13  04:00:00,137.34690462267707,0.0
 11/13  04:15:00,97.47998229663972,0.0
 11/13  04:30:00,97.47970634984476,0.0
 11/13  04:45:00,137.3460772032051,0.0
 11/13  05:00:00,143.47909473182196,0.0
 11/13  05:15:00,115.87858934585476,0.0
 11/13  05:30:00,97.4780439174049,0.0
 11/13  05:45:00,112.81079152431678,0.0
 11/13  06:00:00,143.4768323591651,0.0
 11/13  06:15:00,159.07701339111892,0.0
 11/13  06:30:00,377.4772550986565,0.0
 11/13  06:45:00,143.47755739796452,0.0
 11/13  07:00:00,143.47792046152873,0.0
 11/13  07:15:00,143.4790214930293,0.0
 11/13  07:30:00,143.4802639761714,0.0
 11/13  07:45:00,97.48164770274916,0.0
 11/13  08:00:00,97.48317212783776,0.0
 11/13  08:15:00,131.21681536247837,16.00090412156916
 11/13  08:30:00,143.48377096069294,25.96641495853739
 11/13  08:45:00,2232.155597291259,77.2629179373015
 11/13  09:00:00,3661.751711147167,115.38985775713316
 11/13  09:15:00,1754.4959097984247,156.46596028620365
 11/13  09:30:00,1801.7681458038137,200.22124072979912
 11/13  09:45:00,1792.3245304444592,246.5154448949656
 11/13  10:00:00,3677.645295750798,287.14443014178687
 11/13  10:15:00,2230.7057143091056,346.00987469549733
 11/13  10:30:00,2243.811523277576,394.2491437363122
 11/13  10:45:00,2242.4386545652565,372.36673445533177
 11/13  11:00:00,2221.2667788352387,363.9318767772443
 11/13  11:15:00,7939.215099763927,351.22867928629165
 11/13  11:30:00,5835.3552783310415,321.1893277450953
 11/13  11:45:00,2912.720167451821,308.6378881979796
 11/13  12:00:00,2275.960645429478,295.02359801404117
 11/13  12:15:00,51.11333333333332,265.61162265020033
 11/13  12:30:00,97.47546826453794,251.94492114114647
 11/13  12:45:00,125.0680528063112,248.7231447653705
 11/13  13:00:00,143.46024552381462,245.64948064958196
 11/13  13:15:00,128.1198876259203,242.8157679221345
 11/13  13:30:00,97.44593552912885,255.5952018178481
 11/13  13:45:00,100.50505171301408,221.08366883371468
 11/13  14:00:00,143.43056510017593,203.16307567945307
 11/13  14:15:00,90.98,185.83023757617875
 11/13  14:30:00,106.66159028162,169.21721519894487
 11/13  14:45:00,97.4563212708463,152.9975089812974
 11/13  15:00:00,121.98441215315216,136.98148574246517
 11/13  15:15:00,143.44637164819594,121.15408336115755
 11/13  15:30:00,131.17508628748652,105.50184879209849
 11/13  15:45:00,97.4372253785017,81.61471370773153
 11/13  16:00:00,44.97999999999999,58.63845376980322
 11/13  16:15:00,2780.616674337356,36.44900843861523
 11/13  16:30:00,2707.8874881495053,13.819151571172705
 11/13  16:45:00,2339.4411711638936,10.73257832474619
 11/13  17:00:00,2213.554998630233,0.0
 11/13  17:15:00,8128.702790632738,0.0
 11/13  17:30:00,6055.67728846615,0.0
 11/13  17:45:00,3142.6575424995967,0.0
 11/13  18:00:00,2647.1988894329133,0.0
 11/13  18:15:00,2413.632395491648,0.0
 11/13  18:30:00,3939.357491209695,0.0
 11/13  18:45:00,5671.2552965166105,0.0
 11/13  19:00:00,5615.445894146194,0.0
 11/13  19:15:00,4343.344633813484,0.0
 11/13  19:30:00,3767.628711284793,0.0
 11/13  19:45:00,2314.514184950385,0.0
 11/13  20:00:00,2347.2354925294367,0.0
 11/13  20:15:00,2369.67983447387,0.0
 11/13  20:30:00,2351.7253242264187,0.0
 11/13  20:45:00,2370.5385199368898,0.0
 11/13  21:00:00,2399.269130934249,0.0
 11/13  21:15:00,2394.479683677247,0.0
 11/13  21:30:00,2355.0979463266654,0.0
 11/13  21:45:00,2355.0656147016293,0.0
 11/13  22:00:00,2395.330292366122,0.0
 11/13  22:15:00,2402.359602635572,0.0
 11/13  22:30:00,2375.753458683243,0.0
 11/13  22:45:00,2358.0739709903646,0.0
 11/13  23:00:00,2374.086150196525,0.0
 11/13  23:15:00,292.31333333333333,0.0
 11/13  23:30:00,140.42913467785715,0.0
 11/13  23:45:00,97.49443172820848,0.0
 11/13  24:00:00,97.49313273240531,0.0
 11/14  00:15:00,143.48801390756188,0.0
 11/14  00:30:00,143.48251226826008,0.0
 11/14  00:45:00,109.74330072300516,0.0
 11/14  01:00:00,97.47037620967296,0.0
 11/14  01:15:00,118.937004157025,0.0
 11/14  01:30:00,143.47068724567393,0.0
 11/14  01:45:00,134.271429340473,0.0
 11/14  02:00:00,97.47256657301254,0.0
 11/14  02:15:00,97.47173045355304,0.0
 11/14  02:30:00,140.4043464618463,0.0
 11/14  02:45:00,143.47041467613616,0.0
 11/14  03:00:00,112.80326921511306,0.0
 11/14  03:15:00,97.46856093344128,0.0
 11/14  03:30:00,115.8671851901078,0.0
 11/14  03:45:00,143.46580891264176,0.0
 11/14  04:00:00,137.33109845001994,0.0
 11/14  04:15:00,71.91935274600682,0.0
 11/14  04:30:00,70.53585863271314,0.0
 11/14  04:45:00,137.3752411109669,0.0
 11/14  05:00:00,143.50972447646754,0.0
 11/14  05:15:00,115.93086260949929,0.0
 11/14  05:30:00,97.5805194077472,0.0
 11/14  05:45:00,165.49383580337707,0.0
 11/14  06:00:00,143.6190077549732,0.0
 11/14  06:15:00,159.27816136604622,0.0
 11/14  06:30:00,377.7417837349304,0.0
 11/14  06:45:00,143.8103111754707,0.0
 11/14  07:00:00,143.9391508263318,0.0
 11/14  07:15:00,196.7490565851068,0.0
 11/14  07:30:00,144.18133007646043,0.0
 11/14  07:45:00,151.09893813614818,0.0
 11/14  08:00:00,190.3272440467784,0.0
 11/14  08:15:00,222.1349483468084,16.07289299691039
 11/14  08:30:00,242.53979292341137,26.118623546646372
 11/14  08:45:00,2709.144907001895,77.93530640743457
 11/14  09:00:00,3823.041160072684,117.25642992665244
 11/14  09:15:00,1847.426920378145,159.46059817863255
 11/14  09:30:00,1900.4031519051564,214.2609970813761
 11/14  09:45:00,1886.6255831856884,258.41185530749755
 11/14  10:00:00,3812.4305223025385,307.3421557990566
 11/14  10:15:00,2317.215798659265,373.48979656440406
 11/14  10:30:00,2321.9985904192968,429.73119587638814
 11/14  10:45:00,2308.330138050583,466.1747106862813
 11/14  11:00:00,2280.5492509192627,502.85215699027094
 11/14  11:15:00,7939.272898561818,545.5743781211398
 11/14  11:30:00,5882.719544928424,582.6201914690835
 11/14  11:45:00,2967.5214810477146,595.3018254936513
 11/14  12:00:00,2325.016268532431,606.206742449272
 11/14  12:15:00,51.11333333333332,614.6933337987352
 11/14  12:30:00,97.48517406893755,620.9651868108323
 11/14  12:45:00,125.07979141307052,612.5603743715595
 11/14  13:00:00,143.4741344111343,602.1707449461751
 11/14  13:15:00,128.1353869027271,590.1416410203917
 11/14  13:30:00,97.46309715410511,576.053223517947
 11/14  13:45:00,100.52392980330896,544.6868740216886
 11/14  14:00:00,143.45121533962043,512.2200551183535
 11/14  14:15:00,143.44596609920308,472.20082761171517
 11/14  14:30:00,106.64061810094596,438.75759649308156
 11/14  14:45:00,44.97999999999999,380.1337576685554
 11/14  15:00:00,122.0050071749948,324.02758869382814
 11/14  15:15:00,143.46789692874165,271.2682086626802
 11/14  15:30:00,131.19755004230524,209.33932399374032
 11/14  15:45:00,97.46063501023878,159.53188347731498
 11/14  16:00:00,97.45715345412208,113.18701310309764
 11/14  16:15:00,2762.787756429996,61.516641860909616
 11/14  16:30:00,2733.364985821041,14.648001693313299
 11/14  16:45:00,2370.315876477777,11.378751872930266
 11/14  17:00:00,2245.361547194362,0.0
 11/14  17:15:00,8128.749711294531,0.0
 11/14  17:30:00,6089.939377180455,0.0
 11/14  17:45:00,3189.8080840075186,0.0
 11/14  18:00:00,2709.049018829682,0.0
 11/14  18:15:00,2484.5920312437106,0.0
 11/14  18:30:00,4039.092452224632,0.0
 11/14  18:45:00,5775.166210881514,0.0
 11/14  19:00:00,5724.547026067541,0.0
 11/14  19:15:00,4459.6276147035005,0.0
 11/14  19:30:00,3893.365411412972,0.0
 11/14  19:45:00,2431.5525124192154,0.0
 11/14  20:00:00,2484.3798029837217,0.0
 11/14  20:15:00,2516.250313345195,0.0
 11/14  20:30:00,2504.9377245191126,0.0
 11/14  20:45:00,2529.565048471938,0.0
 11/14  21:00:00,2564.619595797294,0.0
 11/14  21:15:00,2569.2293619316392,0.0
 11/14  21:30:00,2540.436826796249,0.0
 11/14  21:45:00,2551.064570109987,0.0
 11/14  22:00:00,2601.963839288411,0.0
 11/14  22:15:00,2618.4943445399595,0.0
 11/14  22:30:00,2600.9320711044256,0.0
 11/14  22:45:00,2592.225977463284,0.0
 11/14  23:00:00,2617.0977154379066,0.0
 11/14  23:15:00,345.83893450386114,0.0
 11/14  23:30:00,287.0082377416606,0.0
 11/14  23:45:00,245.7543170418589,0.0
 11/14  24:00:00,260.7422423699992,0.0
 11/15  00:15:00,2207.284763248532,0.0
 11/15  00:30:00,1520.2490264808755,0.0
 11/15  00:45:00,1790.031504276752,0.0
 11/15  01:00:00,373.6426834893783,0.0
 11/15  01:15:00,392.06323403010697,0.0
 11/15  01:30:00,432.2028695935202,0.0
 11/15  01:45:00,437.3613024036398,0.0
 11/15  02:00:00,413.6899408088948,0.0
 11/15  02:15:00,429.3829200463941,0.0
 11/15  02:30:00,487.0356208080932,0.0
 11/15  02:45:00,504.3536610077424,0.0
 11/15  03:00:00,487.99305181739095,0.0
 11/15  03:15:00,485.9142935367848,0.0
 11/15  03:30:00,516.4842281760832,0.0
 11/15  03:45:00,556.9229506660308,0.0
 11/15  04:00:00,562.8432595296646,0.0
 11/15  04:15:00,536.4848699062604,0.0
 11/15  04:30:00,548.7206484045904,0.0
 11/15  04:45:00,601.4240879568933,0.0
 11/15  05:00:00,620.3660402723796,0.0
 11/15  05:15:00,601.022193355261,0.0
 11/15  05:30:00,591.9159116974753,0.0
 11/15  05:45:00,614.7295082921465,0.0
 11/15  06:00:00,654.397941649797,0.0
 11/15  06:15:00,678.322692634227,0.0
 11/15  06:30:00,906.2000336793104,0.0
 11/15  06:45:00,680.0589851183229,0.0
 11/15  07:00:00,689.1097436916555,0.0
 11/15  07:15:00,689.3851396703235,0.0
 11/15  07:30:00,691.1783153660133,0.0
 11/15  07:45:00,647.7418425284795,0.0
 11/15  08:00:00,648.8182558965723,0.0
 11/15  08:15:00,678.7632425636756,7.960111504838888
 11/15  08:30:00,687.8725454914915,10.241469821616105
 11/15  08:45:00,3165.1382715231703,16.730172677695357
 11/15  09:00:00,4117.54602540381,23.83246537373833
 11/15  09:15:00,2134.129326311877,30.930987480591394
 11/15  09:30:00,2259.381500764377,38.0181664032639
 11/15  09:45:00,2259.8337221158995,37.89762909679781
 11/15  10:00:00,4272.741864296275,38.28463376681412
 11/15  10:15:00,2757.64302209871,39.365638586622865
 11/15  10:30:00,2794.35060712474,40.48681768603018
 11/15  10:45:00,2792.889480145111,43.76021355513284
 11/15  11:00:00,2773.3651704306576,47.024079333508936
 11/15  11:15:00,7947.290240862655,50.41853548480083
 11/15  11:30:00,6666.1991847502295,54.09532304676978
 11/15  11:45:00,3549.6954305014,55.02802881568169
 11/15  12:00:00,2861.903511284372,56.028623226671485
 11/15  12:15:00,468.6516907756273,57.08779746838632
 11/15  12:30:00,567.72455306008,58.205687956473696
 11/15  12:45:00,671.462928628291,56.585288257504935
 11/15  13:00:00,745.2427378082134,55.031535909865966
 11/15  13:15:00,761.3709126023575,53.49470205230956
 11/15  13:30:00,756.2156802912032,52.01195439068165
 11/15  13:45:00,777.5021899208093,48.427305479254606
 11/15  14:00:00,833.1800367267311,44.89441308882984
 11/15  14:15:00,843.2045139034661,41.36802287535951
 11/15  14:30:00,814.6862950662656,37.84832935939035
 11/15  14:45:00,813.4701989492112,33.171559905176935
 11/15  15:00:00,844.7762256289996,28.50564198656444
 11/15  15:15:00,887.8055106913838,23.85960782965057
 11/15  15:30:00,905.3322372850096,19.22059757429541
 11/15  15:45:00,894.5939743331007,15.360821342932807
 11/15  16:00:00,936.3932453316856,11.50698839130897
 11/15  16:15:00,3977.801443852492,7.663340553612449
 11/15  16:30:00,3465.848983194416,3.825481787695794
 11/15  16:45:00,3095.619476881019,2.9882899353162244
 11/15  17:00:00,2958.610785527011,0.0
 11/15  17:15:00,8140.088366383635,0.0
 11/15  17:30:00,7375.934545176677,0.0
 11/15  17:45:00,3982.5980301549184,0.0
 11/15  18:00:00,3393.1653077086635,0.0
 11/15  18:15:00,3167.8701534113206,0.0
 11/15  18:30:00,4708.707955106763,0.0
 11/15  18:45:00,6394.038138449983,0.0
 11/15  19:00:00,6347.051565415053,0.0
 11/15  19:15:00,5085.826966472929,0.0
 11/15  19:30:00,4513.219078634856,0.0
 11/15  19:45:00,3039.138582206768,0.0
 11/15  20:00:00,3109.6723395305503,0.0
 11/15  20:15:00,3132.366960066285,0.0
 11/15  20:30:00,3113.066136384523,0.0
 11/15  20:45:00,3129.312607661657,0.0
 11/15  21:00:00,3155.987038951097,0.0
 11/15  21:15:00,3150.52122307809,0.0
 11/15  21:30:00,3110.6475596739374,0.0
 11/15  21:45:00,3110.220153807289,0.0
 11/15  22:00:00,3149.0553388240915,0.0
 11/15  22:15:00,3154.8587035587207,0.0
 11/15  22:30:00,3127.112519200625,0.0
 11/15  22:45:00,3108.348606581469,0.0
 11/15  23:00:00,3123.146380501903,0.0
 11/15  23:15:00,756.7012401170564,0.0
 11/15  23:30:00,686.377948346911,0.0
 11/15  23:45:00,711.7498444419693,0.0
 11/15  24:00:00,756.6806421034408,0.0
 11/16  00:15:00,2345.826056602656,0.0
 11/16  00:30:00,1424.746583025528,0.0
 11/16  00:45:00,670.6786319932402,0.0
 11/16  01:00:00,701.9386574313593,0.0
 11/16  01:15:00,741.0899663431869,0.0
 11/16  01:30:00,809.9953623074283,0.0
 11/16  01:45:00,815.7757972126612,0.0
 11/16  02:00:00,825.3491802098108,0.0
 11/16  02:15:00,872.2686900944914,0.0
 11/16  02:30:00,903.4076020154848,0.0
 11/16  02:45:00,922.3339325207172,0.0
 11/16  03:00:00,934.4206428622535,0.0
 11/16  03:15:00,959.3604316841383,0.0
 11/16  03:30:00,985.4332239823228,0.0
 11/16  03:45:00,1013.5147520458664,0.0
 11/16  04:00:00,1031.7131824248447,0.0
 11/16  04:15:00,1043.3863045200624,0.0
 11/16  04:30:00,1063.9619381695406,0.0
 11/16  04:45:00,1092.1014140905845,0.0
 11/16  05:00:00,1109.973552010108,0.0
 11/16  05:15:00,1120.9389806133236,0.0
 11/16  05:30:00,1134.8122845706932,0.0
 11/16  05:45:00,1157.9561057615608,0.0
 11/16  06:00:00,1179.6585395276045,0.0
 11/16  06:15:00,1195.9925788758492,0.0
 11/16  06:30:00,1391.3003823424594,0.0
 11/16  06:45:00,1149.513820814183,0.0
 11/16  07:00:00,1243.8439015998165,0.0
 11/16  07:15:00,1241.177059605178,0.0
 11/16  07:30:00,1243.3849566151532,0.0
 11/16  07:45:00,1249.7317106185585,0.0
 11/16  08:00:00,1262.9966608159789,0.0
 11/16  08:15:00,1278.508852206742,7.142824631796974
 11/16  08:30:00,3081.0986075171213,9.198972093228894
 11/16  08:45:00,3117.3618818614186,15.151647722429903
 11/16  09:00:00,4392.226459578141,21.289058167944297
 11/16  09:15:00,2355.222867202458,27.762778754223618
 11/16  09:30:00,2495.1828635645447,34.238257480185524
 11/16  09:45:00,4551.792816552903,42.91373276706068
 11/16  10:00:00,4409.958856536296,51.63853100864958
 11/16  10:15:00,2952.3783117343187,60.43075699782595
 11/16  10:30:00,2997.406055952085,69.34130116608877
 11/16  10:45:00,3001.712525896833,74.82347630599769
 11/16  11:00:00,2977.5374047849805,80.48189102750227
 11/16  11:15:00,2939.417994866269,86.2926126521196
 11/16  11:30:00,2933.789817396746,92.27677470425172
 11/16  11:45:00,2964.523844356913,93.54405244231046
 11/16  12:00:00,2955.168266192862,95.03725427148784
 11/16  12:15:00,2408.615757971629,96.77468070797545
 11/16  12:30:00,2419.0285779252126,98.71166572265271
 11/16  12:45:00,2451.5051651622543,96.00679642111265
 11/16  13:00:00,2475.308025716091,93.53375083518597
 11/16  13:15:00,3042.470639465072,91.26945610899233
 11/16  13:30:00,2918.544078340873,89.19223457965275
 11/16  13:45:00,2893.9480023104925,82.51009244970051
 11/16  14:00:00,2927.829732406634,76.03895337518371
 11/16  14:15:00,2914.29996277757,69.74202342583794
 11/16  14:30:00,2866.967043380784,63.58968230868265
 11/16  14:45:00,2853.6436736811334,54.72236727874472
 11/16  15:00:00,2876.9459359278503,46.00968380140983
 11/16  15:15:00,2901.70918183059,37.44209918619535
 11/16  15:30:00,2893.217898238676,29.509680866431736
 11/16  15:45:00,2863.137695198177,23.458021575467818
 11/16  16:00:00,2866.9895172805564,17.399710142156966
 11/16  16:15:00,3330.5639355114818,11.339689579322169
 11/16  16:30:00,3333.5609790316257,5.282907394726227
 11/16  16:45:00,2997.0505247120204,4.124645813627715
 11/16  17:00:00,2874.638223449383,0.0
 11/16  17:15:00,3066.016776930292,0.0
 11/16  17:30:00,8162.827943041128,0.0
 11/16  17:45:00,7593.370796853798,0.0
 11/16  18:00:00,4149.923286875757,0.0
 11/16  18:15:00,3156.753670469147,0.0
 11/16  18:30:00,3112.327357568511,0.0
 11/16  18:45:00,6302.021417758421,0.0
 11/16  19:00:00,6313.365633289421,0.0
 11/16  19:15:00,5059.3762105709775,0.0
 11/16  19:30:00,4479.079294483495,0.0
 11/16  19:45:00,3411.0149242597527,0.0
 11/16  20:00:00,3117.253281033431,0.0
 11/16  20:15:00,8132.698108134815,0.0
 11/16  20:30:00,6661.285010991662,0.0
 11/16  20:45:00,3494.582733428326,0.0
 11/16  21:00:00,3137.3344475093045,0.0
 11/16  21:15:00,3102.135837853094,0.0
 11/16  21:30:00,3051.6640297419403,0.0
 11/16  21:45:00,3047.420333892888,0.0
 11/16  22:00:00,3082.495621997037,0.0
 11/16  22:15:00,3085.990941097524,0.0
 11/16  22:30:00,3055.2400938132946,0.0
 11/16  22:45:00,3034.121679410053,0.0
 11/16  23:00:00,3047.522247615263,0.0
 11/16  23:15:00,2569.838933000668,0.0
 11/16  23:30:00,402.57994007161005,0.0
 11/16  23:45:00,435.29285866155016,0.0
 11/16  24:00:00,490.9026201127126,0.0
 11/17  00:15:00,2337.696196891916,0.0
 11/17  00:30:00,2220.4454335963237,0.0
 11/17  00:45:00,555.5002589430208,0.0
 11/17  01:00:00,559.704782065276,0.0
 11/17  01:15:00,589.7679945362331,0.0
 11/17  01:30:00,669.9247231022081,0.0
 11/17  01:45:00,691.6715872959867,0.0
 11/17  02:00:00,652.4618372691878,0.0
 11/17  02:15:00,653.6305797591295,0.0
 11/17  02:30:00,700.6910897817762,0.0
 11/17  02:45:00,712.0984407146663,0.0
 11/17  03:00:00,686.6008699030103,0.0
 11/17  03:15:00,677.8410688519429,0.0
 11/17  03:30:00,700.6147482034653,0.0
 11/17  03:45:00,732.6411877817405,0.0
 11/17  04:00:00,730.7605538854293,0.0
 11/17  04:15:00,693.9102672160742,0.0
 11/17  04:30:00,698.2560925176722,0.0
 11/17  04:45:00,740.2558962424209,0.0
 11/17  05:00:00,748.8522645681686,0.0
 11/17  05:15:00,727.0214751652132,0.0
 11/17  05:30:00,712.7972529167351,0.0
 11/17  05:45:00,743.3824380114564,0.0
 11/17  06:00:00,769.2475675808299,0.0
 11/17  06:15:00,786.4387981456105,0.0
 11/17  06:30:00,1014.384033847094,0.0
 11/17  06:45:00,773.2729038890151,0.0
 11/17  07:00:00,776.138177249885,0.0
 11/17  07:15:00,810.6384209313425,0.0
 11/17  07:30:00,825.1516169583821,0.0
 11/17  07:45:00,817.0589782382605,0.0
 11/17  08:00:00,844.5185990321645,0.0
 11/17  08:15:00,852.0510356435598,4.729356789126622
 11/17  08:30:00,2872.090325146146,6.313164413154062
 11/17  08:45:00,2761.9271772611623,12.566648184208962
 11/17  09:00:00,4196.422116877944,19.044683466753195
 11/17  09:15:00,2221.9156409553484,25.947755224464313
 11/17  09:30:00,2332.65805250411,33.225793228057874
 11/17  09:45:00,4379.907590164747,41.60068973050784
 11/17  10:00:00,4242.291788963417,50.02556656228958
 11/17  10:15:00,2783.297602364828,58.509884353702446
 11/17  10:30:00,2827.2307757125727,67.1025225056967
 11/17  10:45:00,2831.6970961323645,72.55227106439943
 11/17  11:00:00,2808.799446169892,78.17548388899735
 11/17  11:15:00,2773.55819849861,83.99847703494444
 11/17  11:30:00,2772.8858915875167,90.01198834285884
 11/17  11:45:00,2809.6495249419586,79.73796430017819
 11/17  12:00:00,2808.2177572643195,70.320628034541
 11/17  12:15:00,2270.126604359154,61.500204295318625
 11/17  12:30:00,2286.70069107928,53.1601865980722
 11/17  12:45:00,2320.7199302255053,60.99902793114677
 11/17  13:00:00,2343.504976772454,69.18532868722092
 11/17  13:15:00,2909.066811644692,77.89781023051614
 11/17  13:30:00,2783.961125661302,87.25018981930695
 11/17  13:45:00,2759.673198558741,80.55589334345048
 11/17  14:00:00,2795.103846431992,74.12896685428571
 11/17  14:15:00,2780.695111295373,67.8377338717286
 11/17  14:30:00,2732.286774362901,61.69110720715502
 11/17  14:45:00,2717.4319448579545,53.09657850875256
 11/17  15:00:00,2740.381565166884,44.6557809412771
 11/17  15:15:00,2762.382039226111,36.34246028401238
 11/17  15:30:00,2751.661981513669,28.744359782930072
 11/17  15:45:00,2719.050994326897,22.895170757973432
 11/17  16:00:00,2720.001167467064,17.035551995046117
 11/17  16:15:00,3185.202573463517,11.14497241543573
 11/17  16:30:00,3190.8777387888786,5.275664632131337
 11/17  16:45:00,2857.3083896048565,4.1156724684266655
 11/17  17:00:00,2738.215626037274,0.0
 11/17  17:15:00,2932.6508164299566,0.0
 11/17  17:30:00,8160.296111407059,0.0
 11/17  17:45:00,7203.309107941918,0.0
 11/17  18:00:00,4002.080964556313,0.0
 11/17  18:15:00,3036.7922098747963,0.0
 11/17  18:30:00,3000.758798903064,0.0
 11/17  18:45:00,6203.194367189437,0.0
 11/17  19:00:00,6225.834794108334,0.0
 11/17  19:15:00,4973.577409894319,0.0
 11/17  19:30:00,4394.505648542387,0.0
 11/17  19:45:00,3250.213781113206,0.0
 11/17  20:00:00,3029.834269263173,0.0
 11/17  20:15:00,8132.284434865711,0.0
 11/17  20:30:00,6552.476789737402,0.0
 11/17  20:45:00,3418.674817901756,0.0
 11/17  21:00:00,3067.9026895364864,0.0
 11/17  21:15:00,3031.846470031025,0.0
 11/17  21:30:00,2987.020341028035,0.0
 11/17  21:45:00,2990.1841346795,0.0
 11/17  22:00:00,3033.0906377301258,0.0
 11/17  22:15:00,3039.2622074579945,0.0
 11/17  22:30:00,3011.637472019421,0.0
 11/17  22:45:00,2992.198695985421,0.0
 11/17  23:00:00,3007.4779789372324,0.0
 11/17  23:15:00,2561.9390236536883,0.0
 11/17  23:30:00,381.18844387600495,0.0
 11/17  23:45:00,421.4921678303829,0.0
 11/17  24:00:00,480.0528509774398,0.0
 11/18  00:15:00,678.999625684492,0.0
 11/18  00:30:00,1523.7224993321022,0.0
 11/18  00:45:00,728.4217300861646,0.0
 11/18  01:00:00,737.1394974468574,0.0
 11/18  01:15:00,773.7441353401886,0.0
 11/18  01:30:00,808.7909158379027,0.0
 11/18  01:45:00,812.1902342941161,0.0
 11/18  02:00:00,783.371331089707,0.0
 11/18  02:15:00,1720.7335673571906,0.0
 11/18  02:30:00,2035.300709667296,0.0
 11/18  02:45:00,853.3658923894543,0.0
 11/18  03:00:00,828.7240540343998,0.0
 11/18  03:15:00,810.6327622677952,0.0
 11/18  03:30:00,804.3968814989248,0.0
 11/18  03:45:00,842.2942423743144,0.0
 11/18  04:00:00,843.8763250809943,0.0
 11/18  04:15:00,811.8240295116535,0.0
 11/18  04:30:00,819.6839208771872,0.0
 11/18  04:45:00,867.3188688927611,0.0
 11/18  05:00:00,901.6592012650798,0.0
 11/18  05:15:00,890.8045238666518,0.0
 11/18  05:30:00,912.382170346448,0.0
 11/18  05:45:00,964.7642293861152,0.0
 11/18  06:00:00,1000.8022000710178,0.0
 11/18  06:15:00,1020.4111776458232,0.0
 11/18  06:30:00,1242.908799074571,0.0
 11/18  06:45:00,994.6775776485724,0.0
 11/18  07:00:00,1005.199551255316,0.0
 11/18  07:15:00,1040.061638132443,0.0
 11/18  07:30:00,1056.527313805478,0.0
 11/18  07:45:00,1067.0804848306457,0.0
 11/18  08:00:00,1099.0410123364366,0.0
 11/18  08:15:00,1119.4013508797295,3.0287962363531764
 11/18  08:30:00,1135.56185004255,4.054246237677673
 11/18  08:45:00,3470.419945773533,7.820935136965591
 11/18  09:00:00,4376.440485851618,11.761478199108023
 11/18  09:15:00,2383.2718321575385,15.687196029906824
 11/18  09:30:00,2530.761721644345,19.60649620860101
 11/18  09:45:00,2540.9386432992537,24.30999679105956
 11/18  10:00:00,4558.516915003889,29.00625119065219
 11/18  10:15:00,3040.274666869133,33.66216618693795
 11/18  10:30:00,3080.4676390431505,38.29687940944517
 11/18  10:45:00,3076.4813345136968,41.35828540688573
 11/18  11:00:00,3056.4555858803,44.431056175759586
 11/18  11:15:00,7951.5384445566,47.525661340748975
 11/18  11:30:00,7295.890341405792,50.76299270090674
 11/18  11:45:00,3872.1749427640016,51.67631484242353
 11/18  12:00:00,3102.422537446332,52.6613779184423
 11/18  12:15:00,706.9255730100103,53.705082031731095
 11/18  12:30:00,838.8101840740355,54.80707606094642
 11/18  12:45:00,942.9797552402346,53.41019470056679
 11/18  13:00:00,1001.4538373099994,52.09826805135715
 11/18  13:15:00,1120.649549264595,50.91420400850908
 11/18  13:30:00,1157.6046134243156,49.73370835958714
 11/18  13:45:00,1236.474703712938,46.41164069734465
 11/18  14:00:00,1252.9153023790705,43.10432778127829
 11/18  14:15:00,1267.3083062925668,39.79640191247894
 11/18  14:30:00,1287.217264114037,36.48923489563784
 11/18  14:45:00,1300.8363254431683,31.81825900776198
 11/18  15:00:00,1325.3342011510508,27.153362897138194
 11/18  15:15:00,1353.9099299075515,22.498037373119978
 11/18  15:30:00,1375.1009093242333,17.841487123285045
 11/18  15:45:00,1391.0428536723582,14.15690567741985
 11/18  16:00:00,1417.491485181521,10.469589199784677
 11/18  16:15:00,4095.6656440757656,6.782070097358259
 11/18  16:30:00,3649.678482820092,3.096559539057457
 11/18  16:45:00,3267.670850694144,2.4210257974791176
 11/18  17:00:00,3139.6128085902164,0.0
 11/18  17:15:00,8142.38180229343,0.0
 11/18  17:30:00,7694.831008271602,0.0
 11/18  17:45:00,4224.964528218686,0.0
 11/18  18:00:00,3547.535251855212,0.0
 11/18  18:15:00,3347.784892635652,0.0
 11/18  18:30:00,4873.860388092039,0.0
 11/18  18:45:00,6558.987655412172,0.0
 11/18  19:00:00,6511.396319769654,0.0
 11/18  19:15:00,5245.625102855101,0.0
 11/18  19:30:00,4667.416289964848,0.0
 11/18  19:45:00,3191.666257512801,0.0
 11/18  20:00:00,3258.2814248249024,0.0
 11/18  20:15:00,3280.5014222127747,0.0
 11/18  20:30:00,3261.248215324862,0.0
 11/18  20:45:00,3277.217371099519,0.0
 11/18  21:00:00,3304.374684777285,0.0
 11/18  21:15:00,3296.519485840258,0.0
 11/18  21:30:00,3254.670819462707,0.0
 11/18  21:45:00,3250.4304921791336,0.0
 11/18  22:00:00,3286.815451045947,0.0
 11/18  22:15:00,3293.4364914335574,0.0
 11/18  22:30:00,3266.567109344539,0.0
 11/18  22:45:00,3250.114452504856,0.0
 11/18  23:00:00,3266.3961508684424,0.0
 11/18  23:15:00,900.8993814985922,0.0
 11/18  23:30:00,847.2597202302086,0.0
 11/18  23:45:00,875.3214269543034,0.0
 11/18  24:00:00,996.927866493918,0.0
 11/19  00:15:00,1218.8178249991045,0.0
 11/19  00:30:00,1094.3481710271928,0.0
 11/19  00:45:00,1157.5291817090058,0.0
 11/19  01:00:00,1185.4936543916374,0.0
 11/19  01:15:00,1204.142448276319,0.0
 11/19  01:30:00,1223.0408979243507,0.0
 11/19  01:45:00,1230.4676728769905,0.0
 11/19  02:00:00,1235.1294161504818,0.0
 11/19  02:15:00,1252.5468750709283,0.0
 11/19  02:30:00,1280.0650493125684,0.0
 11/19  02:45:00,1294.0249983310032,0.0
 11/19  03:00:00,1302.3490778033763,0.0
 11/19  03:15:00,1315.517051809215,0.0
 11/19  03:30:00,1335.7602352558697,0.0
 11/19  03:45:00,1355.468225520333,0.0
 11/19  04:00:00,1366.386704009606,0.0
 11/19  04:15:00,1377.69303982863,0.0
 11/19  04:30:00,1399.3184383526425,0.0
 11/19  04:45:00,1427.3013733057928,0.0
 11/19  05:00:00,1443.6961913272464,0.0
 11/19  05:15:00,1445.4262550842857,0.0
 11/19  05:30:00,1445.7042811315746,0.0
 11/19  05:45:00,1459.7316069229778,0.0
 11/19  06:00:00,1469.344330341619,0.0
 11/19  06:15:00,1479.2305453135257,0.0
 11/19  06:30:00,1619.162700656204,0.0
 11/19  06:45:00,1411.164046203523,0.0
 11/19  07:00:00,1516.324877620421,0.0
 11/19  07:15:00,1476.1669824029768,0.0
 11/19  07:30:00,1491.0505895538297,0.0
 11/19  07:45:00,1494.4573497379995,0.0
 11/19  08:00:00,1510.3279573132304,0.0
 11/19  08:15:00,1517.7420557700802,4.166388106473121
 11/19  08:30:00,1524.411838719212,5.558481997993298
 11/19  08:45:00,3708.598237690321,8.605807600884203
 11/19  09:00:00,4559.457155497774,11.857058529970423
 11/19  09:15:00,2544.57993315216,15.107837471869008
 11/19  09:30:00,2701.681527776462,18.358501505132704
 11/19  09:45:00,2702.5045596661244,22.762906802030642
 11/19  10:00:00,4646.846784778446,27.165219721200078
 11/19  10:15:00,3124.076501480052,31.540704424825186
 11/19  10:30:00,3167.4830678559592,35.923199722620865
 11/19  10:45:00,3165.9452205361004,38.96273064792036
 11/19  11:00:00,3147.490123373304,42.00720346934966
 11/19  11:15:00,7952.557722174803,45.068841503339364
 11/19  11:30:00,7436.635379698626,48.13029700092381
 11/19  11:45:00,3978.7184402891753,49.267645998622484
 11/19  12:00:00,3170.79296067,50.42095714859358
 11/19  12:15:00,785.0860137434885,51.661968135380675
 11/19  12:30:00,919.8084319360484,52.95937970277646
 11/19  12:45:00,1018.7530474511788,51.34199845796087
 11/19  13:00:00,1205.4224925081828,49.92267657336942
 11/19  13:15:00,1338.2451361859694,48.57595951370589
 11/19  13:30:00,1444.2830978439747,47.23116093823081
 11/19  13:45:00,1427.6754505343831,43.97419303787341
 11/19  14:00:00,1457.3841740435034,40.72488728091624
 11/19  14:15:00,1471.9153461193498,37.482361132174255
 11/19  14:30:00,1477.352255874749,34.24054354276072
 11/19  14:45:00,1491.8280293810478,29.852609799941394
 11/19  15:00:00,1510.2343062959844,25.468105254818546
 11/19  15:15:00,1530.1215544450197,21.0903061290122
 11/19  15:30:00,1543.689995129737,16.713305985789713
 11/19  15:45:00,1551.4529433741252,13.290888433305225
 11/19  16:00:00,1569.6037904820312,9.868582753091573
 11/19  16:15:00,4112.245077622802,6.447938382517826
 11/19  16:30:00,3668.358398802348,3.0303678307301403
 11/19  16:45:00,3286.0728471598336,2.369018161210169
 11/19  17:00:00,3152.325483277409,0.0
 11/19  17:15:00,8142.498892737705,0.0
 11/19  17:30:00,7717.608655746919,0.0
 11/19  17:45:00,4234.322705047115,0.0
 11/19  18:00:00,3558.860672607305,0.0
 11/19  18:15:00,3357.812772074279,0.0
 11/19  18:30:00,4886.419065385215,0.0
 11/19  18:45:00,6570.236065555915,0.0
 11/19  19:00:00,6521.560371481855,0.0
 11/19  19:15:00,5255.194035200424,0.0
 11/19  19:30:00,4676.432081348056,0.0
 11/19  19:45:00,3196.601931432657,0.0
 11/19  20:00:00,3263.6851137135354,0.0
 11/19  20:15:00,3286.962369419453,0.0
 11/19  20:30:00,3268.063547524982,0.0
 11/19  20:45:00,3285.88641474762,0.0
 11/19  21:00:00,3313.9976163924034,0.0
 11/19  21:15:00,3307.9778485884885,0.0
 11/19  21:30:00,3266.9766296233465,0.0
 11/19  21:45:00,3264.318116521933,0.0
 11/19  22:00:00,3301.8951825483828,0.0
 11/19  22:15:00,3307.4896053241578,0.0
 11/19  22:30:00,3278.5596057402317,0.0
 11/19  22:45:00,3258.927792398596,0.0
 11/19  23:00:00,3273.071442466792,0.0
 11/19  23:15:00,896.4005357387907,0.0
 11/19  23:30:00,844.1732297156851,0.0
 11/19  23:45:00,872.1967203502663,0.0
 11/19  24:00:00,1082.430467801224,0.0
 11/20  00:15:00,1818.2271049195572,0.0
 11/20  00:30:00,1059.816414427806,0.0
 11/20  00:45:00,1230.504240434158,0.0
 11/20  01:00:00,1163.3083871200845,0.0
 11/20  01:15:00,1197.009643482685,0.0
 11/20  01:30:00,1233.5328115066022,0.0
 11/20  01:45:00,1243.8693441436446,0.0
 11/20  02:00:00,1246.0972814789486,0.0
 11/20  02:15:00,1260.0319256150733,0.0
 11/20  02:30:00,1279.7181514943943,0.0
 11/20  02:45:00,1289.2978502430503,0.0
 11/20  03:00:00,1290.0172496134774,0.0
 11/20  03:15:00,1302.226062570541,0.0
 11/20  03:30:00,1317.745572954762,0.0
 11/20  03:45:00,1334.8694316541614,0.0
 11/20  04:00:00,1341.685827268378,0.0
 11/20  04:15:00,1341.3689510142017,0.0
 11/20  04:30:00,1350.3691421283463,0.0
 11/20  04:45:00,1364.1795578134454,0.0
 11/20  05:00:00,1373.6312663799265,0.0
 11/20  05:15:00,1372.4860561388004,0.0
 11/20  05:30:00,1378.1291131248004,0.0
 11/20  05:45:00,1388.9255444329092,0.0
 11/20  06:00:00,1402.1011733795726,0.0
 11/20  06:15:00,1410.9767958234272,0.0
 11/20  06:30:00,1545.7174026189286,0.0
 11/20  06:45:00,1340.0142429411417,0.0
 11/20  07:00:00,1450.5450987071054,0.0
 11/20  07:15:00,1406.261513275641,0.0
 11/20  07:30:00,1417.882051967803,0.0
 11/20  07:45:00,1417.6675789132069,0.0
 11/20  08:00:00,1427.7302835543594,0.0
 11/20  08:15:00,1443.328821953363,2.366470139210521
 11/20  08:30:00,1452.381122285415,3.1564408354108786
 11/20  08:45:00,3695.143051212045,6.644755764859325
 11/20  09:00:00,4510.16909292422,10.261194023394918
 11/20  09:15:00,2482.9708998550955,13.88214310934801
 11/20  09:30:00,2647.247451299111,17.50635021315541
 11/20  09:45:00,2647.143535765147,21.89954891478099
 11/20  10:00:00,4616.501857859822,26.295695224020843
 11/20  10:15:00,3087.5102523273754,30.6791500760332
 11/20  10:30:00,3129.3436925485585,35.06359461159435
 11/20  10:45:00,3125.1680181585407,38.107259597437505
 11/20  11:00:00,3103.88832999191,41.15385680099296
 11/20  11:15:00,7952.123614109201,44.213634995792646
 11/20  11:30:00,7382.663335849456,47.274755977465695
 11/20  11:45:00,3928.535817463384,48.41879210612225
 11/20  12:00:00,3139.75589162399,49.56646963476391
 11/20  12:15:00,736.7224832482453,50.77145818784144
 11/20  12:30:00,870.7274463444155,52.08693171298917
 11/20  12:45:00,972.6906596095,50.71334186655264
 11/20  13:00:00,1136.9875959496708,49.52904843506194
 11/20  13:15:00,1289.9011017674168,48.36785110175074
 11/20  13:30:00,1375.8694853089842,47.20833759794461
 11/20  13:45:00,1366.3726069848285,43.94546547762184
 11/20  14:00:00,1389.7696101753188,40.68962952893586
 11/20  14:15:00,1409.1622108047425,37.45615008040329
 11/20  14:30:00,1421.0053966981577,34.22242494551652
 11/20  14:45:00,1437.1884898110025,29.65046612586005
 11/20  15:00:00,1460.0271423090635,25.080420163745565
 11/20  15:15:00,1475.595967891879,20.507382791719177
 11/20  15:30:00,1483.2067216915968,15.93793278837168
 11/20  15:45:00,1489.464876202021,12.515243258738415
 11/20  16:00:00,1500.7878250456856,9.094806638693107
 11/20  16:15:00,4105.0173307840005,5.677915741755458
 11/20  16:30:00,3634.00634038525,2.266905139048034
 11/20  16:45:00,3252.7221050691423,0.0
 11/20  17:00:00,3289.489547125413,0.0
 11/20  17:15:00,8142.220029407415,0.0
 11/20  17:30:00,7677.668157071885,0.0
 11/20  17:45:00,4196.945701162888,0.0
 11/20  18:00:00,3534.44184173724,0.0
 11/20  18:15:00,3333.0854813745505,0.0
 11/20  18:30:00,4864.8453529179205,0.0
 11/20  18:45:00,6549.284425609816,0.0
 11/20  19:00:00,6501.532354532915,0.0
 11/20  19:15:00,5236.722095966823,0.0
 11/20  19:30:00,4659.610346533593,0.0
 11/20  19:45:00,3179.263296198289,0.0
 11/20  20:00:00,3248.162068448961,0.0
 11/20  20:15:00,3269.5677102063573,0.0
 11/20  20:30:00,3249.4640488843856,0.0
 11/20  20:45:00,3264.8930366623,0.0
 11/20  21:00:00,3291.010560772895,0.0
 11/20  21:15:00,3285.272128597157,0.0
 11/20  21:30:00,3244.347331882105,0.0
 11/20  21:45:00,3242.5792227116112,0.0
 11/20  22:00:00,3281.0402432382657,0.0
 11/20  22:15:00,3285.5981786632315,0.0
 11/20  22:30:00,3258.0460995821068,0.0
 11/20  22:45:00,3239.670203130888,0.0
 11/20  23:00:00,3254.3645410258605,0.0
 11/20  23:15:00,871.0131534892125,0.0
 11/20  23:30:00,816.645996015778,0.0
 11/20  23:45:00,845.6153985814638,0.0
 11/20  24:00:00,1044.2361160376845,0.0
 11/21  00:15:00,1237.8893032755627,0.0
 11/21  00:30:00,1102.5793113016691,0.0
 11/21  00:45:00,1166.471335559842,0.0
 11/21  01:00:00,1180.0301802050349,0.0
 11/21  01:15:00,1214.0796450449864,0.0
 11/21  01:30:00,1245.720743589419,0.0
 11/21  01:45:00,1266.9657518970046,0.0
 11/21  02:00:00,1287.2569901587335,0.0
 11/21  02:15:00,1299.6937515766135,0.0
 11/21  02:30:00,1321.261031565271,0.0
 11/21  02:45:00,1333.216170916799,0.0
 11/21  03:00:00,1336.7591724239014,0.0
 11/21  03:15:00,1354.1423333038351,0.0
 11/21  03:30:00,1377.4856369485888,0.0
 11/21  03:45:00,1400.3279321134282,0.0
 11/21  04:00:00,1414.6942831657425,0.0
 11/21  04:15:00,1423.50049884393,0.0
 11/21  04:30:00,1441.5617305202695,0.0
 11/21  04:45:00,1468.200310870943,0.0
 11/21  05:00:00,1481.6571622067468,0.0
 11/21  05:15:00,1482.7492095612074,0.0
 11/21  05:30:00,1483.718399014524,0.0
 11/21  05:45:00,1497.279884514658,0.0
 11/21  06:00:00,1507.011397985939,0.0
 11/21  06:15:00,1523.2524467231185,0.0
 11/21  06:30:00,1647.6596789871835,0.0
 11/21  06:45:00,1476.5025804713814,0.0
 11/21  07:00:00,1572.770078737864,0.0
 11/21  07:15:00,1538.589435076929,0.0
 11/21  07:30:00,1557.940199981714,0.0
 11/21  07:45:00,1558.423434499771,0.0
 11/21  08:00:00,1579.8860131790373,0.0
 11/21  08:15:00,1573.4527032641215,4.782528462207418
 11/21  08:30:00,1563.9648755711985,6.376767841195498
 11/21  08:45:00,3751.1028971832266,14.71449344667878
 11/21  09:00:00,4564.268663488055,25.067067296911844
 11/21  09:15:00,2534.1006639966586,34.44008593035666
 11/21  09:30:00,2689.02076918536,43.659977900104984
 11/21  09:45:00,2677.2156013326094,56.49180398822608
 11/21  10:00:00,4623.756917595795,69.50724987058008
 11/21  10:15:00,3086.1623061326386,82.79760232952988
 11/21  10:30:00,3120.5737906693344,96.39462169043348
 11/21  10:45:00,3111.185785394784,92.95917850852709
 11/21  11:00:00,3087.505119572364,90.20639811854788
 11/21  11:15:00,7951.913361572346,87.85394126767993
 11/21  11:30:00,7349.256984406312,85.78490311021966
 11/21  11:45:00,3885.0668481836055,157.46087550364746
 11/21  12:00:00,3102.832163405689,234.9682603282463
 11/21  12:15:00,634.2902375229568,297.25779549815405
 11/21  12:30:00,728.7904685587979,359.59876055674323
 11/21  12:45:00,813.8156007758481,355.09488868778294
 11/21  13:00:00,861.937714185742,366.7044503900975
 11/21  13:15:00,869.0065392807891,363.90571251034123
 11/21  13:30:00,906.567105709952,360.84221355876866
 11/21  13:45:00,936.6379473801549,345.19225215399416
 11/21  14:00:00,916.9957788452494,328.5700788708866
 11/21  14:15:00,906.4807938567376,309.48174213382646
 11/21  14:30:00,883.5669014257443,289.6998675501872
 11/21  14:45:00,872.3698866635243,247.26978381808695
 11/21  15:00:00,869.0380056428578,207.27192530819835
 11/21  15:15:00,897.2757108939011,158.31628557615386
 11/21  15:30:00,895.92150645431,125.48583488988791
 11/21  15:45:00,926.8301399306948,96.73076230561855
 11/21  16:00:00,959.1370184746849,60.32349301996362
 11/21  16:15:00,4067.859836242557,33.80016701911862
 11/21  16:30:00,3516.443041494319,9.14259996445954
 11/21  16:45:00,3141.290540552164,0.0
 11/21  17:00:00,3184.804715781432,0.0
 11/21  17:15:00,8141.317240555159,0.0
 11/21  17:30:00,7552.144984669978,0.0
 11/21  17:45:00,4086.317514709685,0.0
 11/21  18:00:00,3472.1604637157448,0.0
 11/21  18:15:00,3243.5376390146807,0.0
 11/21  18:30:00,4789.435806249412,0.0
 11/21  18:45:00,6472.3374730327305,0.0
 11/21  19:00:00,6423.394538801824,0.0
 11/21  19:15:00,5157.03119138936,0.0
 11/21  19:30:00,4578.571708865751,0.0
 11/21  19:45:00,3092.978598681015,0.0
 11/21  20:00:00,3160.3815343936826,0.0
 11/21  20:15:00,3180.9481345121344,0.0
 11/21  20:30:00,3159.4383453927726,0.0
 11/21  20:45:00,3173.540876752395,0.0
 11/21  21:00:00,3198.768704538843,0.0
 11/21  21:15:00,3199.283410938684,0.0
 11/21  21:30:00,3166.4803295123547,0.0
 11/21  21:45:00,3173.78581860625,0.0
 11/21  22:00:00,3221.2869303347597,0.0
 11/21  22:15:00,3230.660458948408,0.0
 11/21  22:30:00,3206.482119378938,0.0
 11/21  22:45:00,3190.79437482444,0.0
 11/21  23:00:00,3208.386464287637,0.0
 11/21  23:15:00,822.4062167927939,0.0
 11/21  23:30:00,766.9393527884276,0.0
 11/21  23:45:00,802.4167106797892,0.0
 11/21  24:00:00,888.2840619044588,0.0
 11/22  00:15:00,2809.8825692372147,0.0
 11/22  00:30:00,2113.4748042415176,0.0
 11/22  00:45:00,2368.856094952641,0.0
 11/22  01:00:00,938.2728480587978,0.0
 11/22  01:15:00,960.706320423257,0.0
 11/22  01:30:00,1048.4797019021617,0.0
 11/22  01:45:00,1111.567207022006,0.0
 11/22  02:00:00,1197.3587674230564,0.0
 11/22  02:15:00,1203.6637438141147,0.0
 11/22  02:30:00,1240.8469541895124,0.0
 11/22  02:45:00,1261.792670336514,0.0
 11/22  03:00:00,1276.3584956938705,0.0
 11/22  03:15:00,1297.7699408505107,0.0
 11/22  03:30:00,1327.4391486817635,0.0
 11/22  03:45:00,1356.837144421742,0.0
 11/22  04:00:00,1375.30494771577,0.0
 11/22  04:15:00,1365.0303781713192,0.0
 11/22  04:30:00,1363.9675285620856,0.0
 11/22  04:45:00,1371.450957853563,0.0
 11/22  05:00:00,1369.0676000532408,0.0
 11/22  05:15:00,1392.2760055850715,0.0
 11/22  05:30:00,1416.968114217627,0.0
 11/22  05:45:00,1448.9381784444313,0.0
 11/22  06:00:00,1482.699814532753,0.0
 11/22  06:15:00,1489.3608298240154,0.0
 11/22  06:30:00,1629.278309754467,0.0
 11/22  06:45:00,1428.0657261011058,0.0
 11/22  07:00:00,1537.3779998929442,0.0
 11/22  07:15:00,1494.8429696059409,0.0
 11/22  07:30:00,1513.7956583945245,0.0
 11/22  07:45:00,1517.620845219309,0.0
 11/22  08:00:00,1532.7553609725308,0.0
 11/22  08:15:00,1555.9396517746754,0.0
 11/22  08:30:00,1569.426747862515,8.030186369436246
 11/22  08:45:00,3762.411115425925,16.59293529427445
 11/22  09:00:00,4596.079387841317,25.983267242699995
 11/22  09:15:00,2577.201039339629,34.05907677762059
 11/22  09:30:00,2729.605572149638,42.059639828640584
 11/22  09:45:00,2717.753789565473,55.060407534621326
 11/22  10:00:00,4657.772553559849,68.21498157576713
 11/22  10:15:00,3116.3947511822344,81.56714445310583
 11/22  10:30:00,3143.888301856798,95.17444394133838
 11/22  10:45:00,3121.296026117468,131.94298174730696
 11/22  11:00:00,3082.621293641995,158.3364284394198
 11/22  11:15:00,7952.007652429478,185.8430455152304
 11/22  11:30:00,7336.403798326454,214.03603978238485
 11/22  11:45:00,3856.396923399431,217.9097197202633
 11/22  12:00:00,3077.8426889199736,237.67310832106915
 11/22  12:15:00,631.6974440431107,242.20448754698288
 11/22  12:30:00,742.0200252464368,247.01908075244074
 11/22  12:45:00,830.5798697791263,254.4878499128474
 11/22  13:00:00,878.9369750046151,261.7729927631162
 11/22  13:15:00,879.1128187017248,269.15116014947216
 11/22  13:30:00,885.9693636263729,276.3219959346233
 11/22  13:45:00,924.0919176683568,255.5823382047356
 11/22  14:00:00,910.201707718792,235.7077464225777
 11/22  14:15:00,911.8044679247736,216.65225231461193
 11/22  14:30:00,907.5516274730433,197.90194464428723
 11/22  14:45:00,927.3835760959556,156.90601668322734
 11/22  15:00:00,941.5676451621202,129.6663288308069
 11/22  15:15:00,968.6095201894892,103.15617676137813
 11/22  15:30:00,1026.5870841020792,77.69446842795365
 11/22  15:45:00,1056.444610641929,59.578597224371435
 11/22  16:00:00,1103.6205372551897,41.77331815963157
 11/22  16:15:00,4076.0800988499313,23.649982543653753
 11/22  16:30:00,3549.8943220992096,7.621506893676892
 11/22  16:45:00,3173.276527035802,0.0
 11/22  17:00:00,3217.000016289508,0.0
 11/22  17:15:00,8141.737783683947,0.0
 11/22  17:30:00,7594.221685472692,0.0
 11/22  17:45:00,4110.415813010025,0.0
 11/22  18:00:00,3478.785608430745,0.0
 11/22  18:15:00,3260.103458268023,0.0
 11/22  18:30:00,4812.366806438602,0.0
 11/22  18:45:00,6520.112875939124,0.0
 11/22  19:00:00,6472.434207305515,0.0
 11/22  19:15:00,5205.959777423073,0.0
 11/22  19:30:00,4635.233054158254,0.0
 11/22  19:45:00,3165.3412860918343,0.0
 11/22  20:00:00,3244.521701595606,0.0
 11/22  20:15:00,3272.5284181488946,0.0
 11/22  20:30:00,3258.544608929268,0.0
 11/22  20:45:00,3280.7121480944,0.0
 11/22  21:00:00,3312.982252257387,0.0
 11/22  21:15:00,3314.5717791998736,0.0
 11/22  21:30:00,3282.1081865760843,0.0
 11/22  21:45:00,3289.088591852513,0.0
 11/22  22:00:00,3335.849380634567,0.0
 11/22  22:15:00,3339.7103519479497,0.0
 11/22  22:30:00,3308.635370720954,0.0
 11/22  22:45:00,3286.9133176216133,0.0
 11/22  23:00:00,3298.351787687377,0.0
 11/22  23:15:00,930.4575085376767,0.0
 11/22  23:30:00,890.347928272792,0.0
 11/22  23:45:00,950.9830348177616,0.0
 11/22  24:00:00,1126.862673285975,0.0
 11/23  00:15:00,2668.647583656083,0.0
 11/23  00:30:00,1736.7439280611147,0.0
 11/23  00:45:00,1104.7419149311377,0.0
 11/23  01:00:00,1302.1093956592165,0.0
 11/23  01:15:00,1290.9732094612657,0.0
 11/23  01:30:00,1333.3909277127218,0.0
 11/23  01:45:00,1358.9225990760567,0.0
 11/23  02:00:00,1368.1313071801392,0.0
 11/23  02:15:00,1396.5132252955996,0.0
 11/23  02:30:00,1428.2624514294102,0.0
 11/23  02:45:00,1452.1895302712676,0.0
 11/23  03:00:00,1463.4565139867975,0.0
 11/23  03:15:00,1483.4734495808486,0.0
 11/23  03:30:00,1507.6364086703195,0.0
 11/23  03:45:00,1531.1942947578498,0.0
 11/23  04:00:00,1547.0285901169468,0.0
 11/23  04:15:00,1554.6089966119432,0.0
 11/23  04:30:00,1573.592914164496,0.0
 11/23  04:45:00,1598.3475093449977,0.0
 11/23  05:00:00,1612.83832297437,0.0
 11/23  05:15:00,1618.7720674038628,0.0
 11/23  05:30:00,1625.325217909206,0.0
 11/23  05:45:00,1643.9603442430875,0.0
 11/23  06:00:00,1659.1716328493096,0.0
 11/23  06:15:00,1674.582034152374,0.0
 11/23  06:30:00,1768.9980784756287,0.0
 11/23  06:45:00,1649.453164945422,0.0
 11/23  07:00:00,1711.8181317852832,0.0
 11/23  07:15:00,1683.8486927851816,0.0
 11/23  07:30:00,1692.2610720750893,0.0
 11/23  07:45:00,1687.408731139534,0.0
 11/23  08:00:00,1700.2087548869254,0.0
 11/23  08:15:00,1716.3612194836276,0.0
 11/23  08:30:00,3367.268556405188,7.2209582215774235
 11/23  08:45:00,3475.62406509787,60.26525900944754
 11/23  09:00:00,4616.32613752714,113.34054207641837
 11/23  09:15:00,2575.9747253823803,164.5531596450243
 11/23  09:30:00,2713.396693371374,225.98342534451632
 11/23  09:45:00,4701.035181782533,256.3021056774929
 11/23  10:00:00,4540.543647983952,291.5719643766035
 11/23  10:15:00,3069.13649980932,324.9830816980593
 11/23  10:30:00,3097.666861431877,357.04631033044603
 11/23  10:45:00,3081.7914587752325,392.6232702493862
 11/23  11:00:00,3037.045437935854,428.19000039014276
 11/23  11:15:00,2974.4169954478525,462.73730345674016
 11/23  11:30:00,2941.810051977116,496.16346657828666
 11/23  11:45:00,2948.3151228960405,494.1024904642443
 11/23  12:00:00,2918.7386603115733,490.5064717572572
 11/23  12:15:00,2366.19502105681,487.9876176931558
 11/23  12:30:00,2368.9510783699207,483.505704153596
 11/23  12:45:00,2384.6890358629057,476.97143513807146
 11/23  13:00:00,2397.6581953156824,468.9478596723354
 11/23  13:15:00,2936.8310814127267,457.7210066244174
 11/23  13:30:00,2798.1301311119564,445.0648878186334
 11/23  13:45:00,2750.246527607228,427.38691519420513
 11/23  14:00:00,2771.3008228508734,408.16484641581513
 11/23  14:15:00,2750.783611943088,391.6913283576142
 11/23  14:30:00,2698.635589730714,373.2740948629444
 11/23  14:45:00,2690.078312251815,314.58138194724205
 11/23  15:00:00,2728.460537689796,243.8814329212179
 11/23  15:15:00,2763.3915690825825,191.39624811911625
 11/23  15:30:00,2767.0984920257138,132.518392924466
 11/23  15:45:00,2746.904816204454,102.07105072943098
 11/23  16:00:00,2762.1184997952296,72.72129327587739
 11/23  16:15:00,3248.9109568138783,35.49727066874246
 11/23  16:30:00,3275.9098077509425,9.17347313285213
 11/23  16:45:00,2956.572343869308,0.0
 11/23  17:00:00,3013.5544887095334,0.0
 11/23  17:15:00,3040.476675722123,0.0
 11/23  17:30:00,8163.122051602142,0.0
 11/23  17:45:00,7587.849579834777,0.0
 11/23  18:00:00,4188.868150634635,0.0
 11/23  18:15:00,3157.0000454575847,0.0
 11/23  18:30:00,3114.0115241999288,0.0
 11/23  18:45:00,6308.538655360959,0.0
 11/23  19:00:00,6321.927981271016,0.0
 11/23  19:15:00,5066.45846488969,0.0
 11/23  19:30:00,4484.598731325948,0.0
 11/23  19:45:00,3459.2120869873115,0.0
 11/23  20:00:00,3117.306558692506,0.0
 11/23  20:15:00,8133.783385698026,0.0
 11/23  20:30:00,6667.414265074505,0.0
 11/23  20:45:00,3510.0971989007685,0.0
 11/23  21:00:00,3154.818784229105,0.0
 11/23  21:15:00,3129.628910098401,0.0
 11/23  21:30:00,3091.3779332083627,0.0
 11/23  21:45:00,3099.2635260050765,0.0
 11/23  22:00:00,3147.1121734754515,0.0
 11/23  22:15:00,3155.9019177621826,0.0
 11/23  22:30:00,3129.180010092642,0.0
 11/23  22:45:00,3111.8875911722544,0.0
 11/23  23:00:00,3128.239986528239,0.0
 11/23  23:15:00,2621.96897523513,0.0
 11/23  23:30:00,469.44615181883984,0.0
 11/23  23:45:00,534.4570882131878,0.0
 11/23  24:00:00,593.9774089170965,0.0
 11/24  00:15:00,2408.5286901001546,0.0
 11/24  00:30:00,2291.6481502319657,0.0
 11/24  00:45:00,648.8208234014495,0.0
 11/24  01:00:00,695.0923150218423,0.0
 11/24  01:15:00,721.1297662465543,0.0
 11/24  01:30:00,863.3377907051494,0.0
 11/24  01:45:00,865.4368341022048,0.0
 11/24  02:00:00,898.2109328292219,0.0
 11/24  02:15:00,904.2841077666492,0.0
 11/24  02:30:00,928.7044890481208,0.0
 11/24  02:45:00,946.305222220612,0.0
 11/24  03:00:00,959.5200555349488,0.0
 11/24  03:15:00,980.720825723096,0.0
 11/24  03:30:00,1007.7051733847928,0.0
 11/24  03:45:00,1034.811002306977,0.0
 11/24  04:00:00,1055.3183732812568,0.0
 11/24  04:15:00,1059.9734401119565,0.0
 11/24  04:30:00,1072.9117761593525,0.0
 11/24  04:45:00,1092.5669462357694,0.0
 11/24  05:00:00,1105.761284014594,0.0
 11/24  05:15:00,1099.6129038642248,0.0
 11/24  05:30:00,1108.303013726667,0.0
 11/24  05:45:00,1122.1218241787144,0.0
 11/24  06:00:00,1136.253783109215,0.0
 11/24  06:15:00,1201.678280263795,0.0
 11/24  06:30:00,1382.4160480705,0.0
 11/24  06:45:00,1259.137953751693,0.0
 11/24  07:00:00,1410.6981091454218,0.0
 11/24  07:15:00,1372.0682515419512,0.0
 11/24  07:30:00,1391.4325575069229,0.0
 11/24  07:45:00,1400.0704330577194,0.0
 11/24  08:00:00,1418.1965956600404,0.0
 11/24  08:15:00,1441.5816467891293,0.0
 11/24  08:30:00,3162.273940208462,9.721292002628203
 11/24  08:45:00,3237.3185348701445,50.23006008312592
 11/24  09:00:00,4452.692167114135,89.74876252383217
 11/24  09:15:00,2457.568569922826,141.7772326743127
 11/24  09:30:00,2597.623148714273,183.32667158082242
 11/24  09:45:00,4637.576565924048,211.620672083312
 11/24  10:00:00,4483.850065338208,225.34935015489796
 11/24  10:15:00,3014.4820354500657,252.59889722610188
 11/24  10:30:00,3049.8591010105115,279.1159625692053
 11/24  10:45:00,3053.4312393229834,242.86485119130163
 11/24  11:00:00,3031.707143824382,217.616842506639
 11/24  11:15:00,3004.893170539789,175.21067214937625
 11/24  11:30:00,3015.7110068989423,130.08226846917125
 11/24  11:45:00,3056.851730910978,133.6504254732808
 11/24  12:00:00,3054.072492529509,137.3658151442511
 11/24  12:15:00,2520.3130446614323,141.37141479555638
 11/24  12:30:00,2530.11303079167,161.27754893047643
 11/24  12:45:00,2553.239316925069,188.6081762275213
 11/24  13:00:00,2565.720998698902,215.78763755469222
 11/24  13:15:00,3109.1472262641964,257.775483113319
 11/24  13:30:00,2960.039067905421,282.9410185945249
 11/24  13:45:00,2914.3603442172675,236.97928632290433
 11/24  14:00:00,2946.8030249716367,178.57422721124706
 11/24  14:15:00,2934.7573321594323,136.45906804979947
 11/24  14:30:00,2900.2873911989545,85.72550781962865
 11/24  14:45:00,2895.1148280250013,69.08713693096185
 11/24  15:00:00,2923.7552218671785,52.82766584536578
 11/24  15:15:00,2957.365498860404,37.178194846671026
 11/24  15:30:00,2958.0172771806683,23.662483174152232
 11/24  15:45:00,2935.717572274189,18.318756135065193
 11/24  16:00:00,2945.44954208948,12.966766798085827
 11/24  16:15:00,3413.6016264437817,7.615405243118622
 11/24  16:30:00,3419.9021590503726,2.3739464894453883
 11/24  16:45:00,3086.837534911688,0.0
 11/24  17:00:00,3134.489412304924,0.0
 11/24  17:15:00,3153.422385205788,0.0
 11/24  17:30:00,8165.056652937962,0.0
 11/24  17:45:00,7888.727149031905,0.0
 11/24  18:00:00,4301.365953307382,0.0
 11/24  18:15:00,3244.4571228959567,0.0
 11/24  18:30:00,3205.1785393033047,0.0
 11/24  18:45:00,6389.9780961832685,0.0
 11/24  19:00:00,6399.910461357982,0.0
 11/24  19:15:00,5144.150483486914,0.0
 11/24  19:30:00,4561.812026585625,0.0
 11/24  19:45:00,3571.645130439867,0.0
 11/24  20:00:00,3190.9426838805102,0.0
 11/24  20:15:00,8134.84167391341,0.0
 11/24  20:30:00,6716.290803240949,0.0
 11/24  20:45:00,3568.451508092253,0.0
 11/24  21:00:00,3225.641573737374,0.0
 11/24  21:15:00,3193.1787762687686,0.0
 11/24  21:30:00,3144.4736388881133,0.0
 11/24  21:45:00,3140.7252485038657,0.0
 11/24  22:00:00,3176.630799534726,0.0
 11/24  22:15:00,3177.7879366084726,0.0
 11/24  22:30:00,3144.6687898132864,0.0
 11/24  22:45:00,3121.492953602754,0.0
 11/24  23:00:00,3131.44728543895,0.0
 11/24  23:15:00,2618.915914314155,0.0
 11/24  23:30:00,468.40036744785175,0.0
 11/24  23:45:00,523.4047922013096,0.0
 11/24  24:00:00,573.2262564178684,0.0
 11/25  00:15:00,806.5909559468607,0.0
 11/25  00:30:00,1639.4533607497988,0.0
 11/25  00:45:00,833.1496498124973,0.0
 11/25  01:00:00,831.4518018208194,0.0
 11/25  01:15:00,860.8694608516562,0.0
 11/25  01:30:00,892.5236241758967,0.0
 11/25  01:45:00,888.1730138187298,0.0
 11/25  02:00:00,856.1279066002028,0.0
 11/25  02:15:00,1779.445076192937,0.0
 11/25  02:30:00,2082.4690273264223,0.0
 11/25  02:45:00,888.7901316288683,0.0
 11/25  03:00:00,852.9923482649159,0.0
 11/25  03:15:00,824.7680381039077,0.0
 11/25  03:30:00,809.5183086860382,0.0
 11/25  03:45:00,836.4750698395115,0.0
 11/25  04:00:00,829.5630719531032,0.0
 11/25  04:15:00,788.1772642955208,0.0
 11/25  04:30:00,816.8042879263555,0.0
 11/25  04:45:00,829.0092497885674,0.0
 11/25  05:00:00,835.6791754345506,0.0
 11/25  05:15:00,805.224919109373,0.0
 11/25  05:30:00,826.415809645022,0.0
 11/25  05:45:00,818.6531609039998,0.0
 11/25  06:00:00,827.3885796469921,0.0
 11/25  06:15:00,841.766143449165,0.0
 11/25  06:30:00,1057.532345324547,0.0
 11/25  06:45:00,822.6166830916903,0.0
 11/25  07:00:00,820.2069007242476,0.0
 11/25  07:15:00,843.5173961367846,0.0
 11/25  07:30:00,820.1969705610353,0.0
 11/25  07:45:00,826.5319422587454,0.0
 11/25  08:00:00,834.282826533831,0.0
 11/25  08:15:00,842.1397665842686,0.0
 11/25  08:30:00,842.4079412314449,2.331998173577728
 11/25  08:45:00,3301.1473615372734,5.233875901891864
 11/25  09:00:00,4234.563362420965,8.227696707035097
 11/25  09:15:00,2255.1908873181515,11.217391994963522
 11/25  09:30:00,2386.900524593843,14.205213496549925
 11/25  09:45:00,2385.256075886197,18.319086634743368
 11/25  10:00:00,4404.004150596665,22.431035486344523
 11/25  10:15:00,2861.929118237644,26.538127610990912
 11/25  10:30:00,2895.162876661531,30.642114960774247
 11/25  10:45:00,2885.132506070381,33.61498242824061
 11/25  11:00:00,2858.560058398423,36.58595608072896
 11/25  11:15:00,7948.479748208861,39.57872762168768
 11/25  11:30:00,6812.613078271388,42.57231629911029
 11/25  11:45:00,3630.4423997624617,43.499198947782055
 11/25  12:00:00,2900.9142599563265,44.42842181542474
 11/25  12:15:00,470.6511700293422,45.35107081235353
 11/25  12:30:00,564.54863085666,46.27393300001621
 11/25  12:45:00,657.8131730677466,45.13234043387499
 11/25  13:00:00,718.991679969676,43.994542023340564
 11/25  13:15:00,730.0347500115798,42.84786902149033
 11/25  13:30:00,719.3626117113956,41.70321356261912
 11/25  13:45:00,732.9746080154935,38.875931453871345
 11/25  14:00:00,782.5929415716566,36.054301504377285
 11/25  14:15:00,785.1799173985381,33.250222350005274
 11/25  14:30:00,750.8587187448088,30.448826436370382
 11/25  14:45:00,742.3876781443112,26.157226034471037
 11/25  15:00:00,768.2557385835802,21.871535418657086
 11/25  15:15:00,791.1061709680737,17.597170022266003
 11/25  15:30:00,781.2502279228429,13.32649315969678
 11/25  15:45:00,749.131737264441,10.545815724636224
 11/25  16:00:00,750.0191359935687,7.766417942502786
 11/25  16:15:00,3973.1995604618846,4.9869134827017785
 11/25  16:30:00,3336.259601226679,2.3059868237042753
 11/25  16:45:00,2939.1491126044293,0.0
 11/25  17:00:00,2969.313414514608,0.0
 11/25  17:15:00,8136.441349076491,0.0
 11/25  17:30:00,6907.491328330803,0.0
 11/25  17:45:00,3787.1389966437087,0.0
 11/25  18:00:00,3204.446650497976,0.0
 11/25  18:15:00,2967.455623633125,0.0
 11/25  18:30:00,4517.232072733665,0.0
 11/25  18:45:00,6216.393368013329,0.0
 11/25  19:00:00,6155.000698912834,0.0
 11/25  19:15:00,4873.009100246178,0.0
 11/25  19:30:00,4286.92867749618,0.0
 11/25  19:45:00,2789.281515154237,0.0
 11/25  20:00:00,2843.354106889299,0.0
 11/25  20:15:00,2861.727691148214,0.0
 11/25  20:30:00,2838.0436402337764,0.0
 11/25  20:45:00,2850.327927453784,0.0
 11/25  21:00:00,2873.419463782734,0.0
 11/25  21:15:00,2862.3629717302247,0.0
 11/25  21:30:00,2817.3045751476143,0.0
 11/25  21:45:00,2810.504042118695,0.0
 11/25  22:00:00,2843.991591330685,0.0
 11/25  22:15:00,2845.647132701521,0.0
 11/25  22:30:00,2814.083882235321,0.0
 11/25  22:45:00,2791.940469802715,0.0
 11/25  23:00:00,2803.198358018762,0.0
 11/25  23:15:00,478.6176188175812,0.0
 11/25  23:30:00,357.034332589844,0.0
 11/25  23:45:00,355.7463182031028,0.0
 11/25  24:00:00,388.14948674533525,0.0
 11/26  00:15:00,459.6768929422842,0.0
 11/26  00:30:00,477.4277043188799,0.0
 11/26  00:45:00,456.8548040576179,0.0
 11/26  01:00:00,449.3586541900736,0.0
 11/26  01:15:00,474.01682226163314,0.0
 11/26  01:30:00,499.7691337242901,0.0
 11/26  01:45:00,491.79269171127055,0.0
 11/26  02:00:00,456.0821425527406,0.0
 11/26  02:15:00,455.5207294492204,0.0
 11/26  02:30:00,497.8009908355326,0.0
 11/26  02:45:00,499.4004702002463,0.0
 11/26  03:00:00,467.6787123692868,0.0
 11/26  03:15:00,452.10820420573566,0.0
 11/26  03:30:00,471.0210220861021,0.0
 11/26  03:45:00,498.35066913861897,0.0
 11/26  04:00:00,492.2230154362972,0.0
 11/26  04:15:00,451.36261432230776,0.0
 11/26  04:30:00,450.3700149184472,0.0
 11/26  04:45:00,488.99825329494536,0.0
 11/26  05:00:00,493.7604919068331,0.0
 11/26  05:15:00,466.2293506283718,0.0
 11/26  05:30:00,447.9841171816514,0.0
 11/26  05:45:00,463.6887222682466,0.0
 11/26  06:00:00,494.51797894375954,0.0
 11/26  06:15:00,510.657556773875,0.0
 11/26  06:30:00,730.5912910259703,0.0
 11/26  06:45:00,497.0983878237135,0.0
 11/26  07:00:00,498.3859458560867,0.0
 11/26  07:15:00,497.0531967351085,0.0
 11/26  07:30:00,496.42316708828446,0.0
 11/26  07:45:00,449.7977927048252,0.0
 11/26  08:00:00,449.5663849719688,0.0
 11/26  08:15:00,483.13402773673056,0.0
 11/26  08:30:00,495.0011267241497,2.3009127477746394
 11/26  08:45:00,3191.6374847247325,5.177402022206806
 11/26  09:00:00,3968.388989678204,7.7573380443134985
 11/26  09:15:00,1985.099911064896,10.534496194050364
 11/26  09:30:00,2070.2766597067503,13.314488608881684
 11/26  09:45:00,2068.0474183689657,17.40022137194542
 11/26  10:00:00,4026.26409412156,21.490831939534957
 11/26  10:15:00,2494.94485482741,25.5700534246731
 11/26  10:30:00,2525.3925831647343,29.648341258341784
 11/26  10:45:00,2518.823553089671,35.965170402701204
 11/26  11:00:00,2491.4444363659727,42.615927868529695
 11/26  11:15:00,7941.5668392805,50.15438210757058
 11/26  11:30:00,6076.993141790282,57.909149813918816
 11/26  11:45:00,3156.616107968801,63.882054206576484
 11/26  12:00:00,2524.994187206166,70.05548798902858
 11/26  12:15:00,161.00515604368073,76.47435250864396
 11/26  12:30:00,207.1029538011799,83.19938868110108
 11/26  12:45:00,253.53487973960927,80.76294562747138
 11/26  13:00:00,287.18708994015685,78.5504888654087
 11/26  13:15:00,283.76484435527647,76.54440061647594
 11/26  13:30:00,265.90163511530534,74.72795701416999
 11/26  13:45:00,279.94117124276755,68.58336856783654
 11/26  14:00:00,331.3839453182421,62.63845589609895
 11/26  14:15:00,340.35677504247343,56.89279992341657
 11/26  14:30:00,311.1498091644913,51.28415076171561
 11/26  14:45:00,310.16736584439536,43.23300458496642
 11/26  15:00:00,343.5832194956645,35.326931006952336
 11/26  15:15:00,371.72714440668,28.15414351933472
 11/26  15:30:00,366.2056071177116,21.46664119725414
 11/26  15:45:00,338.8876418795543,16.83284314882269
 11/26  16:00:00,344.2133338250529,12.200200834298428
 11/26  16:15:00,3721.7570262499503,7.5710929410113526
 11/26  16:30:00,2971.7828158304574,3.069965527058501
 11/26  16:45:00,2574.7694174761723,0.0
 11/26  17:00:00,2607.842627053877,0.0
 11/26  17:15:00,8130.573913874123,0.0
 11/26  17:30:00,6245.0647087242905,0.0
 11/26  17:45:00,3334.7620258174834,0.0
 11/26  18:00:00,2847.17834049294,0.0
 11/26  18:15:00,2611.482085630248,0.0
 11/26  18:30:00,4163.012485634747,0.0
 11/26  18:45:00,5878.959450776378,0.0
 11/26  19:00:00,5818.618452448098,0.0
 11/26  19:15:00,4542.90063967898,0.0
 11/26  19:30:00,3963.996782529267,0.0
 11/26  19:45:00,2475.902630877758,0.0
 11/26  20:00:00,2516.761734386768,0.0
 11/26  20:15:00,2537.6202299515244,0.0
 11/26  20:30:00,2517.3321053777945,0.0
 11/26  20:45:00,2533.202926862523,0.0
 11/26  21:00:00,2559.615958475988,0.0
 11/26  21:15:00,2550.2698946066844,0.0
 11/26  21:30:00,2505.670344537292,0.0
 11/26  21:45:00,2500.230444150291,0.0
 11/26  22:00:00,2534.99974838361,0.0
 11/26  22:15:00,2532.3446035021625,0.0
 11/26  22:30:00,2495.361876860256,0.0
 11/26  22:45:00,2466.6305876626857,0.0
 11/26  23:00:00,2471.095999830975,0.0
 11/26  23:15:00,292.5498736376708,0.0
 11/26  23:30:00,140.6865751412409,0.0
 11/26  23:45:00,97.74839154913582,0.0
 11/26  24:00:00,97.81058984098752,0.0
 11/27  00:15:00,1105.3992242519644,0.0
 11/27  00:30:00,203.33215783309575,0.0
 11/27  00:45:00,169.59995061201823,0.0
 11/27  01:00:00,104.86365653720928,0.0
 11/27  01:15:00,123.11106057242156,0.0
 11/27  01:30:00,143.790965656635,0.0
 11/27  01:45:00,134.58215447788194,0.0
 11/27  02:00:00,97.75733286090636,0.0
 11/27  02:15:00,97.78819463868491,0.0
 11/27  02:30:00,140.7059092119697,0.0
 11/27  02:45:00,143.74864672039547,0.0
 11/27  03:00:00,113.0523937475499,0.0
 11/27  03:15:00,97.78847533651418,0.0
 11/27  03:30:00,116.27376115085846,0.0
 11/27  03:45:00,143.9980178040969,0.0
 11/27  04:00:00,190.70602465546065,0.0
 11/27  04:15:00,98.22475564108458,0.0
 11/27  04:30:00,151.09212872358995,0.0
 11/27  04:45:00,191.0492943230797,0.0
 11/27  05:00:00,216.0301109416801,0.0
 11/27  05:15:00,203.2615250947424,0.0
 11/27  05:30:00,185.0884567930362,0.0
 11/27  05:45:00,199.92508576766343,0.0
 11/27  06:00:00,229.80965180796568,0.0
 11/27  06:15:00,250.53526271124255,0.0
 11/27  06:30:00,475.1840715258537,0.0
 11/27  06:45:00,247.51067131249465,0.0
 11/27  07:00:00,253.9008875728757,0.0
 11/27  07:15:00,256.11828380626764,0.0
 11/27  07:30:00,256.97879422863303,0.0
 11/27  07:45:00,212.7234161733437,0.0
 11/27  08:00:00,214.0758709897625,0.0
 11/27  08:15:00,250.33955222294725,0.0
 11/27  08:30:00,264.19883412521006,3.084865886045392
 11/27  08:45:00,3063.0810932294776,7.906184784998555
 11/27  09:00:00,3807.368894386343,12.303598466914583
 11/27  09:15:00,1828.165331819476,16.975894220346277
 11/27  09:30:00,1894.15064213226,21.652439407562383
 11/27  09:45:00,1893.732144417604,23.697933153053
 11/27  10:00:00,3820.851705616835,25.749329701054364
 11/27  10:15:00,2322.8022747067816,27.80064101021914
 11/27  10:30:00,2348.5892391827874,29.854509628970494
 11/27  10:45:00,2348.410085018834,32.66188463297225
 11/27  11:00:00,2326.4881652020063,35.47082239032857
 11/27  11:15:00,7939.8496353651935,38.29367730468402
 11/27  11:30:00,5932.9284782069935,41.120015804147904
 11/27  11:45:00,3020.918459060228,42.25506351040477
 11/27  12:00:00,2386.207329198541,43.392512360787514
 11/27  12:15:00,104.04975805319609,44.573816981428436
 11/27  12:30:00,98.02982408570732,45.75883003928598
 11/27  12:45:00,125.7013341416712,44.679098914968044
 11/27  13:00:00,144.16619189418378,43.59921960879916
 11/27  13:15:00,181.5462546380696,42.46332090929017
 11/27  13:30:00,98.21918255223206,41.32857295329538
 11/27  13:45:00,101.32460438719966,38.49393635588336
 11/27  14:00:00,197.00485466817963,35.662571362991024
 11/27  14:15:00,196.97854257464692,32.82762275880926
 11/27  14:30:00,107.45515097729673,29.99594253459197
 11/27  14:45:00,151.0248678379666,25.84851786361675
 11/27  15:00:00,122.81758142552442,21.70738538780744
 11/27  15:15:00,197.10019622689668,17.573448478050537
 11/27  15:30:00,184.89891828086843,13.445517237584
 11/27  15:45:00,173.20936722627778,10.448365349993802
 11/27  16:00:00,185.7828114576712,7.455160160886739
 11/27  16:15:00,3480.6107765454885,4.467710962491906
 11/27  16:30:00,2865.2710372963693,1.550206656141488
 11/27  16:45:00,2470.90354779096,0.0
 11/27  17:00:00,2509.4908880335493,0.0
 11/27  17:15:00,8129.539410754747,0.0
 11/27  17:30:00,6166.181352583244,0.0
 11/27  17:45:00,3259.954691036499,0.0
 11/27  18:00:00,2765.861943589304,0.0
 11/27  18:15:00,2530.282023134456,0.0
 11/27  18:30:00,4078.867483519898,0.0
 11/27  18:45:00,5800.356426952328,0.0
 11/27  19:00:00,5741.421076368542,0.0
 11/27  19:15:00,4468.0776087250815,0.0
 11/27  19:30:00,3891.249466432361,0.0
 11/27  19:45:00,2411.1213912818694,0.0
 11/27  20:00:00,2449.380592815658,0.0
 11/27  20:15:00,2468.2760072161177,0.0
 11/27  20:30:00,2445.7531109700217,0.0
 11/27  20:45:00,2460.7413567681992,0.0
 11/27  21:00:00,2485.874026655621,0.0
 11/27  21:15:00,2478.738170161325,0.0
 11/27  21:30:00,2437.484525758152,0.0
 11/27  21:45:00,2435.828924063344,0.0
 11/27  22:00:00,2474.15355990146,0.0
 11/27  22:15:00,2480.3573766510767,0.0
 11/27  22:30:00,2453.0150309713763,0.0
 11/27  22:45:00,2434.929740487308,0.0
 11/27  23:00:00,2450.434422970595,0.0
 11/27  23:15:00,292.5201481894239,0.0
 11/27  23:30:00,140.6339023093207,0.0
 11/27  23:45:00,97.70987420900646,0.0
 11/27  24:00:00,97.71419244231352,0.0
 11/28  00:15:00,143.72047348672578,0.0
 11/28  00:30:00,143.72458662758396,0.0
 11/28  00:45:00,109.99402126135328,0.0
 11/28  01:00:00,97.7268899631102,0.0
 11/28  01:15:00,119.19339039900562,0.0
 11/28  01:30:00,143.7285086205439,0.0
 11/28  01:45:00,134.53417681659144,0.0
 11/28  02:00:00,97.75112306575728,0.0
 11/28  02:15:00,97.77666356162035,0.0
 11/28  02:30:00,140.72649226440407,0.0
 11/28  02:45:00,143.81868953561485,0.0
 11/28  03:00:00,113.17762363101936,0.0
 11/28  03:15:00,150.45390306878664,0.0
 11/28  03:30:00,116.255511415708,0.0
 11/28  03:45:00,143.88514539716044,0.0
 11/28  04:00:00,137.78468988050494,0.0
 11/28  04:15:00,97.95241225882968,0.0
 11/28  04:30:00,150.62336266986378,0.0
 11/28  04:45:00,137.85224130870472,0.0
 11/28  05:00:00,144.03868953322967,0.0
 11/28  05:15:00,169.13132436785415,0.0
 11/28  05:30:00,98.08744936313016,0.0
 11/28  05:45:00,166.13928028947325,0.0
 11/28  06:00:00,144.12412915732557,0.0
 11/28  06:15:00,212.51302961662105,0.0
 11/28  06:30:00,378.220550941004,0.0
 11/28  06:45:00,197.0686694777501,0.0
 11/28  07:00:00,197.11384008050027,0.0
 11/28  07:15:00,217.31449817852604,0.0
 11/28  07:30:00,227.68516531389685,0.0
 11/28  07:45:00,184.52166577117447,0.0
 11/28  08:00:00,187.37908083136995,0.0
 11/28  08:15:00,225.64393900032331,0.0
 11/28  08:30:00,241.9625479408263,1.5515653753525782
 11/28  08:45:00,3053.061187239305,6.593896031978378
 11/28  09:00:00,3808.2307748069416,11.238141239167469
 11/28  09:15:00,1823.9353536694437,16.11967219623798
 11/28  09:30:00,1885.60283427828,21.00366807582421
 11/28  09:45:00,1881.6960175677089,28.148591245295837
 11/28  10:00:00,3814.544252404105,35.90074734128711
 11/28  10:15:00,2321.045358842809,43.7159160522716
 11/28  10:30:00,2341.453698352708,51.637770757938895
 11/28  10:45:00,2340.054171294564,57.20693104909131
 11/28  11:00:00,2317.703959470861,62.93560699356155
 11/28  11:15:00,7939.706869677353,68.84583578001211
 11/28  11:30:00,5920.6846474591375,74.94910241714209
 11/28  11:45:00,3006.462232213508,88.4187473745154
 11/28  12:00:00,2367.742781956752,102.36221956391903
 11/28  12:15:00,51.31124550648867,116.82990607060832
 11/28  12:30:00,97.67100961822436,131.87318246355042
 11/28  12:45:00,125.2736502820151,116.49907066571862
 11/28  13:00:00,143.68010678830854,101.83258997415282
 11/28  13:15:00,128.3541344138743,87.707305564394
 11/28  13:30:00,97.6992256749166,74.08479278602628
 11/28  13:45:00,100.77148606111494,67.85625845590314
 11/28  14:00:00,143.71804694172522,61.81646326013319
 11/28  14:15:00,143.72898020458845,55.95373249035177
 11/28  14:30:00,106.94615403635058,50.23263337623056
 11/28  14:45:00,97.76813311580096,42.295469168213856
 11/28  15:00:00,122.32669558661328,34.50422065058844
 11/28  15:15:00,143.84100241773825,27.57672934989644
 11/28  15:30:00,131.62351852936686,20.99653053813178
 11/28  15:45:00,97.94010154612394,16.494202528527023
 11/28  16:00:00,150.62943623570456,11.990850063217305
 11/28  16:15:00,3204.890711351953,7.496485285355397
 11/28  16:30:00,2839.6031524620994,3.119262781182928
 11/28  16:45:00,2465.547191084509,0.0
 11/28  17:00:00,2514.3039503667383,0.0
 11/28  17:15:00,8129.544845600352,0.0
 11/28  17:30:00,6166.859955264752,0.0
 11/28  17:45:00,3258.2210098923247,0.0
 11/28  18:00:00,2759.6552018964285,0.0
 11/28  18:15:00,2525.2042303736976,0.0
 11/28  18:30:00,4076.0225129047258,0.0
 11/28  18:45:00,5801.162442829966,0.0
 11/28  19:00:00,5744.806691909996,0.0
 11/28  19:15:00,4471.997681247152,0.0
 11/28  19:30:00,3895.343043604664,0.0
 11/28  19:45:00,2417.0261241878006,0.0
 11/28  20:00:00,2456.430493474316,0.0
 11/28  20:15:00,2480.726372953744,0.0
 11/28  20:30:00,2464.203564703856,0.0
 11/28  20:45:00,2484.216376686985,0.0
 11/28  21:00:00,2514.4053512195533,0.0
 11/28  21:15:00,2509.064322030926,0.0
 11/28  21:30:00,2467.767025994294,0.0
 11/28  21:45:00,2466.55874142842,0.0
 11/28  22:00:00,2505.781329437332,0.0
 11/28  22:15:00,2512.0746002445853,0.0
 11/28  22:30:00,2485.305958094017,0.0
 11/28  22:45:00,2467.400430229864,0.0
 11/28  23:00:00,2483.122610742039,0.0
 11/28  23:15:00,345.23362093897674,0.0
 11/28  23:30:00,140.89475904927548,0.0
 11/28  23:45:00,97.99749826540028,0.0
 11/28  24:00:00,98.01984756659394,0.0
 11/29  00:15:00,2015.5866102734235,0.0
 11/29  00:30:00,1359.3127761321798,0.0
 11/29  00:45:00,1556.5432311062048,0.0
 11/29  01:00:00,171.60068755892567,0.0
 11/29  01:15:00,119.76407450067656,0.0
 11/29  01:30:00,197.1249866540346,0.0
 11/29  01:45:00,187.97626697479365,0.0
 11/29  02:00:00,167.684677411202,0.0
 11/29  02:15:00,187.7081064079832,0.0
 11/29  02:30:00,235.347084520157,0.0
 11/29  02:45:00,243.8086321052736,0.0
 11/29  03:00:00,218.0358155097876,0.0
 11/29  03:15:00,206.66660796607343,0.0
 11/29  03:30:00,228.9454090104149,0.0
 11/29  03:45:00,260.1828147561311,0.0
 11/29  04:00:00,257.9310804863504,0.0
 11/29  04:15:00,221.5222509219391,0.0
 11/29  04:30:00,225.39704565114997,0.0
 11/29  04:45:00,268.298382091008,0.0
 11/29  05:00:00,277.97792045840885,0.0
 11/29  05:15:00,257.67980709844306,0.0
 11/29  05:30:00,246.78214672147044,0.0
 11/29  05:45:00,269.8694856191129,0.0
 11/29  06:00:00,308.2081267540277,0.0
 11/29  06:15:00,330.26897176942083,0.0
 11/29  06:30:00,555.6409042281425,0.0
 11/29  06:45:00,327.90794082419615,0.0
 11/29  07:00:00,334.275016079688,0.0
 11/29  07:15:00,338.5541326692153,0.0
 11/29  07:30:00,342.8960608279898,0.0
 11/29  07:45:00,301.0077318156804,0.0
 11/29  08:00:00,305.45894230645206,0.0
 11/29  08:15:00,345.20341449237844,0.0
 11/29  08:30:00,361.5969132238529,2.358241210193348
 11/29  08:45:00,3174.3483315232697,7.0791175026643804
 11/29  09:00:00,3881.2544004557976,11.400996764903232
 11/29  09:15:00,1891.8446238429117,15.961759023668563
 11/29  09:30:00,1966.4036791882131,20.52042602023848
 11/29  09:45:00,1959.90002733265,77.5857303173204
 11/29  10:00:00,3895.167373337441,127.64310974594714
 11/29  10:15:00,2378.516541175014,192.9638105858411
 11/29  10:30:00,2382.2443414173304,248.12016369085768
 11/29  10:45:00,2372.6512474791043,229.9434538772925
 11/29  11:00:00,2347.2384387331226,223.4648275763857
 11/29  11:15:00,7939.890427279806,215.35364569315263
 11/29  11:30:00,5940.100913552446,191.95727120570876
 11/29  11:45:00,3022.4988198217898,195.56518548514313
 11/29  12:00:00,2381.036443364537,199.22147897585728
 11/29  12:15:00,51.3691821057902,203.4023915694749
 11/29  12:30:00,97.78257735651002,207.84072984044371
 11/29  12:45:00,171.2851081390805,187.74409928187163
 11/29  13:00:00,150.50043638473974,168.22642252089986
 11/29  13:15:00,128.50982511815744,149.02164217101472
 11/29  13:30:00,97.87139531266496,117.2306874441191
 11/29  13:45:00,100.95893914668028,99.60089190829146
 11/29  14:00:00,143.91785880962047,82.5893855045067
 11/29  14:15:00,143.9861827116842,66.30979827365739
 11/29  14:30:00,159.9038784538882,50.62150120866344
 11/29  14:45:00,98.11755916181664,42.668310861112644
 11/29  15:00:00,175.50603672128778,34.83142164760408
 11/29  15:15:00,144.35080864702118,27.76238951351714
 11/29  15:30:00,246.20771883936857,21.148489845345345
 11/29  15:45:00,192.33519576029175,16.621382383825544
 11/29  16:00:00,202.977540264857,12.088880384024447
 11/29  16:15:00,3416.4681551924864,7.5490963136661025
 11/29  16:30:00,2889.4223824332057,3.1372110268893696
 11/29  16:45:00,2500.5107663575827,0.0
 11/29  17:00:00,2541.7394914800743,0.0
 11/29  17:15:00,8129.850977882319,0.0
 11/29  17:30:00,6201.372550189919,0.0
 11/29  17:45:00,3297.0052101154406,0.0
 11/29  18:00:00,2807.775223195551,0.0
 11/29  18:15:00,2575.619782561677,0.0
 11/29  18:30:00,4128.312727712956,0.0
 11/29  18:45:00,5850.553694905907,0.0
 11/29  19:00:00,5793.8794378962375,0.0
 11/29  19:15:00,4520.716841031291,0.0
 11/29  19:30:00,3944.316818072746,0.0
 11/29  19:45:00,2464.160260850803,0.0
 11/29  20:00:00,2507.485292595223,0.0
 11/29  20:15:00,2533.5258359401632,0.0
 11/29  20:30:00,2518.8875827073152,0.0
 11/29  20:45:00,2540.839350598649,0.0
 11/29  21:00:00,2572.773359749839,0.0
 11/29  21:15:00,2572.957743550921,0.0
 11/29  21:30:00,2538.5859459557223,0.0
 11/29  21:45:00,2543.917258086621,0.0
 11/29  22:00:00,2589.432657373198,0.0
 11/29  22:15:00,2596.337190928421,0.0
 11/29  22:30:00,2568.142253812596,0.0
 11/29  22:45:00,2548.647200339752,0.0
 11/29  23:00:00,2562.3826501580143,0.0
 11/29  23:15:00,345.6894545160056,0.0
 11/29  23:30:00,199.90741485057936,0.0
 11/29  23:45:00,164.2218951584518,0.0
 11/29  24:00:00,201.02259695032512,0.0
 11/30  00:15:00,1940.6551717976577,0.0
 11/30  00:30:00,1070.8865189711978,0.0
 11/30  00:45:00,266.3644162459645,0.0
 11/30  01:00:00,272.90704580600027,0.0
 11/30  01:15:00,250.86544097952356,0.0
 11/30  01:30:00,247.7792817530575,0.0
 11/30  01:45:00,273.1626532866474,0.0
 11/30  02:00:00,236.04695607306653,0.0
 11/30  02:15:00,251.7088492506968,0.0
 11/30  02:30:00,306.47287078376326,0.0
 11/30  02:45:00,319.4062603801711,0.0
 11/30  03:00:00,298.43523188981806,0.0
 11/30  03:15:00,291.2095225693585,0.0
 11/30  03:30:00,316.79281470952765,0.0
 11/30  03:45:00,351.9355936308158,0.0
 11/30  04:00:00,352.5509332738379,0.0
 11/30  04:15:00,321.056963523395,0.0
 11/30  04:30:00,328.8172729484429,0.0
 11/30  04:45:00,376.8176836880127,0.0
 11/30  05:00:00,390.33533101819023,0.0
 11/30  05:15:00,370.2766816723607,0.0
 11/30  05:30:00,359.3345692136985,0.0
 11/30  05:45:00,381.8050374193177,0.0
 11/30  06:00:00,419.05673751950746,0.0
 11/30  06:15:00,443.7533566708211,0.0
 11/30  06:30:00,670.5948849075764,0.0
 11/30  06:45:00,445.3705681871497,0.0
 11/30  07:00:00,453.5070308522151,0.0
 11/30  07:15:00,464.8192334347157,0.0
 11/30  07:30:00,475.8404259432091,0.0
 11/30  07:45:00,441.1729246268385,0.0
 11/30  08:00:00,452.8715855685633,0.0
 11/30  08:15:00,488.9718091433655,0.0
 11/30  08:30:00,2849.4045737256915,3.178656061447036
 11/30  08:45:00,2518.766812720928,7.5518144211421685
 11/30  09:00:00,3937.850143473653,11.514762803765409
 11/30  09:15:00,1983.0109153517708,15.716337864363567
 11/30  09:30:00,2073.533085477626,19.908647644886265
 11/30  09:45:00,4075.848994102681,59.36020541272482
 11/30  10:00:00,3928.6320951912594,110.4893704913038
 11/30  10:15:00,2454.7275203735385,153.9019502756306
 11/30  10:30:00,2478.122162271447,198.98681598150583
 11/30  10:45:00,2478.8006203866057,200.86356603635826
 11/30  11:00:00,2454.049582491428,202.21494460522104
 11/30  11:15:00,2417.416222164468,189.15890256921034
 11/30  11:30:00,2416.945328722034,189.10049131745853
 11/30  11:45:00,2445.3753365598413,224.8177195163919
 11/30  12:00:00,2431.285037421806,246.67470995377641
 11/30  12:15:00,1884.465045179613,269.0278546720715
 11/30  12:30:00,1863.1698145662936,291.4219141363342
 11/30  12:45:00,1885.2604506708983,333.3461204389821
 11/30  13:00:00,1905.852984024105,358.7679001207585
 11/30  13:15:00,2454.761684241784,400.1459552814025
 11/30  13:30:00,2343.3404086035466,422.97508812290243
 11/30  13:45:00,2307.976552738773,369.7611972968217
 11/30  14:00:00,2346.3843530762742,302.2237444128306
 11/30  14:15:00,2338.9545848824264,253.02908273500216
 11/30  14:30:00,2298.950604637396,192.12150389087302
 11/30  14:45:00,2292.2136102929226,155.43356082010413
 11/30  15:00:00,2322.539015636152,108.3409475917792
 11/30  15:15:00,2351.0489252328125,75.27109774023336
 11/30  15:30:00,2348.2967970635914,38.63204659771133
 11/30  15:45:00,2321.2306732542443,30.00441926422774
 11/30  16:00:00,2325.9175640684284,21.19541686233157
 11/30  16:15:00,2794.4222994296315,12.535625017614393
 11/30  16:30:00,2803.3960414593444,5.509299818173456
 11/30  16:45:00,2473.331803918484,0.0
 11/30  17:00:00,2524.9746822417537,0.0
 11/30  17:15:00,2547.9931526490905,0.0
 11/30  17:30:00,8153.596301825111,0.0
 11/30  17:45:00,6317.210606014769,0.0
 11/30  18:00:00,3462.0357175625136,0.0
 11/30  18:15:00,2679.712640225955,0.0
 11/30  18:30:00,2617.8302827100506,0.0
 11/30  18:45:00,5807.607533152925,0.0
 11/30  19:00:00,5834.8404823834735,0.0
 11/30  19:15:00,4581.174246461801,0.0
 11/30  19:30:00,4002.512042798997,0.0
 11/30  19:45:00,2645.6437736409207,0.0
 11/30  20:00:00,2610.6372269514595,0.0
 11/30  20:15:00,8124.916811739508,0.0
 11/30  20:30:00,6245.4415678729365,0.0
 11/30  20:45:00,3084.327180316008,0.0
 11/30  21:00:00,2690.4366315451434,0.0
 11/30  21:15:00,2652.1052327730285,0.0
 11/30  21:30:00,2610.4279129523266,0.0
 11/30  21:45:00,2617.2343215751025,0.0
 11/30  22:00:00,2665.7677528918966,0.0
 11/30  22:15:00,2677.2917688567823,0.0
 11/30  22:30:00,2654.636667704863,0.0
 11/30  22:45:00,2641.340856022924,0.0
 11/30  23:00:00,2661.827377650517,0.0
 11/30  23:15:00,2315.7687777996625,0.0
 11/30  23:30:00,141.59297620942976,0.0
 11/30  23:45:00,217.6543322211686,0.0
 11/30  24:00:00,203.61362554966072,0.0
 12/01  00:15:00,2116.208477495794,0.0
 12/01  00:30:00,1998.4990606739495,0.0
 12/01  00:45:00,327.8768222083603,0.0
 12/01  01:00:00,327.66304265138353,0.0
 12/01  01:15:00,359.54998510194923,0.0
 12/01  01:30:00,393.0391520020402,0.0
 12/01  01:45:00,392.277997882214,0.0
 12/01  02:00:00,363.54124440888086,0.0
 12/01  02:15:00,305.5500645482332,0.0
 12/01  02:30:00,397.2536975071546,0.0
 12/01  02:45:00,397.4682559625439,0.0
 12/01  03:00:00,386.3049087384256,0.0
 12/01  03:15:00,383.64504786790576,0.0
 12/01  03:30:00,414.3435821132472,0.0
 12/01  03:45:00,453.4904135909617,0.0
 12/01  04:00:00,458.6874232112889,0.0
 12/01  04:15:00,430.6322099638063,0.0
 12/01  04:30:00,441.1331991723784,0.0
 12/01  04:45:00,492.1938516544193,0.0
 12/01  05:00:00,508.4212491163216,0.0
 12/01  05:15:00,492.1291172434805,0.0
 12/01  05:30:00,483.8123324715223,0.0
 12/01  05:45:00,509.8065048990159,0.0
 12/01  06:00:00,549.931369825652,0.0
 12/01  06:15:00,574.8226423283409,0.0
 12/01  06:30:00,802.092120452393,0.0
 12/01  06:45:00,576.4844161929267,0.0
 12/01  07:00:00,585.1016376103696,0.0
 12/01  07:15:00,594.1077124408511,0.0
 12/01  07:30:00,603.2906350744747,0.0
 12/01  07:45:00,567.0268916130967,0.0
 12/01  08:00:00,576.5318568216347,0.0
 12/01  08:15:00,619.3557096497781,0.0
 12/01  08:30:00,2842.0568701834272,1.6056852419836867
 12/01  08:45:00,2637.892087132576,5.0208528238483625
 12/01  09:00:00,4087.630134831844,8.130692590017508
 12/01  09:15:00,2128.0393866292843,11.426260427285914
 12/01  09:30:00,2231.949724251508,14.723471735410463
 12/01  09:45:00,4264.1491031572,19.19320930612781
 12/01  10:00:00,4137.6253336552845,23.665299870711053
 12/01  10:15:00,2688.171333132559,28.129289693557162
 12/01  10:30:00,2740.5907197308734,32.59386368804322
 12/01  10:45:00,2756.1012148876257,35.691927333624065
 12/01  11:00:00,2743.008864733956,38.792817446785754
 12/01  11:15:00,2717.1658408843705,41.90125657701908
 12/01  11:30:00,2725.357483565924,45.22357353289777
 12/01  11:45:00,2765.938558020934,56.347159468088904
 12/01  12:00:00,2765.256022986524,68.04995139826953
 12/01  12:15:00,2227.122390180001,80.41566368852027
 12/01  12:30:00,2239.656749691337,93.54969855037287
 12/01  12:45:00,2280.016293684155,90.79453799338849
 12/01  13:00:00,2301.87105537685,88.38719341906663
 12/01  13:15:00,2879.757073774603,86.24342810939633
 12/01  13:30:00,2768.518442525447,84.36218825999379
 12/01  13:45:00,2737.841089158874,77.72480406068364
 12/01  14:00:00,2776.085823009593,71.35565469762986
 12/01  14:15:00,2769.9800023794246,65.23044298957163
 12/01  14:30:00,2732.423351489489,59.290500235295156
 12/01  14:45:00,2729.7937771266047,46.93574221312644
 12/01  15:00:00,2764.3692080149794,34.977262294115604
 12/01  15:15:00,2795.358954896873,24.99077042016253
 12/01  15:30:00,2792.7119826522603,15.46979657826965
 12/01  15:45:00,2767.3368768702803,12.180239483156592
 12/01  16:00:00,2774.3226138404734,8.888924389853825
 12/01  16:15:00,3241.682220381793,5.599160172979737
 12/01  16:30:00,3248.353092874436,2.4100108459168457
 12/01  16:45:00,2915.809253621006,0.0
 12/01  17:00:00,2963.837869893061,0.0
 12/01  17:15:00,2985.303618563826,0.0
 12/01  17:30:00,8161.630344176564,0.0
 12/01  17:45:00,7385.103826508241,0.0
 12/01  18:00:00,4074.727261148825,0.0
 12/01  18:15:00,3097.62359084163,0.0
 12/01  18:30:00,3054.85895925434,0.0
 12/01  18:45:00,6242.778798452019,0.0
 12/01  19:00:00,6255.341477360646,0.0
 12/01  19:15:00,5000.5935972930765,0.0
 12/01  19:30:00,4418.558062388162,0.0
 12/01  19:45:00,3275.644008441788,0.0
 12/01  20:00:00,3051.855658442856,0.0
 12/01  20:15:00,8131.840556578518,0.0
 12/01  20:30:00,6634.513207868547,0.0
 12/01  20:45:00,3457.614828077918,0.0
 12/01  21:00:00,3139.0989446223284,0.0
 12/01  21:15:00,3093.5707602299185,0.0
 12/01  21:30:00,3046.1847311322304,0.0
 12/01  21:45:00,3046.6845916650914,0.0
 12/01  22:00:00,3088.2604118571,0.0
 12/01  22:15:00,3101.9455563863253,0.0
 12/01  22:30:00,3082.352499513941,0.0
 12/01  22:45:00,3072.6014889581024,0.0
 12/01  23:00:00,3096.671273305957,0.0
 12/01  23:15:00,2630.4877333293334,0.0
 12/01  23:30:00,468.48265239124817,0.0
 12/01  23:45:00,523.8652530030402,0.0
 12/01  24:00:00,570.6174566474292,0.0
 12/02  00:15:00,803.7742733159557,0.0
 12/02  00:30:00,1640.169921892258,0.0
 12/02  00:45:00,840.4127243875939,0.0
 12/02  01:00:00,846.5649510225064,0.0
 12/02  01:15:00,882.8792069620779,0.0
 12/02  01:30:00,920.6241492779352,0.0
 12/02  01:45:00,922.9460417074852,0.0
 12/02  02:00:00,898.3959625410246,0.0
 12/02  02:15:00,1834.4215153639416,0.0
 12/02  02:30:00,2150.4669855692127,0.0
 12/02  02:45:00,968.904570317158,0.0
 12/02  03:00:00,946.0868533133728,0.0
 12/02  03:15:00,975.1576371116388,0.0
 12/02  03:30:00,970.7140450644308,0.0
 12/02  03:45:00,1003.3163247752613,0.0
 12/02  04:00:00,1018.4802888168582,0.0
 12/02  04:15:00,1035.441565799091,0.0
 12/02  04:30:00,1096.6525313494749,0.0
 12/02  04:45:00,1132.3121725555184,0.0
 12/02  05:00:00,1172.7433474646043,0.0
 12/02  05:15:00,1191.1655672963211,0.0
 12/02  05:30:00,1215.509652950978,0.0
 12/02  05:45:00,1247.2346122233914,0.0
 12/02  06:00:00,1277.431332126029,0.0
 12/02  06:15:00,1307.632949365173,0.0
 12/02  06:30:00,1508.9925941339268,0.0
 12/02  06:45:00,1279.3784199448264,0.0
 12/02  07:00:00,1382.2036875728322,0.0
 12/02  07:15:00,1382.6165194463508,0.0
 12/02  07:30:00,1394.3100573105546,0.0
 12/02  07:45:00,1407.9679485917256,0.0
 12/02  08:00:00,1435.5537979262683,0.0
 12/02  08:15:00,1467.0648082997125,0.0
 12/02  08:30:00,1487.142638479664,0.0
 12/02  08:45:00,3655.075838860007,4.85627684033145
 12/02  09:00:00,4564.826936582752,7.801224481574552
 12/02  09:15:00,2576.566195278268,10.927629112219222
 12/02  09:30:00,2751.2973189455083,14.056868976532844
 12/02  09:45:00,2761.476136718111,23.688343100700607
 12/02  10:00:00,4694.458095101382,35.14511837876695
 12/02  10:15:00,3159.0505100706278,47.572535480075366
 12/02  10:30:00,3203.46413484999,60.243858408945336
 12/02  10:45:00,3218.6080329666283,66.22477699434675
 12/02  11:00:00,3208.83322389759,72.45584632511769
 12/02  11:15:00,7953.238258161871,78.92831334294169
 12/02  11:30:00,7519.531379105355,85.65136902879306
 12/02  11:45:00,4078.24565464308,87.42339449140457
 12/02  12:00:00,3235.989117511091,89.5166308387092
 12/02  12:15:00,913.0293995162226,91.89357996879693
 12/02  12:30:00,1058.3296507841374,94.56270629438897
 12/02  12:45:00,1166.0399134086574,91.78217621957306
 12/02  13:00:00,1343.0232011387411,89.33012337530792
 12/02  13:15:00,1462.2809949279422,87.17471613254057
 12/02  13:30:00,1596.2482831393895,85.29129552017626
 12/02  13:45:00,1587.3318498504796,78.58683633428691
 12/02  14:00:00,1634.1284938631572,72.15743961499876
 12/02  14:15:00,1649.8411180666264,65.93877351717009
 12/02  14:30:00,1657.8789515190883,59.922891330228914
 12/02  14:45:00,1677.2423721760815,50.85595017312292
 12/02  15:00:00,1704.0164046482885,41.96551445102568
 12/02  15:15:00,1734.709430287572,33.21011574581345
 12/02  15:30:00,1759.495765349565,25.000572484541113
 12/02  15:45:00,1779.6914885151268,19.52870572688882
 12/02  16:00:00,1808.613526214744,14.053167329226197
 12/02  16:15:00,4154.657531883857,8.575619502300885
 12/02  16:30:00,3788.570522822868,3.2357804013977276
 12/02  16:45:00,3413.42544371988,0.0
 12/02  17:00:00,3451.605320890654,0.0
 12/02  17:15:00,8144.51190515263,0.0
 12/02  17:30:00,7961.085633469451,0.0
 12/02  17:45:00,4429.914670491033,0.0
 12/02  18:00:00,3713.537485083515,0.0
 12/02  18:15:00,3490.1694184074736,0.0
 12/02  18:30:00,5017.344785650119,0.0
 12/02  18:45:00,6705.534876220322,0.0
 12/02  19:00:00,6659.783026780291,0.0
 12/02  19:15:00,5396.662248093438,0.0
 12/02  19:30:00,4820.942838692146,0.0
 12/02  19:45:00,3357.031708441016,0.0
 12/02  20:00:00,3423.356538638973,0.0
 12/02  20:15:00,3448.4170695625744,0.0
 12/02  20:30:00,3431.77958290072,0.0
 12/02  20:45:00,3452.024996313233,0.0
 12/02  21:00:00,3481.926089407781,0.0
 12/02  21:15:00,3478.434406915108,0.0
 12/02  21:30:00,3440.594146279637,0.0
 12/02  21:45:00,3440.879036260724,0.0
 12/02  22:00:00,3482.1319806973784,0.0
 12/02  22:15:00,3489.0858360398065,0.0
 12/02  22:30:00,3462.963167237448,0.0
 12/02  22:45:00,3446.096276022628,0.0
 12/02  23:00:00,3462.102181007719,0.0
 12/02  23:15:00,1133.7897231692243,0.0
 12/02  23:30:00,1175.800745776162,0.0
 12/02  23:45:00,1331.5766874961191,0.0
 12/02  24:00:00,1532.841183427535,0.0
 12/03  00:15:00,1689.0808548750192,0.0
 12/03  00:30:00,1694.790401213719,0.0
 12/03  00:45:00,1724.8726603601654,0.0
 12/03  01:00:00,1744.2928708756162,0.0
 12/03  01:15:00,1770.516885605313,0.0
 12/03  01:30:00,1793.8965285081083,0.0
 12/03  01:45:00,1808.2552246994,0.0
 12/03  02:00:00,1816.390403871073,0.0
 12/03  02:15:00,1834.271655782052,0.0
 12/03  02:30:00,1859.2314233628904,0.0
 12/03  02:45:00,1869.1989907764807,0.0
 12/03  03:00:00,1875.5421534152324,0.0
 12/03  03:15:00,1888.7064370577823,0.0
 12/03  03:30:00,1907.8796891465893,0.0
 12/03  03:45:00,1928.4843374906588,0.0
 12/03  04:00:00,1939.0102043320096,0.0
 12/03  04:15:00,1946.3506198525572,0.0
 12/03  04:30:00,1964.3519419597055,0.0
 12/03  04:45:00,1990.3716338988788,0.0
 12/03  05:00:00,2004.0121410250615,0.0
 12/03  05:15:00,2009.3667757687624,0.0
 12/03  05:30:00,2019.410037208116,0.0
 12/03  05:45:00,2034.487538974845,0.0
 12/03  06:00:00,2051.9912626696923,0.0
 12/03  06:15:00,2067.762860337208,0.0
 12/03  06:30:00,2129.94406292116,0.0
 12/03  06:45:00,2075.915640313326,0.0
 12/03  07:00:00,2101.146771923288,0.0
 12/03  07:15:00,2091.9939282932914,0.0
 12/03  07:30:00,2102.254542443282,0.0
 12/03  07:45:00,2103.936790102356,0.0
 12/03  08:00:00,2119.1644250722734,0.0
 12/03  08:15:00,2134.3316253138805,0.0
 12/03  08:30:00,2144.3662490450765,0.0
 12/03  08:45:00,4176.003136725134,4.8520870884860425
 12/03  09:00:00,4953.624754308479,7.814499243869081
 12/03  09:15:00,3026.360140921297,10.942394543034197
 12/03  09:30:00,3219.134461325022,14.068598556159742
 12/03  09:45:00,3233.303204557056,18.374657092705064
 12/03  10:00:00,4898.332432477263,22.679099281341706
 12/03  10:15:00,3341.2295286545664,26.978975654299802
 12/03  10:30:00,3397.712517817218,31.276733603120235
 12/03  10:45:00,3416.297150259915,34.58919679345247
 12/03  11:00:00,3406.2531495457984,37.90335231534556
 12/03  11:15:00,7957.74800942207,41.21368840092306
 12/03  11:30:00,7920.203761950702,44.71934217261607
 12/03  11:45:00,4462.937372035442,45.83045648164304
 12/03  12:00:00,3470.971140153544,47.03224333682449
 12/03  12:15:00,1253.8949408248814,48.327335679484776
 12/03  12:30:00,1687.0421875050597,49.70616517193628
 12/03  12:45:00,1828.618037319125,48.24630347625488
 12/03  13:00:00,1990.577800403508,46.90713630314169
 12/03  13:15:00,2149.9055279463723,45.6814489898557
 12/03  13:30:00,2187.91911397675,44.48162638326076
 12/03  13:45:00,2209.886698821712,41.52894159874057
 12/03  14:00:00,2238.964679380371,38.590512254800494
 12/03  14:15:00,2250.683809048792,35.66384796331885
 12/03  14:30:00,2254.442844685186,32.738620406469394
 12/03  14:45:00,2267.03499372684,28.24663547468924
 12/03  15:00:00,2286.397094226383,23.75942971246538
 12/03  15:15:00,2303.806168319152,19.285775362511973
 12/03  15:30:00,2310.818930314193,14.813278128753268
 12/03  15:45:00,2314.9590564691352,11.51578241938874
 12/03  16:00:00,2327.1754626174056,8.211349240245568
 12/03  16:15:00,4316.918533884003,4.876658473561728
 12/03  16:30:00,3949.3516023818506,1.6214399137203577
 12/03  16:45:00,3581.886156694807,0.0
 12/03  17:00:00,3717.942430893456,0.0
 12/03  17:15:00,8149.810253312607,0.0
 12/03  17:30:00,8130.238734478213,0.0
 12/03  17:45:00,4893.934771167535,0.0
 12/03  18:00:00,3899.820169037312,0.0
 12/03  18:15:00,3654.169617610091,0.0
 12/03  18:30:00,5186.57168161002,0.0
 12/03  18:45:00,6873.968314270499,0.0
 12/03  19:00:00,6829.837046861618,0.0
 12/03  19:15:00,5566.960693081741,0.0
 12/03  19:30:00,4990.483930972645,0.0
 12/03  19:45:00,3524.8300961904743,0.0
 12/03  20:00:00,3593.347593153101,0.0
 12/03  20:15:00,3617.48522844653,0.0
 12/03  20:30:00,3599.842784602936,0.0
 12/03  20:45:00,3619.4520992480234,0.0
 12/03  21:00:00,3648.25955813218,0.0
 12/03  21:15:00,3644.6146779087658,0.0
 12/03  21:30:00,3606.017461611989,0.0
 12/03  21:45:00,3621.0843079187234,0.0
 12/03  22:00:00,3648.844613678242,0.0
 12/03  22:15:00,3654.159758992707,0.0
 12/03  22:30:00,3632.638498539433,0.0
 12/03  22:45:00,3648.0336527891945,0.0
 12/03  23:00:00,3653.536041943713,0.0
 12/03  23:15:00,1403.0215688123476,0.0
 12/03  23:30:00,1722.3256195878355,0.0
 12/03  23:45:00,1928.628029364536,0.0
 12/03  24:00:00,2120.1660469917165,0.0
 12/04  00:15:00,2736.919342031566,0.0
 12/04  00:30:00,2079.3723981538164,0.0
 12/04  00:45:00,2222.8399581911426,0.0
 12/04  01:00:00,2154.8016456032774,0.0
 12/04  01:15:00,2184.1551545574844,0.0
 12/04  01:30:00,2214.59303747849,0.0
 12/04  01:45:00,2226.0339663727723,0.0
 12/04  02:00:00,2229.651732022626,0.0
 12/04  02:15:00,2247.000224522813,0.0
 12/04  02:30:00,2272.028619805843,0.0
 12/04  02:45:00,2286.3871060335377,0.0
 12/04  03:00:00,2294.884226825958,0.0
 12/04  03:15:00,2302.875929466143,0.0
 12/04  03:30:00,2317.281090000512,0.0
 12/04  03:45:00,2333.290553920364,0.0
 12/04  04:00:00,2341.027485720911,0.0
 12/04  04:15:00,2341.442939990828,0.0
 12/04  04:30:00,2355.495659337216,0.0
 12/04  04:45:00,2373.8781833690623,0.0
 12/04  05:00:00,2385.53255596741,0.0
 12/04  05:15:00,2384.641258422931,0.0
 12/04  05:30:00,2389.6750532042533,0.0
 12/04  05:45:00,2400.0323391743023,0.0
 12/04  06:00:00,2414.404761280436,0.0
 12/04  06:15:00,2426.8734657340087,0.0
 12/04  06:30:00,2487.3914301952736,0.0
 12/04  06:45:00,2432.5585286443256,0.0
 12/04  07:00:00,2454.016025787084,0.0
 12/04  07:15:00,2440.676724259529,0.0
 12/04  07:30:00,2444.580408052852,0.0
 12/04  07:45:00,2443.067761668623,0.0
 12/04  08:00:00,2452.160742952466,0.0
 12/04  08:15:00,2466.1543417905145,0.0
 12/04  08:30:00,2473.360400847509,0.0
 12/04  08:45:00,4426.699288323916,4.632875467478588
 12/04  09:00:00,5148.608100584305,7.377587706185833
 12/04  09:15:00,3271.258560861077,10.287010911853216
 12/04  09:30:00,3462.039060475204,13.195020366299776
 12/04  09:45:00,3473.687645286435,17.664287135613044
 12/04  10:00:00,5013.519202288978,22.13165079246494
 12/04  10:15:00,3477.226723059005,26.597711999200687
 12/04  10:30:00,3529.27909638144,31.06372616573337
 12/04  10:45:00,3532.6740661320746,42.21590364299868
 12/04  11:00:00,3550.8389994436866,54.95576920803773
 12/04  11:15:00,7959.874367056531,68.19558842047813
 12/04  11:30:00,7924.688522142745,81.98039247707548
 12/04  11:45:00,4952.865659173842,132.9027811858306
 12/04  12:00:00,3616.761576884801,189.17098557937368
 12/04  12:15:00,1352.4652848547828,230.73289022380973
 12/04  12:30:00,1757.2240332971903,272.32416846077444
 12/04  12:45:00,1806.819220884866,302.79829570842315
 12/04  13:00:00,1921.9855627686968,316.55203678071246
 12/04  13:15:00,2020.2617533727323,330.0029904762071
 12/04  13:30:00,1996.6183609445084,342.309604017686
 12/04  13:45:00,1962.920103147885,333.58808678054453
 12/04  14:00:00,1938.305724889119,324.24914725166906
 12/04  14:15:00,1897.1259588916548,330.6324168506266
 12/04  14:30:00,1855.3116227307296,318.9811749693925
 12/04  14:45:00,1843.600625200224,280.5220919044269
 12/04  15:00:00,1862.364103949792,228.3425966068492
 12/04  15:15:00,1875.974566419139,193.3805263719973
 12/04  15:30:00,1883.4771358119624,160.27943737102035
 12/04  15:45:00,1898.607567332024,122.61667577320424
 12/04  16:00:00,1947.36343943826,86.83346074896593
 12/04  16:15:00,4250.958607891179,40.576181269395704
 12/04  16:30:00,3897.060929729445,7.139348846697029
 12/04  16:45:00,3532.2145023505386,0.0
 12/04  17:00:00,3635.825412419121,0.0
 12/04  17:15:00,8148.5656491661875,0.0
 12/04  17:30:00,8129.11166035488,0.0
 12/04  17:45:00,4746.111052473236,0.0
 12/04  18:00:00,3843.813723155228,0.0
 12/04  18:15:00,3602.110764286441,0.0
 12/04  18:30:00,5132.3190079392725,0.0
 12/04  18:45:00,6834.14062816259,0.0
 12/04  19:00:00,6781.510873129726,0.0
 12/04  19:15:00,5508.968940491644,0.0
 12/04  19:30:00,4931.645699884773,0.0
 12/04  19:45:00,3465.937863694049,0.0
 12/04  20:00:00,3534.4194155878213,0.0
 12/04  20:15:00,3558.8405821992365,0.0
 12/04  20:30:00,3541.2761005333296,0.0
 12/04  20:45:00,3560.5189510180057,0.0
 12/04  21:00:00,3589.64318380884,0.0
 12/04  21:15:00,3584.0048063103595,0.0
 12/04  21:30:00,3543.3156814558533,0.0
 12/04  21:45:00,3541.8504343897303,0.0
 12/04  22:00:00,3579.7360894651742,0.0
 12/04  22:15:00,3586.1370986717493,0.0
 12/04  22:30:00,3558.498859996139,0.0
 12/04  22:45:00,3541.0675497202237,0.0
 12/04  23:00:00,3555.9565043761404,0.0
 12/04  23:15:00,1275.4893317067035,0.0
 12/04  23:30:00,1394.2309371189283,0.0
 12/04  23:45:00,1541.7965674306056,0.0
 12/04  24:00:00,1729.7234971053438,0.0
 12/05  00:15:00,1865.336528550575,0.0
 12/05  00:30:00,1863.2168267903155,0.0
 12/05  00:45:00,1881.6262276980945,0.0
 12/05  01:00:00,1891.8894148146917,0.0
 12/05  01:15:00,1916.643521512714,0.0
 12/05  01:30:00,1939.238274880723,0.0
 12/05  01:45:00,1954.2588881254403,0.0
 12/05  02:00:00,1965.2913848367457,0.0
 12/05  02:15:00,1984.4542406916848,0.0
 12/05  02:30:00,2012.932414454606,0.0
 12/05  02:45:00,2029.468969553988,0.0
 12/05  03:00:00,2038.7399610079044,0.0
 12/05  03:15:00,2047.1442992699133,0.0
 12/05  03:30:00,2061.252070687519,0.0
 12/05  03:45:00,2074.098535742742,0.0
 12/05  04:00:00,2079.6848089941773,0.0
 12/05  04:15:00,2081.276055533454,0.0
 12/05  04:30:00,2093.4658513122745,0.0
 12/05  04:45:00,2111.501157179896,0.0
 12/05  05:00:00,2121.70322289487,0.0
 12/05  05:15:00,2120.661792118657,0.0
 12/05  05:30:00,2123.030014096832,0.0
 12/05  05:45:00,2133.149957594445,0.0
 12/05  06:00:00,2144.328222714468,0.0
 12/05  06:15:00,2153.684572443391,0.0
 12/05  06:30:00,2210.6496492308897,0.0
 12/05  06:45:00,2152.5965318556714,0.0
 12/05  07:00:00,2171.2492442730672,0.0
 12/05  07:15:00,2163.244599140948,0.0
 12/05  07:30:00,2177.2254059444863,0.0
 12/05  07:45:00,2181.370926129507,0.0
 12/05  08:00:00,2197.7465110639846,0.0
 12/05  08:15:00,2206.8882458915364,0.0
 12/05  08:30:00,2209.2973714615696,0.0
 12/05  08:45:00,4213.265467296107,6.608123514698097
 12/05  09:00:00,4957.14590972508,11.615883918361904
 12/05  09:15:00,3044.18856039328,16.646632989026074
 12/05  09:30:00,3233.833813028076,21.728635823505265
 12/05  09:45:00,3243.220210799131,30.22422527925374
 12/05  10:00:00,4931.380335158794,38.65229737933562
 12/05  10:15:00,3370.676698928106,47.11401750555534
 12/05  10:30:00,3425.0600820112595,55.68640782325883
 12/05  10:45:00,3440.0025791558915,61.631121049821246
 12/05  11:00:00,3426.908351163468,67.80018649083819
 12/05  11:15:00,7958.747022248,74.26404720826544
 12/05  11:30:00,7921.456349463125,80.99107947739401
 12/05  11:45:00,4545.636183809103,82.81364681078274
 12/05  12:00:00,3512.9369659006697,84.9478332057263
 12/05  12:15:00,1261.5211131472224,87.33310979706475
 12/05  12:30:00,1632.1461646721737,90.0017275402763
 12/05  12:45:00,1802.8944788294557,87.53857981414656
 12/05  13:00:00,1972.588007831995,85.38403356900585
 12/05  13:15:00,2106.786286769004,83.40834615116131
 12/05  13:30:00,2127.066771960829,81.70231198503456
 12/05  13:45:00,2128.9337870388667,74.91736903825824
 12/05  14:00:00,2137.681966757588,68.41827799301255
 12/05  14:15:00,2159.677637304865,62.31950624528023
 12/05  14:30:00,2176.975068726273,56.40097401909673
 12/05  14:45:00,2203.703493908799,47.73592994710826
 12/05  15:00:00,2241.3859307061093,39.21846009339502
 12/05  15:15:00,2255.03600292196,30.757429578653728
 12/05  15:30:00,2261.4376738221345,23.226733508862978
 12/05  15:45:00,2264.3757879610466,18.183185418366886
 12/05  16:00:00,2272.043040066256,13.142458257474184
 12/05  16:15:00,4317.224054109856,8.107900831852232
 12/05  16:30:00,3950.356665281728,3.205639473548582
 12/05  16:45:00,3584.220970371292,0.0
 12/05  17:00:00,3720.943106925291,0.0
 12/05  17:15:00,8150.0605585620815,0.0
 12/05  17:30:00,8130.90265415586,0.0
 12/05  17:45:00,4905.383238325674,0.0
 12/05  18:00:00,3908.297396972597,0.0
 12/05  18:15:00,3661.520749278335,0.0
 12/05  18:30:00,5191.659783035879,0.0
 12/05  18:45:00,6894.63799533533,0.0
 12/05  19:00:00,6843.965662934517,0.0
 12/05  19:15:00,5571.871994101615,0.0
 12/05  19:30:00,4994.3336924518135,0.0
 12/05  19:45:00,3530.860091111491,0.0
 12/05  20:00:00,3600.409151750939,0.0
 12/05  20:15:00,3622.9636474530143,0.0
 12/05  20:30:00,3604.0719918685936,0.0
 12/05  20:45:00,3621.875074063644,0.0
 12/05  21:00:00,3648.630763930077,0.0
 12/05  21:15:00,3644.6889067763054,0.0
 12/05  21:30:00,3605.3136729230578,0.0
 12/05  21:45:00,3612.185326353224,0.0
 12/05  22:00:00,3646.2283164897103,0.0
 12/05  22:15:00,3651.543160316543,0.0
 12/05  22:30:00,3624.927610481154,0.0
 12/05  22:45:00,3632.4377707583376,0.0
 12/05  23:00:00,3639.9672113099455,0.0
 12/05  23:15:00,1373.2892283765837,0.0
 12/05  23:30:00,1611.8553785326876,0.0
 12/05  23:45:00,1812.23405403388,0.0
 12/05  24:00:00,2061.3430493051865,0.0
 12/06  00:15:00,3612.1360309384954,0.0
 12/06  00:30:00,2780.037538898622,0.0
 12/06  00:45:00,3088.073635962248,0.0
 12/06  01:00:00,1825.6438221567769,0.0
 12/06  01:15:00,1942.826924074128,0.0
 12/06  01:30:00,1987.089082719997,0.0
 12/06  01:45:00,2090.3413247565627,0.0
 12/06  02:00:00,2072.819415965581,0.0
 12/06  02:15:00,2108.885490024913,0.0
 12/06  02:30:00,2138.95042441726,0.0
 12/06  02:45:00,2159.539466507912,0.0
 12/06  03:00:00,2173.220460935904,0.0
 12/06  03:15:00,2175.409999527222,0.0
 12/06  03:30:00,2183.791135538728,0.0
 12/06  03:45:00,2190.9411115376383,0.0
 12/06  04:00:00,2189.3087128111265,0.0
 12/06  04:15:00,2186.076887217696,0.0
 12/06  04:30:00,2193.1930214592107,0.0
 12/06  04:45:00,2209.326594056696,0.0
 12/06  05:00:00,2214.2274701226693,0.0
 12/06  05:15:00,2222.45130640654,0.0
 12/06  05:30:00,2233.776538166941,0.0
 12/06  05:45:00,2253.909257643175,0.0
 12/06  06:00:00,2275.93175407336,0.0
 12/06  06:15:00,2283.166322629947,0.0
 12/06  06:30:00,2333.830746553829,0.0
 12/06  06:45:00,2273.6265416131,0.0
 12/06  07:00:00,2286.3811008054463,0.0
 12/06  07:15:00,2272.479223366659,0.0
 12/06  07:30:00,2276.8168831660064,0.0
 12/06  07:45:00,2273.1024196940475,0.0
 12/06  08:00:00,2283.09344747718,0.0
 12/06  08:15:00,2304.8874732178574,0.0
 12/06  08:30:00,2319.6442506608114,0.0
 12/06  08:45:00,4303.717831377176,26.4932209268438
 12/06  09:00:00,5038.647145163846,53.80188026831846
 12/06  09:15:00,3123.250733079685,114.7388881523066
 12/06  09:30:00,3292.4574377042736,157.43006071825073
 12/06  09:45:00,3274.3279308155456,208.54479077384786
 12/06  10:00:00,4943.920008858055,253.04545498939217
 12/06  10:15:00,3374.7061924425125,300.0551519320655
 12/06  10:30:00,3418.9854687945926,348.7579184784099
 12/06  10:45:00,3425.421299455121,382.47111950780027
 12/06  11:00:00,3404.043433672831,416.5243502761489
 12/06  11:15:00,7957.519673895869,450.85269569684283
 12/06  11:30:00,7920.072145695221,490.18074260154066
 12/06  11:45:00,4341.22411115742,502.3989409191113
 12/06  12:00:00,3393.898457620953,513.3237758947284
 12/06  12:15:00,1034.4045962499624,521.5484627889153
 12/06  12:30:00,1174.2186771334489,527.9994261573668
 12/06  12:45:00,1285.402845987076,504.2139051547608
 12/06  13:00:00,1285.2107206225664,485.5947855411953
 12/06  13:15:00,1439.2958080750304,466.6677837443691
 12/06  13:30:00,1449.4629433157086,446.228038526399
 12/06  13:45:00,1448.062176370732,435.26479917686294
 12/06  14:00:00,1445.7910506629892,422.2277453655541
 12/06  14:15:00,1417.921486554741,407.8209839183306
 12/06  14:30:00,1367.421647032407,396.07327801804723
 12/06  14:45:00,1367.8906177046929,341.12518261488253
 12/06  15:00:00,1375.8177328480472,292.7254702746076
 12/06  15:15:00,1397.124449179552,246.11796955708542
 12/06  15:30:00,1416.1501233467818,202.23157131659042
 12/06  15:45:00,1437.7459289584262,155.0141899725346
 12/06  16:00:00,1514.7789195086802,96.70098100665828
 12/06  16:15:00,4161.555623986875,50.63504527746366
 12/06  16:30:00,3833.907133507109,6.379872187784784
 12/06  16:45:00,3465.2583456118605,0.0
 12/06  17:00:00,3503.82292050449,0.0
 12/06  17:15:00,8146.721086101024,0.0
 12/06  17:30:00,8127.904250041358,0.0
 12/06  17:45:00,4516.319667722002,0.0
 12/06  18:00:00,3765.438156150468,0.0
 12/06  18:15:00,3536.3396081623623,0.0
 12/06  18:30:00,5058.750738921297,0.0
 12/06  18:45:00,6742.284436449104,0.0
 12/06  19:00:00,6691.04989006464,0.0
 12/06  19:15:00,5428.6771377447785,0.0
 12/06  19:30:00,4855.24978806636,0.0
 12/06  19:45:00,3393.1180085645374,0.0
 12/06  20:00:00,3460.924318958737,0.0
 12/06  20:15:00,3483.3873351000902,0.0
 12/06  20:30:00,3463.2154493884,0.0
 12/06  20:45:00,3478.998985892395,0.0
 12/06  21:00:00,3505.3766322759006,0.0
 12/06  21:15:00,3498.479808328037,0.0
 12/06  21:30:00,3456.3080007209937,0.0
 12/06  21:45:00,3453.293520043896,0.0
 12/06  22:00:00,3490.4245284620683,0.0
 12/06  22:15:00,3495.476639444392,0.0
 12/06  22:30:00,3467.528205980824,0.0
 12/06  22:45:00,3448.583363105417,0.0
 12/06  23:00:00,3463.4702523409023,0.0
 12/06  23:15:00,1149.8276726460176,0.0
 12/06  23:30:00,1137.2299734227274,0.0
 12/06  23:45:00,1251.6643125949863,0.0
 12/06  24:00:00,1313.6107709072546,0.0
 12/07  00:15:00,2816.273403227756,0.0
 12/07  00:30:00,1892.5881873866588,0.0
 12/07  00:45:00,1265.4480273373642,0.0
 12/07  01:00:00,1477.3289577511132,0.0
 12/07  01:15:00,1462.021334229458,0.0
 12/07  01:30:00,1503.4343990165469,0.0
 12/07  01:45:00,1525.0134053500146,0.0
 12/07  02:00:00,1527.9874958189328,0.0
 12/07  02:15:00,1550.097736820945,0.0
 12/07  02:30:00,1581.693036039322,0.0
 12/07  02:45:00,1599.085239248149,0.0
 12/07  03:00:00,1611.3853344148372,0.0
 12/07  03:15:00,1622.03562746386,0.0
 12/07  03:30:00,1639.388393857913,0.0
 12/07  03:45:00,1655.9349753196525,0.0
 12/07  04:00:00,1664.0396456752724,0.0
 12/07  04:15:00,1675.7425312654836,0.0
 12/07  04:30:00,1701.0352997368186,0.0
 12/07  04:45:00,1733.3615287836424,0.0
 12/07  05:00:00,1754.7896230980884,0.0
 12/07  05:15:00,1755.69381173667,0.0
 12/07  05:30:00,1760.6431975611113,0.0
 12/07  05:45:00,1770.255971907359,0.0
 12/07  06:00:00,1781.4451952005134,0.0
 12/07  06:15:00,1795.674867346934,0.0
 12/07  06:30:00,1858.221958278192,0.0
 12/07  06:45:00,1804.867526862018,0.0
 12/07  07:00:00,1830.6159711663367,0.0
 12/07  07:15:00,1824.6834035122104,0.0
 12/07  07:30:00,1836.6275975922736,0.0
 12/07  07:45:00,1840.4699066647345,0.0
 12/07  08:00:00,1856.7281764724196,0.0
 12/07  08:15:00,1873.9894987211785,0.0
 12/07  08:30:00,3474.42015232655,0.0
 12/07  08:45:00,3611.4014681618346,6.196064232449754
 12/07  09:00:00,4715.950071139942,10.792241087722083
 12/07  09:15:00,2755.860826990879,15.192054818368304
 12/07  09:30:00,2944.2084840732814,19.674804645232694
 12/07  09:45:00,4855.2078775044765,28.560819326206605
 12/07  10:00:00,4707.910676529968,37.345017434402955
 12/07  10:15:00,3272.765985088693,46.150041111615224
 12/07  10:30:00,3324.935237386333,55.05809482385586
 12/07  10:45:00,3337.0581445155785,60.67959516741812
 12/07  11:00:00,3319.9913390657957,66.54470541271017
 12/07  11:15:00,3288.7918680896973,72.62167348661006
 12/07  11:30:00,3291.7761575494487,78.94536250260708
 12/07  11:45:00,3328.869049969104,80.66162263468023
 12/07  12:00:00,3326.129568039179,82.69279960917284
 12/07  12:15:00,2798.3491632461223,85.02438208593148
 12/07  12:30:00,2808.849565867812,87.64123223229274
 12/07  12:45:00,2846.092018018016,85.15581554993452
 12/07  13:00:00,2865.4532500793853,82.98818444724223
 12/07  13:15:00,3431.614330144163,81.10608862574531
 12/07  13:30:00,3319.993786353236,79.49094143049224
 12/07  13:45:00,3291.907466534969,73.10161433516106
 12/07  14:00:00,3330.876863926362,66.98279592323343
 12/07  14:15:00,3320.210255758857,61.081585192151174
 12/07  14:30:00,3277.416597977453,55.372388986798946
 12/07  14:45:00,3266.230175810025,57.40570583724257
 12/07  15:00:00,3288.3231764229013,65.65221565778926
 12/07  15:15:00,3308.165281726018,66.76833314419527
 12/07  15:30:00,3293.549263978251,67.86625360117391
 12/07  15:45:00,3259.5728230808186,51.748512328751396
 12/07  16:00:00,3261.4575159021683,35.634122759868625
 12/07  16:15:00,3726.126130111036,18.999751551604312
 12/07  16:30:00,3730.247687314802,5.585055287663667
 12/07  16:45:00,3395.362480481368,0.0
 12/07  17:00:00,3439.571341677753,0.0
 12/07  17:15:00,3458.1637810562315,0.0
 12/07  17:30:00,8169.358926508085,0.0
 12/07  17:45:00,8174.067233233032,0.0
 12/07  18:00:00,4755.31644397016,0.0
 12/07  18:15:00,3556.0695302808085,0.0
 12/07  18:30:00,3513.014323891999,0.0
 12/07  18:45:00,6684.897166525476,0.0
 12/07  19:00:00,6700.855469586496,0.0
 12/07  19:15:00,5442.146322786888,0.0
 12/07  19:30:00,4855.5797841923,0.0
 12/07  19:45:00,4081.7479237273938,0.0
 12/07  20:00:00,3485.6380298905647,0.0
 12/07  20:15:00,8138.940216601835,0.0
 12/07  20:30:00,6910.019779267397,0.0
 12/07  20:45:00,3859.127157906984,0.0
 12/07  21:00:00,3524.200239878854,0.0
 12/07  21:15:00,3507.82941483694,0.0
 12/07  21:30:00,3474.3199537000382,0.0
 12/07  21:45:00,3486.244206847767,0.0
 12/07  22:00:00,3538.7931194187563,0.0
 12/07  22:15:00,3543.6550226862546,0.0
 12/07  22:30:00,3512.6583897937508,0.0
 12/07  22:45:00,3488.7385923852894,0.0
 12/07  23:00:00,3499.318419127116,0.0
 12/07  23:15:00,2909.9419509846216,0.0
 12/07  23:30:00,911.5075867319182,0.0
 12/07  23:45:00,1096.6810054877228,0.0
 12/07  24:00:00,1239.049294427629,0.0
 12/08  00:15:00,3042.646357884615,0.0
 12/08  00:30:00,2928.544309116981,0.0
 12/08  00:45:00,1390.6445382886393,0.0
 12/08  01:00:00,1524.367114964439,0.0
 12/08  01:15:00,1562.2793863608752,0.0
 12/08  01:30:00,1657.9027083823887,0.0
 12/08  01:45:00,1677.1278149549237,0.0
 12/08  02:00:00,1689.6317829127115,0.0
 12/08  02:15:00,1690.7537312561417,0.0
 12/08  02:30:00,1715.275720156612,0.0
 12/08  02:45:00,1729.9436800039568,0.0
 12/08  03:00:00,1736.728755678412,0.0
 12/08  03:15:00,1756.7844224660953,0.0
 12/08  03:30:00,1784.4102167644292,0.0
 12/08  03:45:00,1812.875736189766,0.0
 12/08  04:00:00,1831.603272048572,0.0
 12/08  04:15:00,1854.246493029457,0.0
 12/08  04:30:00,1889.3655589163304,0.0
 12/08  04:45:00,1932.4035895744912,0.0
 12/08  05:00:00,1964.3512205975296,0.0
 12/08  05:15:00,1974.9273185168304,0.0
 12/08  05:30:00,1984.8788836672773,0.0
 12/08  05:45:00,2003.9149842515772,0.0
 12/08  06:00:00,2021.8672219965783,0.0
 12/08  06:15:00,2036.8187935748783,0.0
 12/08  06:30:00,2097.2594040317967,0.0
 12/08  06:45:00,2043.9705661464188,0.0
 12/08  07:00:00,2067.871839039166,0.0
 12/08  07:15:00,2059.251366817429,0.0
 12/08  07:30:00,2071.1973459628807,0.0
 12/08  07:45:00,2074.685481839265,0.0
 12/08  08:00:00,2090.7836417966137,0.0
 12/08  08:15:00,2109.4168394428084,0.0
 12/08  08:30:00,3675.058881890068,0.0
 12/08  08:45:00,3825.188721411362,3.6369546738959637
 12/08  09:00:00,4901.573017806391,6.471692174058617
 12/08  09:15:00,2955.408161766552,8.957697940051053
 12/08  09:30:00,3149.556265458852,11.674622476688898
 12/08  09:45:00,4934.26252410994,15.95261643742279
 12/08  10:00:00,4777.947459264708,20.224552553965285
 12/08  10:15:00,3349.017527571898,24.49772264974716
 12/08  10:30:00,3405.297360520653,28.768793811447303
 12/08  10:45:00,3418.9514953584394,32.05967027843651
 12/08  11:00:00,3403.773414474328,35.350474812503265
 12/08  11:15:00,3373.936936883489,38.646683024339225
 12/08  11:30:00,3394.4636104319966,41.941739954610654
 12/08  11:45:00,3417.95053727921,43.0855560881898
 12/08  12:00:00,3414.368419746271,44.23322260823776
 12/08  12:15:00,2881.8631565349933,45.468587326936
 12/08  12:30:00,2893.6844463198945,46.79914080760127
 12/08  12:45:00,2939.257301098656,45.53670203307512
 12/08  13:00:00,3077.442559731744,44.51395968402609
 12/08  13:15:00,3531.9915529104355,43.533403952838256
 12/08  13:30:00,3407.766336282428,42.55478494761213
 12/08  13:45:00,3382.042122342987,39.63206507851846
 12/08  14:00:00,3420.2617985832426,36.71559052748256
 12/08  14:15:00,3407.7937831984077,33.803294454831835
 12/08  14:30:00,3363.4074774387072,30.893747401724696
 12/08  14:45:00,3350.9058586192946,26.62794767833088
 12/08  15:00:00,3374.81654995599,22.36868224139025
 12/08  15:15:00,3397.177370053424,18.116799900042253
 12/08  15:30:00,3387.0521967840486,13.86739649151541
 12/08  15:45:00,3354.7239837029288,10.781285030357797
 12/08  16:00:00,3356.516495311335,7.696049610628065
 12/08  16:15:00,3817.939250948176,4.612541689647865
 12/08  16:30:00,3819.68963055984,0.0
 12/08  16:45:00,3649.290430622113,0.0
 12/08  17:00:00,3520.7671066217795,0.0
 12/08  17:15:00,3539.1699936653463,0.0
 12/08  17:30:00,8170.825497065742,0.0
 12/08  17:45:00,8175.538718489627,0.0
 12/08  18:00:00,4915.612963121723,0.0
 12/08  18:15:00,3640.6759389304943,0.0
 12/08  18:30:00,3592.0478966711994,0.0
 12/08  18:45:00,6762.713867300685,0.0
 12/08  19:00:00,6777.324395179458,0.0
 12/08  19:15:00,5519.726761280712,0.0
 12/08  19:30:00,4934.066392997529,0.0
 12/08  19:45:00,4230.42058082096,0.0
 12/08  20:00:00,3562.8270387062225,0.0
 12/08  20:15:00,8139.915855231198,0.0
 12/08  20:30:00,6942.790228297035,0.0
 12/08  20:45:00,3935.498743953992,0.0
 12/08  21:00:00,3610.784750012052,0.0
 12/08  21:15:00,3587.192015173276,0.0
 12/08  21:30:00,3543.6831430832326,0.0
 12/08  21:45:00,3544.670106771588,0.0
 12/08  22:00:00,3585.3176923375054,0.0
 12/08  22:15:00,3591.0791972358334,0.0
 12/08  22:30:00,3564.257799866069,0.0
 12/08  22:45:00,3545.9338485900216,0.0
 12/08  23:00:00,3562.0106780725137,0.0
 12/08  23:15:00,2974.181564722413,0.0
 12/08  23:30:00,1024.3942612267665,0.0
 12/08  23:45:00,1314.9865390177383,0.0
 12/08  24:00:00,1524.9599208929876,0.0
 12/09  00:15:00,1733.7440806942511,0.0
 12/09  00:30:00,2398.6684239033216,0.0
 12/09  00:45:00,1630.2906506325753,0.0
 12/09  01:00:00,1923.9370304144088,0.0
 12/09  01:15:00,1806.6848636301315,0.0
 12/09  01:30:00,1833.303792295356,0.0
 12/09  01:45:00,1849.302975852769,0.0
 12/09  02:00:00,1854.4439975252487,0.0
 12/09  02:15:00,2573.2491336950925,0.0
 12/09  02:30:00,2792.711536302783,0.0
 12/09  02:45:00,1656.5100955289015,0.0
 12/09  03:00:00,1781.540898893259,0.0
 12/09  03:15:00,1819.5078040705991,0.0
 12/09  03:30:00,1884.3130771205865,0.0
 12/09  03:45:00,1893.1104292052648,0.0
 12/09  04:00:00,1911.0649111666733,0.0
 12/09  04:15:00,1915.8031986582428,0.0
 12/09  04:30:00,1930.408968068548,0.0
 12/09  04:45:00,1952.6681769187403,0.0
 12/09  05:00:00,1961.8946120233252,0.0
 12/09  05:15:00,1963.087549172436,0.0
 12/09  05:30:00,1966.4729138766625,0.0
 12/09  05:45:00,1976.653420805561,0.0
 12/09  06:00:00,1987.7512237053647,0.0
 12/09  06:15:00,1995.7121730031367,0.0
 12/09  06:30:00,2047.3110061577383,0.0
 12/09  06:45:00,1985.40534165885,0.0
 12/09  07:00:00,2000.8482907499888,0.0
 12/09  07:15:00,1986.2143964755523,0.0
 12/09  07:30:00,1989.0305682329767,0.0
 12/09  07:45:00,1984.2853244967669,0.0
 12/09  08:00:00,1992.069584361763,0.0
 12/09  08:15:00,2005.8734233030527,0.0
 12/09  08:30:00,2013.900981513568,0.0
 12/09  08:45:00,4066.451207220389,3.3779593154401404
 12/09  09:00:00,4852.386563944601,5.962218535588328
 12/09  09:15:00,2917.6653840529107,8.23542949085019
 12/09  09:30:00,3102.141881578344,10.728440519496763
 12/09  09:45:00,3111.2519488637454,15.152206189882987
 12/09  10:00:00,4884.490853548191,19.57970035374735
 12/09  10:15:00,3327.687488986717,23.998897630055964
 12/09  10:30:00,3382.85927239646,28.418583187832162
 12/09  10:45:00,3401.2219468328863,31.485680145650374
 12/09  11:00:00,3391.002830564554,34.555248051135266
 12/09  11:15:00,7957.538844863093,37.62587408090778
 12/09  11:30:00,7919.407923899982,40.69687373264973
 12/09  11:45:00,4343.948468831295,41.83562543073012
 12/09  12:00:00,3441.6665014510445,42.977979257141016
 12/09  12:15:00,1125.8807528833215,44.134693190613994
 12/09  12:30:00,1419.342726082965,45.43880945831161
 12/09  12:45:00,1605.3198066526973,44.32755634167353
 12/09  13:00:00,1824.496033232163,43.36796119490308
 12/09  13:15:00,1950.3062656263533,42.39947220304376
 12/09  13:30:00,1992.2192448019105,41.432461075024605
 12/09  13:45:00,2008.4519232364096,38.5373944290345
 12/09  14:00:00,2027.266219138425,35.64799091766363
 12/09  14:15:00,2033.6190764708688,32.77014112911224
 12/09  14:30:00,2033.606082272336,29.892865671827657
 12/09  14:45:00,2041.2682072012583,25.86049116525159
 12/09  15:00:00,2057.238961089057,21.831426994015214
 12/09  15:15:00,2067.720561815576,17.798281852539755
 12/09  15:30:00,2072.5098414579666,13.768476612011861
 12/09  15:45:00,2073.1849370523555,10.702548926927845
 12/09  16:00:00,2082.6837576856005,7.638613598185616
 12/09  16:15:00,4269.995460737919,4.579578305644985
 12/09  16:30:00,3897.647563662971,0.0
 12/09  16:45:00,3697.025978651019,0.0
 12/09  17:00:00,3563.8154055346617,0.0
 12/09  17:15:00,8147.657308932871,0.0
 12/09  17:30:00,8127.956171505495,0.0
 12/09  17:45:00,4634.7148865254585,0.0
 12/09  18:00:00,3822.543244407207,0.0
 12/09  18:15:00,3588.0604656907667,0.0
 12/09  18:30:00,5119.76157619652,0.0
 12/09  18:45:00,6806.683927689448,0.0
 12/09  19:00:00,6760.104771543992,0.0
 12/09  19:15:00,5495.38724993483,0.0
 12/09  19:30:00,4917.011639863698,0.0
 12/09  19:45:00,3449.318472263945,0.0
 12/09  20:00:00,3514.894181142751,0.0
 12/09  20:15:00,3537.810127655566,0.0
 12/09  20:30:00,3519.941474025849,0.0
 12/09  20:45:00,3537.466373443848,0.0
 12/09  21:00:00,3566.0234900318346,0.0
 12/09  21:15:00,3561.1875153373417,0.0
 12/09  21:30:00,3520.9116238544257,0.0
 12/09  21:45:00,3519.4579449158086,0.0
 12/09  22:00:00,3558.668010477737,0.0
 12/09  22:15:00,3562.65178474518,0.0
 12/09  22:30:00,3535.0584274241264,0.0
 12/09  22:45:00,3515.088969708301,0.0
 12/09  23:00:00,3529.096736015016,0.0
 12/09  23:15:00,1218.8833577098535,0.0
 12/09  23:30:00,1253.755323971688,0.0
 12/09  23:45:00,1407.0779464075872,0.0
 12/09  24:00:00,1612.6140624509712,0.0
 12/10  00:15:00,1766.163989123157,0.0
 12/10  00:30:00,1754.9138745982918,0.0
 12/10  00:45:00,1777.0841192882765,0.0
 12/10  01:00:00,1786.8132651003764,0.0
 12/10  01:15:00,1808.1584971717036,0.0
 12/10  01:30:00,1828.8890629481916,0.0
 12/10  01:45:00,1840.4476152489544,0.0
 12/10  02:00:00,1847.1249957109533,0.0
 12/10  02:15:00,1855.5802871276,0.0
 12/10  02:30:00,1871.059851042154,0.0
 12/10  02:45:00,1874.8897986081104,0.0
 12/10  03:00:00,1871.0415643557783,0.0
 12/10  03:15:00,1878.4761011075643,0.0
 12/10  03:30:00,1891.934526006172,0.0
 12/10  03:45:00,1906.1823887593384,0.0
 12/10  04:00:00,1912.697173668925,0.0
 12/10  04:15:00,1910.3272566270975,0.0
 12/10  04:30:00,1916.90098457382,0.0
 12/10  04:45:00,1931.2492741138356,0.0
 12/10  05:00:00,1934.0587486918344,0.0
 12/10  05:15:00,1933.3664862658552,0.0
 12/10  05:30:00,1935.705536169512,0.0
 12/10  05:45:00,1946.770376433455,0.0
 12/10  06:00:00,1958.2912983885856,0.0
 12/10  06:15:00,1966.907069257176,0.0
 12/10  06:30:00,2020.4604387490203,0.0
 12/10  06:45:00,1960.669794284308,0.0
 12/10  07:00:00,1977.5606871011096,0.0
 12/10  07:15:00,1980.2137861787005,0.0
 12/10  07:30:00,1999.9130416199644,0.0
 12/10  07:45:00,2013.9237769330985,0.0
 12/10  08:00:00,2040.8831462935452,0.0
 12/10  08:15:00,2041.064919857128,0.0
 12/10  08:30:00,2030.9526848089756,0.0
 12/10  08:45:00,4069.146472774395,3.378705230534783
 12/10  09:00:00,4837.304929881783,5.978046880993426
 12/10  09:15:00,2893.8049771166143,8.254272073983216
 12/10  09:30:00,3074.391544585349,10.746068407502593
 12/10  09:45:00,3078.7522028822027,14.97423856876099
 12/10  10:00:00,4855.650524960026,19.199856625714485
 12/10  10:15:00,3295.9069295801346,23.416256193914975
 12/10  10:30:00,3346.8761420524647,27.62779995083152
 12/10  10:45:00,3361.437580262187,30.67657933865391
 12/10  11:00:00,3347.644395313118,33.72433165744484
 12/10  11:15:00,7956.545509404331,36.7954635609228
 12/10  11:30:00,7856.015101930168,39.86890134051288
 12/10  11:45:00,4271.730881576891,41.20780770078148
 12/10  12:00:00,3399.537925555024,42.55268444177091
 12/10  12:15:00,1076.7963048289928,43.88733447668249
 12/10  12:30:00,1313.7314036276305,45.42020892873478
 12/10  12:45:00,1489.4559897998415,44.2481024564957
 12/10  13:00:00,1767.085826700528,43.28112230899023
 12/10  13:15:00,1872.6504182813608,42.31823266902714
 12/10  13:30:00,1920.5465036950795,41.357527481561135
 12/10  13:45:00,1934.466405328112,38.47312827415455
 12/10  14:00:00,1951.1923742308752,35.59615982020431
 12/10  14:15:00,1960.0275098626355,32.72428916541201
 12/10  14:30:00,1960.54279706713,29.852919025521903
 12/10  14:45:00,1971.142969126492,25.827292190363853
 12/10  15:00:00,1987.5412298235983,21.804178788868427
 12/10  15:15:00,2000.7858467861004,17.78024527147636
 12/10  15:30:00,2006.6963526690529,13.75779273851512
 12/10  15:45:00,2008.53438309622,10.696756343363589
 12/10  16:00:00,2019.690532114627,7.636179406488397
 12/10  16:15:00,4236.217523771971,4.576556022969954
 12/10  16:30:00,3859.569733355871,0.0
 12/10  16:45:00,3656.48543505365,0.0
 12/10  17:00:00,3521.5307984803185,0.0
 12/10  17:15:00,8146.490422120649,0.0
 12/10  17:30:00,8116.215765260986,0.0
 12/10  17:45:00,4517.136366237502,0.0
 12/10  18:00:00,3774.8652579472127,0.0
 12/10  18:15:00,3543.0943876026463,0.0
 12/10  18:30:00,5074.883162892991,0.0
 12/10  18:45:00,6777.524206612549,0.0
 12/10  19:00:00,6724.844615909675,0.0
 12/10  19:15:00,5450.017208742546,0.0
 12/10  19:30:00,4869.971074655785,0.0
 12/10  19:45:00,3401.16439278216,0.0
 12/10  20:00:00,3466.5232126912783,0.0
 12/10  20:15:00,3488.578340673638,0.0
 12/10  20:30:00,3469.0148343048404,0.0
 12/10  20:45:00,3485.475310333925,0.0
 12/10  21:00:00,3512.831402878096,0.0
 12/10  21:15:00,3506.1366597296424,0.0
 12/10  21:30:00,3464.615117026166,0.0
 12/10  21:45:00,3462.805729331268,0.0
 12/10  22:00:00,3500.192884576927,0.0
 12/10  22:15:00,3504.6396011284774,0.0
 12/10  22:30:00,3476.628685521613,0.0
 12/10  22:45:00,3457.2216872496883,0.0
 12/10  23:00:00,3471.04514504867,0.0
 12/10  23:15:00,1140.1204544979269,0.0
 12/10  23:30:00,1125.576254892126,0.0
 12/10  23:45:00,1241.8519019887506,0.0
 12/10  24:00:00,1449.1148247674746,0.0
 12/11  00:15:00,2233.258520310248,0.0
 12/11  00:30:00,1503.952681656816,0.0
 12/11  00:45:00,1669.1389924570933,0.0
 12/11  01:00:00,1595.513556838592,0.0
 12/11  01:15:00,1618.9823598435037,0.0
 12/11  01:30:00,1649.088994159536,0.0
 12/11  01:45:00,1654.935439009478,0.0
 12/11  02:00:00,1654.3594946196988,0.0
 12/11  02:15:00,1665.6444082484622,0.0
 12/11  02:30:00,1684.0824299055173,0.0
 12/11  02:45:00,1689.8520973536015,0.0
 12/11  03:00:00,1689.7091869028916,0.0
 12/11  03:15:00,1693.6001447893675,0.0
 12/11  03:30:00,1704.8853205605242,0.0
 12/11  03:45:00,1715.1389877340637,0.0
 12/11  04:00:00,1716.52715091659,0.0
 12/11  04:15:00,1711.600674679902,0.0
 12/11  04:30:00,1717.920206084132,0.0
 12/11  04:45:00,1730.8299313600264,0.0
 12/11  05:00:00,1733.2932225443817,0.0
 12/11  05:15:00,1729.144815730167,0.0
 12/11  05:30:00,1730.2665106033037,0.0
 12/11  05:45:00,1738.904849872988,0.0
 12/11  06:00:00,1747.9434344461442,0.0
 12/11  06:15:00,1751.79184808066,0.0
 12/11  06:30:00,1820.7081532501163,0.0
 12/11  06:45:00,1717.2732030447569,0.0
 12/11  07:00:00,1751.0068855279278,0.0
 12/11  07:15:00,1724.633286521913,0.0
 12/11  07:30:00,1721.9374925989,0.0
 12/11  07:45:00,1711.275193060486,0.0
 12/11  08:00:00,1713.7174445654423,0.0
 12/11  08:15:00,1724.1608737038107,0.0
 12/11  08:30:00,1727.9721722272077,0.0
 12/11  08:45:00,3845.7794778888897,3.343372229566306
 12/11  09:00:00,4672.236568731511,5.901555519101312
 12/11  09:15:00,2694.1898968845544,8.144383387992592
 12/11  09:30:00,2858.1244410447907,10.596435589006095
 12/11  09:45:00,2855.943662754883,18.954108002838964
 12/11  10:00:00,4733.073158348464,28.49315914360345
 12/11  10:15:00,3209.379873818481,39.27697931431521
 12/11  10:30:00,3243.4834741786826,50.202625554906774
 12/11  10:45:00,3234.83962651058,55.71713121565985
 12/11  11:00:00,3208.176366726792,61.45735997298044
 12/11  11:15:00,7953.444814796798,67.42009089687384
 12/11  11:30:00,7542.097793285777,73.62302704340254
 12/11  11:45:00,4060.0361371535664,75.30057241895501
 12/11  12:00:00,3221.190960369296,77.2840155950126
 12/11  12:15:00,853.3508376410326,79.56857944602142
 12/11  12:30:00,985.9715859689602,82.12899260248209
 12/11  12:45:00,1078.8730233164151,79.97513842768844
 12/11  13:00:00,1273.457010414778,78.12146067044188
 12/11  13:15:00,1447.1195165971506,76.54030001430975
 12/11  13:30:00,1529.1035444733377,75.2178426545113
 12/11  13:45:00,1525.6989715681154,69.19967015251673
 12/11  14:00:00,1559.045463768122,63.43773120249818
 12/11  14:15:00,1565.5783666065097,57.881066080070326
 12/11  14:30:00,1563.7781010884096,52.51404514087897
 12/11  14:45:00,1575.543782769146,44.1793276455237
 12/11  15:00:00,1593.1333564896518,36.01310596110005
 12/11  15:15:00,1602.7292877341315,27.964719540125873
 12/11  15:30:00,1606.4698459255703,21.157023002190233
 12/11  15:45:00,1607.0430615937184,16.424973943619918
 12/11  16:00:00,1611.0429214985568,11.695247714103438
 12/11  16:15:00,4128.387784913735,6.969723260819247
 12/11  16:30:00,3690.988367098434,0.0
 12/11  16:45:00,3491.428416601363,0.0
 12/11  17:00:00,3342.355887169409,0.0
 12/11  17:15:00,8143.049869166199,0.0
 12/11  17:30:00,7767.840262167971,0.0
 12/11  17:45:00,4261.376142541544,0.0
 12/11  18:00:00,3572.76980082699,0.0
 12/11  18:15:00,3369.444818685856,0.0
 12/11  18:30:00,4898.037906570051,0.0
 12/11  18:45:00,6597.124973162974,0.0
 12/11  19:00:00,6542.0147329516585,0.0
 12/11  19:15:00,5265.067356430948,0.0
 12/11  19:30:00,4683.662826440442,0.0
 12/11  19:45:00,3200.646331686416,0.0
 12/11  20:00:00,3267.611207574055,0.0
 12/11  20:15:00,3291.899985476304,0.0
 12/11  20:30:00,3275.443602401819,0.0
 12/11  20:45:00,3293.582475306568,0.0
 12/11  21:00:00,3324.946721101936,0.0
 12/11  21:15:00,3315.7634967560966,0.0
 12/11  21:30:00,3271.961491571513,0.0
 12/11  21:45:00,3266.404771634982,0.0
 12/11  22:00:00,3302.038129642592,0.0
 12/11  22:15:00,3304.6152049028174,0.0
 12/11  22:30:00,3275.398080093155,0.0
 12/11  22:45:00,3254.479271886256,0.0
 12/11  23:00:00,3267.935382267731,0.0
 12/11  23:15:00,877.9911968367182,0.0
 12/11  23:30:00,819.7281738110553,0.0
 12/11  23:45:00,844.0224136051413,0.0
 12/11  24:00:00,997.8453990586949,0.0
 12/12  00:15:00,1189.1808296035697,0.0
 12/12  00:30:00,1068.9226841147486,0.0
 12/12  00:45:00,1120.5386186776725,0.0
 12/12  01:00:00,1137.239913655556,0.0
 12/12  01:15:00,1150.741691934301,0.0
 12/12  01:30:00,1163.49671906445,0.0
 12/12  01:45:00,1167.5593570905137,0.0
 12/12  02:00:00,1167.7491496436137,0.0
 12/12  02:15:00,1176.625825572975,0.0
 12/12  02:30:00,1194.2767434684608,0.0
 12/12  02:45:00,1199.9554146852613,0.0
 12/12  03:00:00,1201.0676518418209,0.0
 12/12  03:15:00,1206.7363700100182,0.0
 12/12  03:30:00,1215.5629616407778,0.0
 12/12  03:45:00,1226.6414553049017,0.0
 12/12  04:00:00,1229.6422517864687,0.0
 12/12  04:15:00,1227.0794625502213,0.0
 12/12  04:30:00,1232.894835426682,0.0
 12/12  04:45:00,1245.5153442474257,0.0
 12/12  05:00:00,1248.8648148632144,0.0
 12/12  05:15:00,1247.6782599206326,0.0
 12/12  05:30:00,1246.9787935146896,0.0
 12/12  05:45:00,1254.732800396135,0.0
 12/12  06:00:00,1262.6854002126015,0.0
 12/12  06:15:00,1268.3762301023803,0.0
 12/12  06:30:00,1410.9552828722033,0.0
 12/12  06:45:00,1176.1670933473083,0.0
 12/12  07:00:00,1310.2758275864437,0.0
 12/12  07:15:00,1249.3680581306887,0.0
 12/12  07:30:00,1256.4199942047503,0.0
 12/12  07:45:00,1249.6214298062685,0.0
 12/12  08:00:00,1250.553839790205,0.0
 12/12  08:15:00,1261.1259325911656,0.0
 12/12  08:30:00,1265.4061901616628,0.0
 12/12  08:45:00,3587.5321524989536,3.1178950094234863
 12/12  09:00:00,4388.505972034315,5.45583457667868
 12/12  09:15:00,2357.435138118041,7.510701285711514
 12/12  09:30:00,2500.7462264388632,9.766114636881106
 12/12  09:45:00,2512.105398695976,13.914506110793875
 12/12  10:00:00,4543.152051441224,18.06753788082525
 12/12  10:15:00,3004.71699541596,22.212329801035537
 12/12  10:30:00,3043.8626406856056,26.356778457963
 12/12  10:45:00,3035.8675610791547,29.363259980913245
 12/12  11:00:00,3011.697098267025,32.370070371630504
 12/12  11:15:00,7951.118302746166,35.376489595262896
 12/12  11:30:00,7203.54189144056,38.38251606923239
 12/12  11:45:00,3800.0334982559584,39.49384816382633
 12/12  12:00:00,3049.5290489767576,40.607486367079844
 12/12  12:15:00,601.9276111192423,41.7335538929561
 12/12  12:30:00,722.5462351139465,42.8606650804557
 12/12  12:45:00,824.9092938913502,42.096476536771036
 12/12  13:00:00,969.3131643439006,41.336078477256564
 12/12  13:15:00,1097.7750214315204,40.565401659817184
 12/12  13:30:00,1033.5945119740968,39.7965997145224
 12/12  13:45:00,1094.824213191914,36.95245021445964
 12/12  14:00:00,1087.1872428137387,34.11472747715576
 12/12  14:15:00,1100.9591319502454,31.288293235636786
 12/12  14:30:00,1100.8501851458343,28.465132348766357
 12/12  14:45:00,1104.0555421680097,24.51541450626468
 12/12  15:00:00,1111.2813836877397,20.571158178663488
 12/12  15:15:00,1114.6576355660704,16.620433983796634
 12/12  15:30:00,1113.0259823012184,12.678762943673014
 12/12  15:45:00,1108.2179182250868,9.869077913793646
 12/12  16:00:00,1107.6761001382815,7.06539152265313
 12/12  16:15:00,4029.725300203752,4.270224239583126
 12/12  16:30:00,3461.5635564485906,0.0
 12/12  16:45:00,3249.392953058968,0.0
 12/12  17:00:00,3095.720142919276,0.0
 12/12  17:15:00,8139.102637867752,0.0
 12/12  17:30:00,7204.848782725434,0.0
 12/12  17:45:00,3951.65568838423,0.0
 12/12  18:00:00,3338.682313764535,0.0
 12/12  18:15:00,3103.10153840654,0.0
 12/12  18:30:00,4654.136370948323,0.0
 12/12  18:45:00,6348.200264612811,0.0
 12/12  19:00:00,6289.478039840903,0.0
 12/12  19:15:00,5007.426539758385,0.0
 12/12  19:30:00,4420.6099701379535,0.0
 12/12  19:45:00,2920.3628447792594,0.0
 12/12  20:00:00,2978.9542335362958,0.0
 12/12  20:15:00,2997.145684109366,0.0
 12/12  20:30:00,2973.2770623737542,0.0
 12/12  20:45:00,2985.54141245714,0.0
 12/12  21:00:00,3008.2663449796228,0.0
 12/12  21:15:00,2998.0086382875197,0.0
 12/12  21:30:00,2952.0063663481687,0.0
 12/12  21:45:00,2945.7986613989647,0.0
 12/12  22:00:00,2978.813062331264,0.0
 12/12  22:15:00,2979.887210658156,0.0
 12/12  22:30:00,2948.1434193686914,0.0
 12/12  22:45:00,2924.791923913116,0.0
 12/12  23:00:00,2935.68998343685,0.0
 12/12  23:15:00,552.4169238572771,0.0
 12/12  23:30:00,458.0287917055031,0.0
 12/12  23:45:00,465.41836102315057,0.0
 12/12  24:00:00,504.63999483460543,0.0
 12/13  00:15:00,2451.7001084359817,0.0
 12/13  00:30:00,1755.585073948987,0.0
 12/13  00:45:00,2010.3636439379936,0.0
 12/13  01:00:00,575.3577350096938,0.0
 12/13  01:15:00,585.6503561564816,0.0
 12/13  01:30:00,618.4697096942767,0.0
 12/13  01:45:00,615.637345888194,0.0
 12/13  02:00:00,585.1750952519561,0.0
 12/13  02:15:00,589.5922943632722,0.0
 12/13  02:30:00,636.3054265517918,0.0
 12/13  02:45:00,642.2239827692495,0.0
 12/13  03:00:00,614.6398321023765,0.0
 12/13  03:15:00,603.7475802470451,0.0
 12/13  03:30:00,627.0726029467684,0.0
 12/13  03:45:00,658.7466622688959,0.0
 12/13  04:00:00,657.3565344843943,0.0
 12/13  04:15:00,620.7808199420905,0.0
 12/13  04:30:00,624.7578765228044,0.0
 12/13  04:45:00,667.5697527745784,0.0
 12/13  05:00:00,676.8988323137279,0.0
 12/13  05:15:00,651.3630302510187,0.0
 12/13  05:30:00,633.2754939365212,0.0
 12/13  05:45:00,650.6507683054353,0.0
 12/13  06:00:00,681.9737643089833,0.0
 12/13  06:15:00,697.5740520047251,0.0
 12/13  06:30:00,915.3393341760334,0.0
 12/13  06:45:00,681.003513025448,0.0
 12/13  07:00:00,680.3853445890215,0.0
 12/13  07:15:00,680.6700185401937,0.0
 12/13  07:30:00,681.9643855339632,0.0
 12/13  07:45:00,636.8132602139247,0.0
 12/13  08:00:00,638.046008842475,0.0
 12/13  08:15:00,675.126616148343,0.0
 12/13  08:30:00,703.7359750135051,0.0
 12/13  08:45:00,3271.069390420369,8.088010798241696
 12/13  09:00:00,4142.157575000631,16.69429277994049
 12/13  09:15:00,2147.906374135613,34.92624183781998
 12/13  09:30:00,2244.332355087529,46.18277297802244
 12/13  09:45:00,2236.7740216862176,57.43684099587636
 12/13  10:00:00,4239.109533021501,60.12550709873024
 12/13  10:15:00,2708.715082958437,69.95803869563683
 12/13  10:30:00,2750.001695001766,80.03066092691098
 12/13  10:45:00,2744.421976370879,77.33260460166252
 12/13  11:00:00,2723.1384621068246,75.37967475528664
 12/13  11:15:00,7945.054110219622,73.84545732531768
 12/13  11:30:00,6471.008672414635,72.60478194941805
 12/13  11:45:00,3445.250159680428,74.58150400616888
 12/13  12:00:00,2769.0161848087605,76.84802888297348
 12/13  12:15:00,350.5929906081617,79.38254417185519
 12/13  12:30:00,413.7303316315765,82.19903921993182
 12/13  12:45:00,484.749163789721,125.4944724136692
 12/13  13:00:00,530.5000454686024,157.86202358061567
 12/13  13:15:00,526.1284252935025,204.75676475716173
 12/13  13:30:00,499.1963342613439,236.1676195321495
 12/13  13:45:00,515.3205142023007,193.09255408851357
 12/13  14:00:00,571.6822349176151,151.24202706473733
 12/13  14:15:00,588.1894920162231,97.63594291955754
 12/13  14:30:00,568.2045246976534,52.274500901566356
 12/13  14:45:00,570.0933986571249,43.987995802929504
 12/13  15:00:00,602.3365626382176,35.833875658114316
 12/13  15:15:00,633.4602653098208,27.8296142614458
 12/13  15:30:00,629.5763400150498,21.022095894248224
 12/13  15:45:00,603.3944455605476,16.328964282208094
 12/13  16:00:00,609.8331660870896,11.633650625345513
 12/13  16:15:00,3929.3431451811007,6.936053444594926
 12/13  16:30:00,3224.379635862309,0.0
 12/13  16:45:00,3009.3136878968157,0.0
 12/13  17:00:00,2860.925955411524,0.0
 12/13  17:15:00,8134.192329785492,0.0
 12/13  17:30:00,6651.751756913378,0.0
 12/13  17:45:00,3648.3873400934863,0.0
 12/13  18:00:00,3123.814545011985,0.0
 12/13  18:15:00,2892.244587382703,0.0
 12/13  18:30:00,4446.943234127391,0.0
 12/13  18:45:00,6152.7362363686125,0.0
 12/13  19:00:00,6094.82073807352,0.0
 12/13  19:15:00,4816.455444550928,0.0
 12/13  19:30:00,4234.545884717481,0.0
 12/13  19:45:00,2743.3709168427004,0.0
 12/13  20:00:00,2800.912975483551,0.0
 12/13  20:15:00,2822.119344525171,0.0
 12/13  20:30:00,2800.829417551556,0.0
 12/13  20:45:00,2815.3358759209227,0.0
 12/13  21:00:00,2840.6746866852045,0.0
 12/13  21:15:00,2832.473021318734,0.0
 12/13  21:30:00,2789.459364476959,0.0
 12/13  21:45:00,2785.308465212322,0.0
 12/13  22:00:00,2821.335430645939,0.0
 12/13  22:15:00,2825.0171459248904,0.0
 12/13  22:30:00,2795.24363132033,0.0
 12/13  22:45:00,2775.3270733362374,0.0
 12/13  23:00:00,2788.249023998942,0.0
 12/13  23:15:00,482.6205658340282,0.0
 12/13  23:30:00,343.9082916314038,0.0
 12/13  23:45:00,343.2806597804004,0.0
 12/13  24:00:00,373.58820559247175,0.0
 12/14  00:15:00,2097.734157985271,0.0
 12/14  00:30:00,1192.139334230706,0.0
 12/14  00:45:00,379.1840759046575,0.0
 12/14  01:00:00,378.2230708132354,0.0
 12/14  01:15:00,365.5466540587423,0.0
 12/14  01:30:00,439.39768364631743,0.0
 12/14  01:45:00,460.39626105008097,0.0
 12/14  02:00:00,430.820940427218,0.0
 12/14  02:15:00,444.327130742789,0.0
 12/14  02:30:00,493.1772461557707,0.0
 12/14  02:45:00,501.87133823970703,0.0
 12/14  03:00:00,476.3508916211213,0.0
 12/14  03:15:00,467.2626461847936,0.0
 12/14  03:30:00,491.611414765012,0.0
 12/14  03:45:00,524.4801901133243,0.0
 12/14  04:00:00,524.156053423838,0.0
 12/14  04:15:00,487.3094374390328,0.0
 12/14  04:30:00,490.4368177341687,0.0
 12/14  04:45:00,532.9902782077555,0.0
 12/14  05:00:00,541.4451541667243,0.0
 12/14  05:15:00,515.1592289166194,0.0
 12/14  05:30:00,498.0137486955075,0.0
 12/14  05:45:00,513.9864494818693,0.0
 12/14  06:00:00,546.0644969243931,0.0
 12/14  06:15:00,563.7599668033528,0.0
 12/14  06:30:00,785.6105577748484,0.0
 12/14  06:45:00,554.5431959931789,0.0
 12/14  07:00:00,557.0886050211758,0.0
 12/14  07:15:00,557.7199159598119,0.0
 12/14  07:30:00,558.0771134294837,0.0
 12/14  07:45:00,513.0207089869222,0.0
 12/14  08:00:00,513.5051468725524,0.0
 12/14  08:15:00,546.9399938118348,0.0
 12/14  08:30:00,2842.782814511057,0.0
 12/14  08:45:00,2553.6669443254477,2.917413806174815
 12/14  09:00:00,3998.3732561440975,5.055054188915496
 12/14  09:15:00,2036.1000170492637,6.92550801328498
 12/14  09:30:00,2130.9264559945377,8.979645233778339
 12/14  09:45:00,4138.508488813439,13.10302255751193
 12/14  10:00:00,3993.622263367127,17.22579087240223
 12/14  10:15:00,2532.5784592777964,21.351229077769386
 12/14  10:30:00,2574.039982364909,25.476701919504265
 12/14  10:45:00,2584.4875886089453,28.470089392311507
 12/14  11:00:00,2564.6803725756413,31.46388757901839
 12/14  11:15:00,2533.2421800423845,34.46372291740146
 12/14  11:30:00,2535.34863810768,37.46453436728681
 12/14  11:45:00,2572.2267611290054,38.768791326754126
 12/14  12:00:00,2569.178571614552,40.07589651033866
 12/14  12:15:00,2028.5480690212785,41.363190623039365
 12/14  12:30:00,2034.0967484480184,42.65010773772141
 12/14  12:45:00,2065.146403783232,41.67832916150136
 12/14  13:00:00,2087.7739988946432,40.711929322989164
 12/14  13:15:00,2651.5882604437097,39.768180549716135
 12/14  13:30:00,2534.225423704039,38.8260674912199
 12/14  13:45:00,2509.525647706804,36.19519439025614
 12/14  14:00:00,2544.295359445566,33.56867890526811
 12/14  14:15:00,2530.088393519187,30.946565158406884
 12/14  14:30:00,2481.147599020425,28.327074692382872
 12/14  14:45:00,2465.3996018228177,24.39834707045497
 12/14  15:00:00,2486.5009250987464,20.47458207933537
 12/14  15:15:00,2504.471006535088,16.549816171773557
 12/14  15:30:00,2489.0966328320296,12.63074068085536
 12/14  15:45:00,2451.23717763184,9.83634585329189
 12/14  16:00:00,2447.7255315736816,7.045294509677671
 12/14  16:15:00,2906.4355270616,4.260879709052865
 12/14  16:30:00,2906.304908968727,0.0
 12/14  16:45:00,2734.8511913973066,0.0
 12/14  17:00:00,2604.394829443003,0.0
 12/14  17:15:00,2618.4784482707946,0.0
 12/14  17:30:00,8154.527725008564,0.0
 12/14  17:45:00,6413.973303612637,0.0
 12/14  18:00:00,3526.394647081505,0.0
 12/14  18:15:00,2726.6028767338494,0.0
 12/14  18:30:00,2655.911757679364,0.0
 12/14  18:45:00,5840.659986027233,0.0
 12/14  19:00:00,5857.808584235721,0.0
 12/14  19:15:00,4595.39683566141,0.0
 12/14  19:30:00,4007.850450564948,0.0
 12/14  19:45:00,2661.8068206134285,0.0
 12/14  20:00:00,2595.5156541437063,0.0
 12/14  20:15:00,8124.544998871694,0.0
 12/14  20:30:00,6210.852040232678,0.0
 12/14  20:45:00,3044.779267728454,0.0
 12/14  21:00:00,2636.9189527269286,0.0
 12/14  21:15:00,2589.4018677415074,0.0
 12/14  21:30:00,2538.3018928556926,0.0
 12/14  21:45:00,2535.317984527709,0.0
 12/14  22:00:00,2573.7824202455818,0.0
 12/14  22:15:00,2575.235292870907,0.0
 12/14  22:30:00,2543.9164994157645,0.0
 12/14  22:45:00,2522.172820541082,0.0
 12/14  23:00:00,2534.0502729668247,0.0
 12/14  23:15:00,2215.966148255995,0.0
 12/14  23:30:00,141.01540468334582,0.0
 12/14  23:45:00,98.15564758474672,0.0
 12/14  24:00:00,98.22139992679396,0.0
 12/15  00:15:00,2004.375943516498,0.0
 12/15  00:30:00,1939.4245453462336,0.0
 12/15  00:45:00,208.1268724571608,0.0
 12/15  01:00:00,195.93311591868363,0.0
 12/15  01:15:00,270.1589172384942,0.0
 12/15  01:30:00,241.9837343787936,0.0
 12/15  01:45:00,285.5720104785232,0.0
 12/15  02:00:00,248.7610457852819,0.0
 12/15  02:15:00,124.38694684002542,0.0
 12/15  02:30:00,194.08609029602516,0.0
 12/15  02:45:00,197.1633310584752,0.0
 12/15  03:00:00,187.5252079504624,0.0
 12/15  03:15:00,181.76346069306427,0.0
 12/15  03:30:00,210.3299097059109,0.0
 12/15  03:45:00,242.2184845746985,0.0
 12/15  04:00:00,242.1792108351665,0.0
 12/15  04:15:00,207.5594915164968,0.0
 12/15  04:30:00,212.4500292500479,0.0
 12/15  04:45:00,257.02623872401057,0.0
 12/15  05:00:00,267.8959336546432,0.0
 12/15  05:15:00,245.4418747373616,0.0
 12/15  05:30:00,232.7928648370091,0.0
 12/15  05:45:00,252.9383282665657,0.0
 12/15  06:00:00,289.1642448856137,0.0
 12/15  06:15:00,308.7716956195813,0.0
 12/15  06:30:00,531.4781106175458,0.0
 12/15  06:45:00,301.23705526741423,0.0
 12/15  07:00:00,304.6772202606419,0.0
 12/15  07:15:00,308.9108065210402,0.0
 12/15  07:30:00,313.3504210341822,0.0
 12/15  07:45:00,271.8391907616385,0.0
 12/15  08:00:00,276.8778720323756,0.0
 12/15  08:15:00,313.91485800008627,0.0
 12/15  08:30:00,2830.832786029518,0.0
 12/15  08:45:00,2414.7074082083727,0.0
 12/15  09:00:00,3822.3044267125088,5.0488945906356655
 12/15  09:15:00,1876.1876922375643,6.923684533788154
 12/15  09:30:00,1959.0663980576928,8.979593499649685
 12/15  09:45:00,3954.246411503521,13.106620803185166
 12/15  10:00:00,3822.960730222086,17.235205586249116
 12/15  10:15:00,2370.5878358884875,21.372523186942345
 12/15  10:30:00,2403.930871838477,25.514335141071346
 12/15  10:45:00,2416.156136754775,28.52662309653064
 12/15  11:00:00,2398.443365279812,31.543265600065247
 12/15  11:15:00,2368.9317484833314,34.563384667444176
 12/15  11:30:00,2373.111305229955,37.58704637289178
 12/15  11:45:00,2411.6481618008665,38.721282729173105
 12/15  12:00:00,2410.8035508744515,39.85979819813133
 12/15  12:15:00,1878.4561744197304,41.002946402727325
 12/15  12:30:00,1869.0050347300455,42.1484643011553
 12/15  12:45:00,1896.2261911178423,41.40131655634249
 12/15  13:00:00,1918.2472952256096,40.65702292784521
 12/15  13:15:00,2478.1557347386297,39.901314403124964
 12/15  13:30:00,2387.899475686297,39.147461564623256
 12/15  13:45:00,2369.3390774032323,36.501578541807206
 12/15  14:00:00,2407.8917724393705,33.86070127543085
 12/15  14:15:00,2396.282085280524,31.21225586492571
 12/15  14:30:00,2348.8883264766782,28.566273229078906
 12/15  14:45:00,2335.636136880856,24.600180332812883
 12/15  15:00:00,2358.5435776387703,20.639589637337856
 12/15  15:15:00,2379.769504153905,16.690725640102727
 12/15  15:30:00,2367.822070524523,12.743918960249385
 12/15  15:45:00,2334.122222295004,9.928847633694971
 12/15  16:00:00,2334.783506327406,7.1146999157501405
 12/15  16:15:00,2793.5685464588764,4.3024157209902265
 12/15  16:30:00,2791.7586781097298,0.0
 12/15  16:45:00,2618.9864196306607,0.0
 12/15  17:00:00,2487.6456490228047,0.0
 12/15  17:15:00,2503.560298370204,0.0
 12/15  17:30:00,8153.06672500911,0.0
 12/15  17:45:00,6262.205925240388,0.0
 12/15  18:00:00,3401.3362995709163,0.0
 12/15  18:15:00,2607.503358910932,0.0
 12/15  18:30:00,2541.1094328826484,0.0
 12/15  18:45:00,5726.860529321674,0.0
 12/15  19:00:00,5754.931417073711,0.0
 12/15  19:15:00,4494.964939799796,0.0
 12/15  19:30:00,3909.2309144223286,0.0
 12/15  19:45:00,2484.4994928075494,0.0
 12/15  20:00:00,2486.042306397955,0.0
 12/15  20:15:00,8123.472585055088,0.0
 12/15  20:30:00,6120.4496959810485,0.0
 12/15  20:45:00,2953.181408540726,0.0
 12/15  21:00:00,2537.6687271426995,0.0
 12/15  21:15:00,2494.9002424023647,0.0
 12/15  21:30:00,2452.2068328489936,0.0
 12/15  21:45:00,2453.875347901813,0.0
 12/15  22:00:00,2493.2018380605805,0.0
 12/15  22:15:00,2495.16402399408,0.0
 12/15  22:30:00,2462.668216522657,0.0
 12/15  22:45:00,2439.475080334026,0.0
 12/15  23:00:00,2449.8497565472803,0.0
 12/15  23:15:00,2156.479094742955,0.0
 12/15  23:30:00,88.12167296113066,0.0
 12/15  23:45:00,97.72212416403376,0.0
 12/15  24:00:00,97.7376894230608,0.0
 12/16  00:15:00,189.1207864890402,0.0
 12/16  00:30:00,983.014013045955,0.0
 12/16  00:45:00,155.4642884567782,0.0
 12/16  01:00:00,143.23737307752566,0.0
 12/16  01:15:00,217.337663657179,0.0
 12/16  01:30:00,189.29705153009664,0.0
 12/16  01:45:00,180.16986294370204,0.0
 12/16  02:00:00,143.44221393657332,0.0
 12/16  02:15:00,1122.35069831308,0.0
 12/16  02:30:00,1377.2499065206987,0.0
 12/16  02:45:00,242.28117148453816,0.0
 12/16  03:00:00,158.96427004120295,0.0
 12/16  03:15:00,184.3806181132064,0.0
 12/16  03:30:00,169.599278292767,0.0
 12/16  03:45:00,233.75085962065023,0.0
 12/16  04:00:00,231.43703723735655,0.0
 12/16  04:15:00,194.7055962000393,0.0
 12/16  04:30:00,197.0398817121641,0.0
 12/16  04:45:00,239.41226002444503,0.0
 12/16  05:00:00,247.6287283043569,0.0
 12/16  05:15:00,229.14555628033645,0.0
 12/16  05:30:00,220.31859431979208,0.0
 12/16  05:45:00,245.32170096851223,0.0
 12/16  06:00:00,286.77632125852915,0.0
 12/16  06:15:00,307.9024742780798,0.0
 12/16  06:30:00,531.9641463518072,0.0
 12/16  06:45:00,302.8163899911267,0.0
 12/16  07:00:00,307.87953920396745,0.0
 12/16  07:15:00,314.630576011067,0.0
 12/16  07:30:00,322.15243813548324,0.0
 12/16  07:45:00,283.6051523496694,0.0
 12/16  08:00:00,291.9810845130403,0.0
 12/16  08:15:00,329.8662356373996,0.0
 12/16  08:30:00,346.3022861570217,0.0
 12/16  08:45:00,3169.31217342998,0.0
 12/16  09:00:00,3875.968947783615,13.405471664954357
 12/16  09:15:00,1889.344624473603,25.694397064905214
 12/16  09:30:00,1966.7145028600264,33.79718588506378
 12/16  09:45:00,1964.2519908090312,62.32956955552623
 12/16  10:00:00,3900.076071111825,84.53371486063473
 12/16  10:15:00,2389.1976519379004,107.72570028251285
 12/16  10:30:00,2400.456169368002,131.94278859903304
 12/16  10:45:00,2386.2242282820066,160.67887899793513
 12/16  11:00:00,2354.1614272353536,179.62788581538538
 12/16  11:15:00,7939.9730819664655,199.93147743232007
 12/16  11:30:00,5941.489982765788,221.04380903276788
 12/16  11:45:00,3023.026508714102,223.7025949274616
 12/16  12:00:00,2381.6888548705565,226.24396293030432
 12/16  12:15:00,103.96235288745709,228.61284632218326
 12/16  12:30:00,97.87651323467064,230.96837537648213
 12/16  12:45:00,125.50524602441304,226.93455478849043
 12/16  13:00:00,143.92224290764568,223.10249568068502
 12/16  13:15:00,128.57851786960413,219.0753399062332
 12/16  13:30:00,97.8965153415334,215.23244004151226
 12/16  13:45:00,100.95173737776616,200.45212012343853
 12/16  14:00:00,143.86686331597144,186.05938761766885
 12/16  14:15:00,196.46149882495368,172.2880215385531
 12/16  14:30:00,107.0422827621575,158.79044121316613
 12/16  14:45:00,97.86230166563932,138.81573279392205
 12/16  15:00:00,122.4394443431643,107.77935010070024
 12/16  15:15:00,143.94739730255463,89.51585832534276
 12/16  15:30:00,184.3809708211789,71.83247416103536
 12/16  15:45:00,98.0287798803727,54.449428530522404
 12/16  16:00:00,98.10934058602248,36.64763646713253
 12/16  16:15:00,3359.7810352901733,18.705181648844
 12/16  16:30:00,2853.7034301049616,0.0
 12/16  16:45:00,2649.22385159237,0.0
 12/16  17:00:00,2508.1600468067336,0.0
 12/16  17:15:00,8129.6374275975795,0.0
 12/16  17:30:00,6177.574421267691,0.0
 12/16  17:45:00,3273.987396467352,0.0
 12/16  18:00:00,2786.405362465767,0.0
 12/16  18:15:00,2555.1420633689613,0.0
 12/16  18:30:00,4108.462573425255,0.0
 12/16  18:45:00,5833.555456475676,0.0
 12/16  19:00:00,5777.691184752995,0.0
 12/16  19:15:00,4504.855169087148,0.0
 12/16  19:30:00,3928.489180217104,0.0
 12/16  19:45:00,2449.9161921813384,0.0
 12/16  20:00:00,2491.965067948748,0.0
 12/16  20:15:00,2515.3573369082706,0.0
 12/16  20:30:00,2497.524744954392,0.0
 12/16  20:45:00,2516.1939885202555,0.0
 12/16  21:00:00,2544.6882654280266,0.0
 12/16  21:15:00,2540.166126658054,0.0
 12/16  21:30:00,2500.942853494747,0.0
 12/16  21:45:00,2500.9308681816246,0.0
 12/16  22:00:00,2541.165479315213,0.0
 12/16  22:15:00,2547.757487543529,0.0
 12/16  22:30:00,2520.579826573433,0.0
 12/16  22:45:00,2502.0468107575834,0.0
 12/16  23:00:00,2517.4220670503864,0.0
 12/16  23:15:00,345.3772623814788,0.0
 12/16  23:30:00,141.15234542341042,0.0
 12/16  23:45:00,98.14442190841116,0.0
 12/16  24:00:00,151.00897457722886,0.0
 12/17  00:15:00,144.47837996913526,0.0
 12/17  00:30:00,280.764754848962,0.0
 12/17  00:45:00,206.89131484313629,0.0
 12/17  01:00:00,203.1146815975592,0.0
 12/17  01:15:00,230.30356778244575,0.0
 12/17  01:30:00,261.8224325416775,0.0
 12/17  01:45:00,259.3340839154007,0.0
 12/17  02:00:00,229.62506202619676,0.0
 12/17  02:15:00,241.32495202858584,0.0
 12/17  02:30:00,296.1422672349762,0.0
 12/17  02:45:00,311.9475044236862,0.0
 12/17  03:00:00,294.5864246424812,0.0
 12/17  03:15:00,291.9854938075864,0.0
 12/17  03:30:00,322.48611728429785,0.0
 12/17  03:45:00,362.67043742645694,0.0
 12/17  04:00:00,368.5715890495426,0.0
 12/17  04:15:00,339.3030917025088,0.0
 12/17  04:30:00,349.84605281789777,0.0
 12/17  04:45:00,399.1807076784041,0.0
 12/17  05:00:00,414.9442380537725,0.0
 12/17  05:15:00,397.649725782562,0.0
 12/17  05:30:00,389.02191495702334,0.0
 12/17  05:45:00,414.205714463776,0.0
 12/17  06:00:00,454.76169459793823,0.0
 12/17  06:15:00,478.86214337178296,0.0
 12/17  06:30:00,705.9302613032271,0.0
 12/17  06:45:00,480.2344625032088,0.0
 12/17  07:00:00,488.13421093268175,0.0
 12/17  07:15:00,492.11572680717467,0.0
 12/17  07:30:00,495.8520338145563,0.0
 12/17  07:45:00,454.0620216288644,0.0
 12/17  08:00:00,457.3306647582226,0.0
 12/17  08:15:00,494.6417829407408,0.0
 12/17  08:30:00,508.84429532735567,0.0
 12/17  08:45:00,3205.926451394024,0.0
 12/17  09:00:00,3988.435803470273,26.94333749601811
 12/17  09:15:00,1986.98586824278,59.80051363680998
 12/17  09:30:00,2063.829296401495,82.8928433968474
 12/17  09:45:00,2048.3378756473385,131.15513246430902
 12/17  10:00:00,3990.601686896719,169.45858142402184
 12/17  10:15:00,2451.416701876154,210.81726270086142
 12/17  10:30:00,2451.1155107173736,254.5052340015955
 12/17  10:45:00,2428.162286572649,296.86383697834407
 12/17  11:00:00,2389.3918274401326,329.21412247849673
 12/17  11:15:00,7940.1588482739135,361.7830850781366
 12/17  11:30:00,5955.480918185115,394.3183657812478
 12/17  11:45:00,3027.859744804391,399.3247123360544
 12/17  12:00:00,2375.865157185483,403.2611649235396
 12/17  12:15:00,51.30950880483834,405.3017224265174
 12/17  12:30:00,97.65015728325037,405.75843433967714
 12/17  12:45:00,125.31758373536208,417.14084460762933
 12/17  13:00:00,143.7776366428956,426.280155195937
 12/17  13:15:00,128.49610391871136,435.549754325904
 12/17  13:30:00,97.83806130434166,443.00074057523216
 12/17  13:45:00,100.89416162445433,420.613711461712
 12/17  14:00:00,143.80165906775838,398.1943701293044
 12/17  14:15:00,143.76586367054307,375.1812573379593
 12/17  14:30:00,106.92471716982575,351.7405869482658
 12/17  14:45:00,97.69491516730892,311.40407883822024
 12/17  15:00:00,122.2044152308119,271.932683257651
 12/17  15:15:00,143.6758698895704,233.3755508280745
 12/17  15:30:00,131.41813750834783,196.24147440832834
 12/17  15:45:00,97.692509052924,151.29043813705002
 12/17  16:00:00,97.7497236098865,94.16331830165862
 12/17  16:15:00,3140.0540623275647,49.62405275752946
 12/17  16:30:00,2781.683146211365,0.0
 12/17  16:45:00,2581.406788697227,0.0
 12/17  17:00:00,2440.538230684362,0.0
 12/17  17:15:00,8129.095219594757,0.0
 12/17  17:30:00,6112.359334399604,0.0
 12/17  17:45:00,3206.95768257229,0.0
 12/17  18:00:00,2712.9912549110413,0.0
 12/17  18:15:00,2479.344149882579,0.0
 12/17  18:30:00,4030.955349182063,0.0
 12/17  18:45:00,5759.908599407493,0.0
 12/17  19:00:00,5702.769747753324,0.0
 12/17  19:15:00,4431.664444275679,0.0
 12/17  19:30:00,3857.511719613452,0.0
 12/17  19:45:00,2381.3378787315187,0.0
 12/17  20:00:00,2419.867728881952,0.0
 12/17  20:15:00,2445.274318711411,0.0
 12/17  20:30:00,2429.75055531696,0.0
 12/17  20:45:00,2450.6598518665737,0.0
 12/17  21:00:00,2481.712661210273,0.0
 12/17  21:15:00,2479.311312611229,0.0
 12/17  21:30:00,2442.300910677644,0.0
 12/17  21:45:00,2444.7403223635297,0.0
 12/17  22:00:00,2487.307619950789,0.0
 12/17  22:15:00,2493.76875229989,0.0
 12/17  22:30:00,2465.354338883177,0.0
 12/17  22:45:00,2445.841919424368,0.0
 12/17  23:00:00,2459.990047834832,0.0
 12/17  23:15:00,292.5207991550101,0.0
 12/17  23:30:00,193.41033021679323,0.0
 12/17  23:45:00,98.06602561136268,0.0
 12/17  24:00:00,98.1420299279089,0.0
 12/18  00:15:00,1105.5268009863737,0.0
 12/18  00:30:00,203.5120206629615,0.0
 12/18  00:45:00,169.81123945075652,0.0
 12/18  01:00:00,210.20435998508293,0.0
 12/18  01:15:00,123.58617938449348,0.0
 12/18  01:30:00,248.42226306342468,0.0
 12/18  01:45:00,223.14333354694048,0.0
 12/18  02:00:00,199.89069325596904,0.0
 12/18  02:15:00,207.793799950354,0.0
 12/18  02:30:00,258.2888924032072,0.0
 12/18  02:45:00,268.28919808255586,0.0
 12/18  03:00:00,244.8538013924358,0.0
 12/18  03:15:00,236.62063909849445,0.0
 12/18  03:30:00,262.20968361059715,0.0
 12/18  03:45:00,296.6852072757159,0.0
 12/18  04:00:00,297.9602413208937,0.0
 12/18  04:15:00,263.8149575062663,0.0
 12/18  04:30:00,269.4311389481202,0.0
 12/18  04:45:00,314.88179357326686,0.0
 12/18  05:00:00,326.2620159504106,0.0
 12/18  05:15:00,302.65944055446005,0.0
 12/18  05:30:00,287.6449298383628,0.0
 12/18  05:45:00,306.3301693157154,0.0
 12/18  06:00:00,340.0683882526429,0.0
 12/18  06:15:00,359.8615099168977,0.0
 12/18  06:30:00,582.8554367547881,0.0
 12/18  06:45:00,353.2834198181688,0.0
 12/18  07:00:00,357.477504190266,0.0
 12/18  07:15:00,360.5050839095641,0.0
 12/18  07:30:00,363.3086102848015,0.0
 12/18  07:45:00,320.68662975704194,0.0
 12/18  08:00:00,323.5289950358325,0.0
 12/18  08:15:00,360.2647541318497,0.0
 12/18  08:30:00,375.6690106873003,0.0
 12/18  08:45:00,3135.216306418153,0.0
 12/18  09:00:00,3898.1901324285736,4.333514469938146
 12/18  09:15:00,1910.8178659302205,6.259804264344891
 12/18  09:30:00,1986.6735976920147,8.346388344259447
 12/18  09:45:00,1984.7788376519077,12.533720999717868
 12/18  10:00:00,3932.999890842621,16.7239227345056
 12/18  10:15:00,2424.720327794163,20.909156831948618
 12/18  10:30:00,2450.8603312197747,25.094390087873496
 12/18  10:45:00,2450.006806919388,28.131046801658744
 12/18  11:00:00,2430.865042721203,31.168597541634625
 12/18  11:15:00,7940.891249168266,34.214729832792635
 12/18  11:30:00,6026.719400277356,37.261856337508
 12/18  11:45:00,3118.120388193146,38.58698671925713
 12/18  12:00:00,2491.1381778168625,39.91521336339349
 12/18  12:15:00,104.84936501282418,41.23911704951704
 12/18  12:30:00,226.2959531238,42.56377588983018
 12/18  12:45:00,250.2044767852095,41.78571814558804
 12/18  13:00:00,287.1169328910647,41.01240678591915
 12/18  13:15:00,287.8518293312863,40.24078838082098
 12/18  13:30:00,273.7406777653558,39.47083293447
 12/18  13:45:00,291.2476110993315,36.79343691069806
 12/18  14:00:00,346.7383657915375,34.12145499506184
 12/18  14:15:00,357.5951645944912,31.454934089877522
 12/18  14:30:00,330.8156076511918,28.79081714803489
 12/18  14:45:00,331.1622036017777,24.79591622278039
 12/18  15:00:00,366.8755775825003,20.806161845676908
 12/18  15:15:00,398.6757034376092,16.82329782445198
 12/18  15:30:00,397.4645063533035,12.843656869404136
 12/18  15:45:00,374.6252368687721,10.005401592179552
 12/18  16:00:00,383.881745459886,7.168683020277874
 12/18  16:15:00,3746.921780297412,4.333630410985658
 12/18  16:30:00,3026.8957615794448,0.0
 12/18  16:45:00,2807.1713107623127,0.0
 12/18  17:00:00,2657.708557496455,0.0
 12/18  17:15:00,8131.290166282602,0.0
 12/18  17:30:00,6309.488756285728,0.0
 12/18  17:45:00,3400.119662576249,0.0
 12/18  18:00:00,2918.063757088943,0.0
 12/18  18:15:00,2684.795470631117,0.0
 12/18  18:30:00,4237.374451757913,0.0
 12/18  18:45:00,5952.7619433859,0.0
 12/18  19:00:00,5894.899490970451,0.0
 12/18  19:15:00,4619.5766753914695,0.0
 12/18  19:30:00,4041.6309007123455,0.0
 12/18  19:45:00,2557.529505571864,0.0
 12/18  20:00:00,2607.5627584436493,0.0
 12/18  20:15:00,2630.279003890737,0.0
 12/18  20:30:00,2610.3131096810903,0.0
 12/18  20:45:00,2626.036186224704,0.0
 12/18  21:00:00,2652.6187903995487,0.0
 12/18  21:15:00,2644.855971628132,0.0
 12/18  21:30:00,2602.216102794064,0.0
 12/18  21:45:00,2598.475450512681,0.0
 12/18  22:00:00,2634.7755277027177,0.0
 12/18  22:15:00,2638.453261531105,0.0
 12/18  22:30:00,2609.340824988697,0.0
 12/18  22:45:00,2588.974697855035,0.0
 12/18  23:00:00,2601.672151941501,0.0
 12/18  23:15:00,345.7598939994532,0.0
 12/18  23:30:00,244.04260967574749,0.0
 12/18  23:45:00,215.81580872311244,0.0
 12/18  24:00:00,231.72815994459933,0.0
 12/19  00:15:00,298.7968010475089,0.0
 12/19  00:30:00,316.0126927995076,0.0
 12/19  00:45:00,295.5086518526758,0.0
 12/19  01:00:00,293.07330164009966,0.0
 12/19  01:15:00,324.3942681865592,0.0
 12/19  01:30:00,359.7014668960602,0.0
 12/19  01:45:00,361.1209639221557,0.0
 12/19  02:00:00,334.879649522416,0.0
 12/19  02:15:00,346.0459968343846,0.0
 12/19  02:30:00,399.7845570557423,0.0
 12/19  02:45:00,413.4522816103208,0.0
 12/19  03:00:00,393.63027162538896,0.0
 12/19  03:15:00,385.0049428144589,0.0
 12/19  03:30:00,408.9184227497529,0.0
 12/19  03:45:00,442.2852986382552,0.0
 12/19  04:00:00,440.8272605287802,0.0
 12/19  04:15:00,405.4943092019124,0.0
 12/19  04:30:00,409.6542871150856,0.0
 12/19  04:45:00,453.2468508593293,0.0
 12/19  05:00:00,463.2135195216948,0.0
 12/19  05:15:00,444.7108939551719,0.0
 12/19  05:30:00,434.75610119397743,0.0
 12/19  05:45:00,459.90936914943137,0.0
 12/19  06:00:00,499.2359643769751,0.0
 12/19  06:15:00,518.6457910876576,0.0
 12/19  06:30:00,740.1084510052174,0.0
 12/19  06:45:00,509.1018617984671,0.0
 12/19  07:00:00,511.8779822600008,0.0
 12/19  07:15:00,513.1369778315328,0.0
 12/19  07:30:00,513.9617236937637,0.0
 12/19  07:45:00,470.0753770394021,0.0
 12/19  08:00:00,471.6028520648008,0.0
 12/19  08:15:00,507.5473437660929,0.0
 12/19  08:30:00,522.1493093697259,0.0
 12/19  08:45:00,3189.5108493824264,0.0
 12/19  09:00:00,3989.7069004711975,7.449511128355585
 12/19  09:15:00,2003.041825413365,10.428103265114878
 12/19  09:30:00,2093.255046757361,13.646090647413931
 12/19  09:45:00,2092.352844059419,43.4623664378401
 12/19  10:00:00,4068.470295213265,83.39808137280284
 12/19  10:15:00,2543.420685736783,115.09230427142448
 12/19  10:30:00,2564.404290303132,147.93374884835853
 12/19  10:45:00,2555.7137487011905,134.862425663729
 12/19  11:00:00,2536.620332208594,108.84841071457032
 12/19  11:15:00,7942.291294748438,94.64123823877769
 12/19  11:30:00,6140.110799203179,70.44640435296297
 12/19  11:45:00,3223.9742149115937,72.43479372706949
 12/19  12:00:00,2605.9612372465176,74.68100182485121
 12/19  12:15:00,247.1192174730323,77.19894377093935
 12/19  12:30:00,283.86998692168964,79.99697844731423
 12/19  12:45:00,347.4437007327721,73.35525669095843
 12/19  13:00:00,396.72559007210896,67.1932506162678
 12/19  13:15:00,406.25107965412496,61.38886105919435
 12/19  13:30:00,399.9868725840095,55.86587820992444
 12/19  13:45:00,422.83428705283774,48.23805408784347
 12/19  14:00:00,482.5596171586206,40.91454150565381
 12/19  14:15:00,495.2506554485776,34.65609178847114
 12/19  14:30:00,469.63317765650993,28.752606049509456
 12/19  14:45:00,469.3847092451929,26.853462906235265
 12/19  15:00:00,500.3921253633637,24.95524461351787
 12/19  15:15:00,530.1060787671498,23.066330911030555
 12/19  15:30:00,525.1463829371844,21.18093221807249
 12/19  15:45:00,499.2435518771082,16.24981169739186
 12/19  16:00:00,507.6761392654449,11.324441772226812
 12/19  16:15:00,3852.484588766437,6.4064006328775776
 12/19  16:30:00,3140.0295003047104,0.0
 12/19  16:45:00,2923.9860508011698,0.0
 12/19  17:00:00,2776.19006878056,0.0
 12/19  17:15:00,8132.975892675411,0.0
 12/19  17:30:00,6476.897334837004,0.0
 12/19  17:45:00,3534.6104466489683,0.0
 12/19  18:00:00,3044.7820200608944,0.0
 12/19  18:15:00,2813.647955423996,0.0
 12/19  18:30:00,4367.832842591413,0.0
 12/19  18:45:00,6077.526378761228,0.0
 12/19  19:00:00,6020.537082070186,0.0
 12/19  19:15:00,4745.568729729563,0.0
 12/19  19:30:00,4167.281849351571,0.0
 12/19  19:45:00,2681.298884729201,0.0
 12/19  20:00:00,2738.205966409872,0.0
 12/19  20:15:00,2761.9406514418333,0.0
 12/19  20:30:00,2743.4671582387023,0.0
 12/19  20:45:00,2760.4565977739926,0.0
 12/19  21:00:00,2789.1063184830027,0.0
 12/19  21:15:00,2782.256848625308,0.0
 12/19  21:30:00,2741.484414722768,0.0
 12/19  21:45:00,2738.8795974279315,0.0
 12/19  22:00:00,2777.232264713292,0.0
 12/19  22:15:00,2783.216557727876,0.0
 12/19  22:30:00,2755.9572738685524,0.0
 12/19  22:45:00,2738.6923864201613,0.0
 12/19  23:00:00,2754.694014385444,0.0
 12/19  23:15:00,473.15701890637473,0.0
 12/19  23:30:00,339.18673679275616,0.0
 12/19  23:45:00,337.429166056894,0.0
 12/19  24:00:00,369.4990222911047,0.0
 12/20  00:15:00,2322.909235070865,0.0
 12/20  00:30:00,1636.0478195829296,0.0
 12/20  00:45:00,1903.072447207382,0.0
 12/20  01:00:00,482.000940153249,0.0
 12/20  01:15:00,495.6891197671191,0.0
 12/20  01:30:00,530.9434393972248,0.0
 12/20  01:45:00,530.6531509268783,0.0
 12/20  02:00:00,502.1445217639898,0.0
 12/20  02:15:00,511.89608753420055,0.0
 12/20  02:30:00,564.4774600145029,0.0
 12/20  02:45:00,576.254819218655,0.0
 12/20  03:00:00,554.4001399315218,0.0
 12/20  03:15:00,549.4373675347168,0.0
 12/20  03:30:00,578.0413270973623,0.0
 12/20  03:45:00,615.9413762507569,0.0
 12/20  04:00:00,619.5261454547854,0.0
 12/20  04:15:00,583.866439466758,0.0
 12/20  04:30:00,587.9502100015457,0.0
 12/20  04:45:00,631.1124482054283,0.0
 12/20  05:00:00,641.2163846144075,0.0
 12/20  05:15:00,623.4655892014179,0.0
 12/20  05:30:00,615.0513002983495,0.0
 12/20  05:45:00,640.2391828009164,0.0
 12/20  06:00:00,682.0323206604196,0.0
 12/20  06:15:00,701.2903547698653,0.0
 12/20  06:30:00,925.4972040299256,0.0
 12/20  06:45:00,695.563341683825,0.0
 12/20  07:00:00,700.2280177120265,0.0
 12/20  07:15:00,701.37669515865,0.0
 12/20  07:30:00,702.08632472505,0.0
 12/20  07:45:00,663.8483153181639,0.0
 12/20  08:00:00,677.800457931258,0.0
 12/20  08:15:00,716.0707441775115,0.0
 12/20  08:30:00,729.5615831582664,0.0
 12/20  08:45:00,3235.3758850593586,0.0
 12/20  09:00:00,4124.614167081838,9.145339415831556
 12/20  09:15:00,2144.663644149604,15.224577826829012
 12/20  09:30:00,2259.4438683557746,19.844965245412034
 12/20  09:45:00,2265.194261099404,51.16508700661146
 12/20  10:00:00,4270.645697743392,78.91577786131045
 12/20  10:15:00,2736.950863705311,118.61529280472638
 12/20  10:30:00,2762.8404393440014,149.0621733453492
 12/20  10:45:00,2745.5625314091235,170.02320656906238
 12/20  11:00:00,2712.873002435896,191.61936123047698
 12/20  11:15:00,7944.793214872783,213.85396334244035
 12/20  11:30:00,6395.99419172518,236.51942940940936
 12/20  11:45:00,3385.259337391955,256.3044585507334
 12/20  12:00:00,2703.406295333832,291.98011645960185
 12/20  12:15:00,297.5223294483659,313.5122191782218
 12/20  12:30:00,333.5318094100339,335.0761674928793
 12/20  12:45:00,389.16491218418327,358.7396712201177
 12/20  13:00:00,424.3159860598552,397.47141939731523
 12/20  13:15:00,419.3346528425503,420.3661902903813
 12/20  13:30:00,388.9859886354649,441.76575719941377
 12/20  13:45:00,398.26202847857314,410.5885661458817
 12/20  14:00:00,445.7443390889177,379.1671216973274
 12/20  14:15:00,447.7210832832605,346.414912549734
 12/20  14:30:00,413.3736517135919,313.7859971959478
 12/20  14:45:00,414.6654414573173,275.84267491753684
 12/20  15:00:00,448.03438651820966,223.4723584285121
 12/20  15:15:00,481.3090460427576,187.62767072799653
 12/20  15:30:00,481.79600241868354,153.16969919139032
 12/20  15:45:00,464.774585159814,116.54602278972988
 12/20  16:00:00,488.5124895430621,80.60513014433872
 12/20  16:15:00,3860.3377770456,42.64869307621066
 12/20  16:30:00,3161.711858030841,0.0
 12/20  16:45:00,2962.5552637380115,0.0
 12/20  17:00:00,2824.688803504888,0.0
 12/20  17:15:00,8133.853866401593,0.0
 12/20  17:30:00,6609.404938203932,0.0
 12/20  17:45:00,3622.496887464973,0.0
 12/20  18:00:00,3111.003967231113,0.0
 12/20  18:15:00,2880.9897577055126,0.0
 12/20  18:30:00,4434.907914680714,0.0
 12/20  18:45:00,6142.28074265211,0.0
 12/20  19:00:00,6085.3751707559295,0.0
 12/20  19:15:00,4812.102109239699,0.0
 12/20  19:30:00,4235.9621418612605,0.0
 12/20  19:45:00,2752.454354715236,0.0
 12/20  20:00:00,2814.708361001999,0.0
 12/20  20:15:00,2842.540418640628,0.0
 12/20  20:30:00,2828.3151864616066,0.0
 12/20  20:45:00,2850.286000125967,0.0
 12/20  21:00:00,2882.862315328947,0.0
 12/20  21:15:00,2883.090608397171,0.0
 12/20  21:30:00,2849.068786618808,0.0
 12/20  21:45:00,2853.7343541258115,0.0
 12/20  22:00:00,2898.9383573042405,0.0
 12/20  22:15:00,2907.5680528037037,0.0
 12/20  22:30:00,2881.818391551242,0.0
 12/20  22:45:00,2865.3291281547536,0.0
 12/20  23:00:00,2882.3463094844287,0.0
 12/20  23:15:00,533.795299707421,0.0
 12/20  23:30:00,427.16673922993385,0.0
 12/20  23:45:00,434.6402191847959,0.0
 12/20  24:00:00,476.9100523478208,0.0
 12/21  00:15:00,2153.1681045664254,0.0
 12/21  00:30:00,1249.341467475498,0.0
 12/21  00:45:00,443.2872705155489,0.0
 12/21  01:00:00,447.050354288466,0.0
 12/21  01:15:00,473.42231518256045,0.0
 12/21  01:30:00,588.023288718824,0.0
 12/21  01:45:00,574.0238361961202,0.0
 12/21  02:00:00,555.7442252060102,0.0
 12/21  02:15:00,566.5967857302213,0.0
 12/21  02:30:00,620.7077584011688,0.0
 12/21  02:45:00,634.307740646889,0.0
 12/21  03:00:00,612.2836498465037,0.0
 12/21  03:15:00,606.5147548896151,0.0
 12/21  03:30:00,634.0523137482804,0.0
 12/21  03:45:00,669.1356554413707,0.0
 12/21  04:00:00,671.2961632741716,0.0
 12/21  04:15:00,639.3154456719378,0.0
 12/21  04:30:00,645.8800238648403,0.0
 12/21  04:45:00,692.7675094590269,0.0
 12/21  05:00:00,705.4719825559697,0.0
 12/21  05:15:00,686.1289771925694,0.0
 12/21  05:30:00,674.6840291769101,0.0
 12/21  05:45:00,714.9094439243888,0.0
 12/21  06:00:00,735.8555811349432,0.0
 12/21  06:15:00,762.1016363212807,0.0
 12/21  06:30:00,1005.6068165247476,0.0
 12/21  06:45:00,764.8386976465434,0.0
 12/21  07:00:00,795.7003524574691,0.0
 12/21  07:15:00,850.5109510623166,0.0
 12/21  07:30:00,854.8447468893228,0.0
 12/21  07:45:00,865.6578330746353,0.0
 12/21  08:00:00,889.5053959220804,0.0
 12/21  08:15:00,922.4782341290588,0.0
 12/21  08:30:00,2940.9516132508666,0.0
 12/21  08:45:00,2862.808796451272,0.0
 12/21  09:00:00,4231.709337331796,33.948848157309634
 12/21  09:15:00,2229.3218576777326,54.13075351007582
 12/21  09:30:00,2356.0918757920967,106.49349640581487
 12/21  09:45:00,4409.550557240074,149.56537232180992
 12/21  10:00:00,4257.323826101922,188.14147275890497
 12/21  10:15:00,2782.326422393318,228.97933717244274
 12/21  10:30:00,2812.9558293779864,271.54848738811523
 12/21  10:45:00,2810.713829732568,264.8688446386331
 12/21  11:00:00,2785.6957151034294,257.24138219885367
 12/21  11:15:00,2748.982273335432,248.24952291043397
 12/21  11:30:00,2750.637429743527,223.3577121067131
 12/21  11:45:00,2778.3442174387314,265.3914734525441
 12/21  12:00:00,2762.6020421619355,292.868163969576
 12/21  12:15:00,2210.896501073223,320.37431339525335
 12/21  12:30:00,2208.272715062256,347.5815382578434
 12/21  12:45:00,2242.143730970415,289.496780349191
 12/21  13:00:00,2278.490393783899,215.28639184410295
 12/21  13:15:00,2866.065322051538,142.60030766471786
 12/21  13:30:00,2769.9467198608304,74.44773615606833
 12/21  13:45:00,2756.690753354567,68.64828574923298
 12/21  14:00:00,2802.796829657358,62.98175636162409
 12/21  14:15:00,2793.990392043526,57.53620217987523
 12/21  14:30:00,2749.7912163187425,52.292223089596305
 12/21  14:45:00,2737.713111957362,44.049002465939566
 12/21  15:00:00,2761.3160475419986,35.99270006728306
 12/21  15:15:00,2786.864550705197,28.065264372649438
 12/21  15:30:00,2780.179128719853,21.47872516094251
 12/21  15:45:00,2751.518703181364,16.68029481562687
 12/21  16:00:00,2756.326330660009,11.880137757542165
 12/21  16:15:00,3220.848933833784,7.080128392619692
 12/21  16:30:00,3224.3913947899555,2.3850094488352886
 12/21  16:45:00,2888.987866993934,0.0
 12/21  17:00:00,2933.6199806555783,0.0
 12/21  17:15:00,2953.006336150215,0.0
 12/21  17:30:00,8160.784560831515,0.0
 12/21  17:45:00,7277.3285071103555,0.0
 12/21  18:00:00,4043.4674509419447,0.0
 12/21  18:15:00,3057.7035193469405,0.0
 12/21  18:30:00,3011.6638161244064,0.0
 12/21  18:45:00,6203.968857879651,0.0
 12/21  19:00:00,6215.141138317895,0.0
 12/21  19:15:00,4957.69235879364,0.0
 12/21  19:30:00,4373.773034205995,0.0
 12/21  19:45:00,3261.23649456162,0.0
 12/21  20:00:00,2998.510117386568,0.0
 12/21  20:15:00,8130.62998294803,0.0
 12/21  20:30:00,6610.41807321861,0.0
 12/21  20:45:00,3407.363919846588,0.0
 12/21  21:00:00,3077.5219154995502,0.0
 12/21  21:15:00,3035.460140339613,0.0
 12/21  21:30:00,2992.1188293168198,0.0
 12/21  21:45:00,2997.2166183303525,0.0
 12/21  22:00:00,3043.9005529430115,0.0
 12/21  22:15:00,3055.483223416534,0.0
 12/21  22:30:00,3033.124794229574,0.0
 12/21  22:45:00,3019.8184779518583,0.0
 12/21  23:00:00,3039.4789699513017,0.0
 12/21  23:15:00,2566.2179622646213,0.0
 12/21  23:30:00,396.7395285902075,0.0
 12/21  23:45:00,441.6873236050031,0.0
 12/21  24:00:00,480.2045377574953,0.0
 12/22  00:15:00,2338.074711681232,0.0
 12/22  00:30:00,2216.3665404340973,0.0
 12/22  00:45:00,551.4463501952491,0.0
 12/22  01:00:00,557.8316952350586,0.0
 12/22  01:15:00,591.081272666148,0.0
 12/22  01:30:00,703.1662301769334,0.0
 12/22  01:45:00,708.5973884226696,0.0
 12/22  02:00:00,682.1386085441861,0.0
 12/22  02:15:00,683.12440161057,0.0
 12/22  02:30:00,731.1875759247961,0.0
 12/22  02:45:00,744.2567804671938,0.0
 12/22  03:00:00,720.0426992702152,0.0
 12/22  03:15:00,737.570130156456,0.0
 12/22  03:30:00,757.8710869483585,0.0
 12/22  03:45:00,775.894123526017,0.0
 12/22  04:00:00,777.9450084282743,0.0
 12/22  04:15:00,791.1564340977568,0.0
 12/22  04:30:00,800.388710993838,0.0
 12/22  04:45:00,818.4628593799561,0.0
 12/22  05:00:00,830.0775531180693,0.0
 12/22  05:15:00,839.1941650211479,0.0
 12/22  05:30:00,871.0536557053086,0.0
 12/22  05:45:00,893.4280110495548,0.0
 12/22  06:00:00,924.2275990935962,0.0
 12/22  06:15:00,940.6304025656292,0.0
 12/22  06:30:00,1143.8921996319518,0.0
 12/22  06:45:00,901.8901339831384,0.0
 12/22  07:00:00,979.0779230113498,0.0
 12/22  07:15:00,1000.6872384322996,0.0
 12/22  07:30:00,998.3916084751288,0.0
 12/22  07:45:00,1014.3273347371596,0.0
 12/22  08:00:00,1032.5105583928969,0.0
 12/22  08:15:00,1054.4964820149592,0.0
 12/22  08:30:00,2980.47981363092,0.0
 12/22  08:45:00,2956.5192190787006,0.0
 12/22  09:00:00,4297.060710810564,3.970834418732085
 12/22  09:15:00,2300.694472454232,5.956000335759579
 12/22  09:30:00,2439.019303887484,7.645131170972538
 12/22  09:45:00,4500.375101640033,11.86387253933374
 12/22  10:00:00,4363.024564072842,16.084951725771653
 12/22  10:15:00,2910.506809053228,20.308473638147337
 12/22  10:30:00,2963.7866084145817,24.53403588588673
 12/22  10:45:00,2977.1178832240294,27.796272779672144
 12/22  11:00:00,2961.6274418835737,31.060700217242108
 12/22  11:15:00,2933.1933190878617,34.33255374788424
 12/22  11:30:00,2938.849102740955,37.60657754402691
 12/22  11:45:00,2979.414804629584,38.950467356457004
 12/22  12:00:00,2979.7224194628384,40.2987787581364
 12/22  12:15:00,2444.341981110505,41.63807424152978
 12/22  12:30:00,2462.414125402629,42.97825138898279
 12/22  12:45:00,2503.090248939182,42.19558871618889
 12/22  13:00:00,2524.8244930661663,41.41839047066902
 12/22  13:15:00,3097.2014554347165,40.62634941699105
 12/22  13:30:00,2977.0959301280477,39.836271241337684
 12/22  13:45:00,2947.3115538900274,37.12248545665466
 12/22  14:00:00,2982.2817015484943,34.416398637311005
 12/22  14:15:00,2970.143965823603,31.727668955192247
 12/22  14:30:00,2925.4632652879764,29.0413068593787
 12/22  14:45:00,2914.844255446938,25.204587638193487
 12/22  15:00:00,2938.940140902204,21.372483377986867
 12/22  15:15:00,2962.9674027705078,17.548065055239224
 12/22  15:30:00,2953.264301362625,13.725507918428617
 12/22  15:45:00,2921.60620747038,10.670864017202334
 12/22  16:00:00,2923.6605818267817,7.617282682215408
 12/22  16:15:00,3386.008799476941,4.565356707293302
 12/22  16:30:00,3387.260626583411,1.5837689998640165
 12/22  16:45:00,3050.0053300168306,0.0
 12/22  17:00:00,3093.251252907804,0.0
 12/22  17:15:00,3109.666201153384,0.0
 12/22  17:30:00,8163.641165639235,0.0
 12/22  17:45:00,7711.213226296909,0.0
 12/22  18:00:00,4217.73445498636,0.0
 12/22  18:15:00,3201.883492764467,0.0
 12/22  18:30:00,3162.841961779936,0.0
 12/22  18:45:00,6350.4847657828695,0.0
 12/22  19:00:00,6361.091191937528,0.0
 12/22  19:15:00,5102.249515828808,0.0
 12/22  19:30:00,4516.566280037812,0.0
 12/22  19:45:00,3485.2439243584367,0.0
 12/22  20:00:00,3143.5045197683344,0.0
 12/22  20:15:00,8133.178875535025,0.0
 12/22  20:30:00,6685.282133021299,0.0
 12/22  20:45:00,3519.982430572952,0.0
 12/22  21:00:00,3171.017264562648,0.0
 12/22  21:15:00,3143.798060697353,0.0
 12/22  21:30:00,3101.508088561254,0.0
 12/22  21:45:00,3103.9167651368807,0.0
 12/22  22:00:00,3147.8593032985245,0.0
 12/22  22:15:00,3153.4155194783093,0.0
 12/22  22:30:00,3125.3609162957337,0.0
 12/22  22:45:00,3106.0057783176067,0.0
 12/22  23:00:00,3121.214689835012,0.0
 12/22  23:15:00,2628.872641644792,0.0
 12/22  23:30:00,460.77317866370026,0.0
 12/22  23:45:00,511.5043086439236,0.0
 12/22  24:00:00,576.0393808126871,0.0
 12/23  00:15:00,785.6320698612499,0.0
 12/23  00:30:00,1619.295721991446,0.0
 12/23  00:45:00,821.3514998158685,0.0
 12/23  01:00:00,822.9996506425105,0.0
 12/23  01:15:00,857.538937973661,0.0
 12/23  01:30:00,891.5540443343846,0.0
 12/23  01:45:00,892.6777091550706,0.0
 12/23  02:00:00,864.4353254443575,0.0
 12/23  02:15:00,1792.4586229868069,0.0
 12/23  02:30:00,2100.2798002896407,0.0
 12/23  02:45:00,910.9913888662296,0.0
 12/23  03:00:00,880.174112314221,0.0
 12/23  03:15:00,900.95646838757,0.0
 12/23  03:30:00,850.9638137747996,0.0
 12/23  03:45:00,888.9175763849689,0.0
 12/23  04:00:00,889.3862682984543,0.0
 12/23  04:15:00,898.2099193964453,0.0
 12/23  04:30:00,918.2192814527438,0.0
 12/23  04:45:00,933.187903995683,0.0
 12/23  05:00:00,944.9228443263378,0.0
 12/23  05:15:00,961.891848951007,0.0
 12/23  05:30:00,981.2131718154376,0.0
 12/23  05:45:00,1006.5413881174752,0.0
 12/23  06:00:00,1032.7723276623376,0.0
 12/23  06:15:00,1048.464607877918,0.0
 12/23  06:30:00,1259.184221096271,0.0
 12/23  06:45:00,1015.8375318612648,0.0
 12/23  07:00:00,1077.002116882128,0.0
 12/23  07:15:00,1102.707807953114,0.0
 12/23  07:30:00,1093.6610791862984,0.0
 12/23  07:45:00,1106.3715501114357,0.0
 12/23  08:00:00,1122.8209609157243,0.0
 12/23  08:15:00,1141.4327858867862,0.0
 12/23  08:30:00,1156.3743751545328,0.0
 12/23  08:45:00,3485.8483839346204,0.0
 12/23  09:00:00,4355.8657945511295,9.484861859286772
 12/23  09:15:00,2351.5428542246323,13.834856155061878
 12/23  09:30:00,2494.565710928779,20.128352572728193
 12/23  09:45:00,2500.048706942764,43.906528726514296
 12/23  10:00:00,4518.024348724143,74.52600556107656
 12/23  10:15:00,2984.845288172842,97.44646163744073
 12/23  10:30:00,3020.6736616075104,121.86909872673125
 12/23  10:45:00,3015.06933793347,116.12019670516602
 12/23  11:00:00,2998.093924547668,96.84470970914715
 12/23  11:15:00,7950.870285228077,88.51144883674777
 12/23  11:30:00,7201.325785260869,69.96103848006365
 12/23  11:45:00,3788.121506055784,72.19754634944375
 12/23  12:00:00,3046.0718267542998,74.68533917100787
 12/23  12:15:00,618.6713841430226,77.44926670500988
 12/23  12:30:00,736.011551824964,80.49161683256098
 12/23  12:45:00,835.7811344227589,78.43127652275666
 12/23  13:00:00,894.6652706391317,76.68702678913176
 12/23  13:15:00,901.71521518055,75.21647419494816
 12/23  13:30:00,966.5171337430984,74.01255979643466
 12/23  13:45:00,1019.3009996019364,68.07233608635018
 12/23  14:00:00,1021.7918622952296,62.41313351061063
 12/23  14:15:00,1027.0587440869438,56.9709861313066
 12/23  14:30:00,1030.6798788862925,51.72645694662548
 12/23  14:45:00,1044.8475302750294,43.804684273276024
 12/23  15:00:00,1055.201682683688,36.06302628814898
 12/23  15:15:00,1075.1634174733829,28.46723923570398
 12/23  15:30:00,1089.5136192097743,21.990525974231335
 12/23  15:45:00,1098.4557297269134,17.42872060444631
 12/23  16:00:00,1111.7405430614865,12.870054574504431
 12/23  16:15:00,4030.533195070701,8.324888327067368
 12/23  16:30:00,3499.17522563163,3.9285208846534703
 12/23  16:45:00,3113.8756652719035,0.0
 12/23  17:00:00,3151.639803487513,0.0
 12/23  17:15:00,8140.438960050144,0.0
 12/23  17:30:00,7414.561775344875,0.0
 12/23  17:45:00,4019.912536243814,0.0
 12/23  18:00:00,3418.9625456188232,0.0
 12/23  18:15:00,3189.7848434338707,0.0
 12/23  18:30:00,4741.005396029656,0.0
 12/23  18:45:00,6443.551846791662,0.0
 12/23  19:00:00,6390.075815994525,0.0
 12/23  19:15:00,5119.5397174704,0.0
 12/23  19:30:00,4545.439028383642,0.0
 12/23  19:45:00,3068.235985950075,0.0
 12/23  20:00:00,3142.4696433997874,0.0
 12/23  20:15:00,3169.9657740453995,0.0
 12/23  20:30:00,3155.526576707364,0.0
 12/23  20:45:00,3176.581330823343,0.0
 12/23  21:00:00,3209.05334439727,0.0
 12/23  21:15:00,3206.297329294297,0.0
 12/23  21:30:00,3168.4591174364064,0.0
 12/23  21:45:00,3170.1045277660064,0.0
 12/23  22:00:00,3211.391190862789,0.0
 12/23  22:15:00,3215.174888867092,0.0
 12/23  22:30:00,3185.010194341154,0.0
 12/23  22:45:00,3164.148600133056,0.0
 12/23  23:00:00,3176.5148269882734,0.0
 12/23  23:15:00,790.8508971444394,0.0
 12/23  23:30:00,725.586145103482,0.0
 12/23  23:45:00,752.2091294314848,0.0
 12/23  24:00:00,803.0654907131766,0.0
 12/24  00:15:00,966.0805675206814,0.0
 12/24  00:30:00,895.5264546276734,0.0
 12/24  00:45:00,917.9109649856296,0.0
 12/24  01:00:00,948.3793390923578,0.0
 12/24  01:15:00,978.5224578355956,0.0
 12/24  01:30:00,1007.1584915246572,0.0
 12/24  01:45:00,1026.7791462720752,0.0
 12/24  02:00:00,1044.1320696340802,0.0
 12/24  02:15:00,1054.4857441012043,0.0
 12/24  02:30:00,1075.7916279203469,0.0
 12/24  02:45:00,1084.4308633932571,0.0
 12/24  03:00:00,1089.783835827319,0.0
 12/24  03:15:00,1104.3646635260457,0.0
 12/24  03:30:00,1123.073075602435,0.0
 12/24  03:45:00,1143.8389502271652,0.0
 12/24  04:00:00,1156.321210625517,0.0
 12/24  04:15:00,1161.6821069408782,0.0
 12/24  04:30:00,1174.459072225043,0.0
 12/24  04:45:00,1194.326118958454,0.0
 12/24  05:00:00,1205.8645649045673,0.0
 12/24  05:15:00,1211.0107583697086,0.0
 12/24  05:30:00,1220.7330978612065,0.0
 12/24  05:45:00,1234.5347348781809,0.0
 12/24  06:00:00,1250.9867283005096,0.0
 12/24  06:15:00,1266.7566395395716,0.0
 12/24  06:30:00,1432.6083475730295,0.0
 12/24  06:45:00,1196.8398588495918,0.0
 12/24  07:00:00,1341.571710074932,0.0
 12/24  07:15:00,1292.4551462365257,0.0
 12/24  07:30:00,1314.6273541317632,0.0
 12/24  07:45:00,1318.4965090446954,0.0
 12/24  08:00:00,1334.8572430587317,0.0
 12/24  08:15:00,1351.625480316616,0.0
 12/24  08:30:00,1366.161164432917,0.0
 12/24  08:45:00,3643.2360021403792,0.0
 12/24  09:00:00,4452.740700955687,20.31144231234741
 12/24  09:15:00,2402.65428843636,31.486859830365884
 12/24  09:30:00,2548.660530974612,64.20972179760786
 12/24  09:45:00,2555.7449675803477,92.776465395624
 12/24  10:00:00,4558.744271143622,129.88826126617985
 12/24  10:15:00,3009.7017559153087,159.03298084773706
 12/24  10:30:00,3040.277274339578,190.16044241757186
 12/24  10:45:00,3030.560341435959,168.70933781548717
 12/24  11:00:00,3006.011108028913,158.1775990087677
 12/24  11:15:00,7951.079704661728,132.57918190568097
 12/24  11:30:00,7237.3460578207805,105.95975638681779
 12/24  11:45:00,3808.178662651943,108.03298213075234
 12/24  12:00:00,3064.0358037990627,110.34779257022579
 12/24  12:15:00,627.5138069564492,112.99892283084696
 12/24  12:30:00,747.5989002254472,115.9999140294418
 12/24  12:45:00,848.5598928222387,112.03789316858395
 12/24  13:00:00,908.8433187588364,108.50489004726222
 12/24  13:15:00,980.0698907219522,105.32455446793361
 12/24  13:30:00,1077.516010568159,102.50198150986446
 12/24  13:45:00,1088.4972730804534,93.130054026553
 12/24  14:00:00,1098.7352028605208,84.19862291201008
 12/24  14:15:00,1123.2688834061078,75.67545215749719
 12/24  14:30:00,1130.2525710528407,67.53087815978702
 12/24  14:45:00,1147.5008490191635,55.0727804925011
 12/24  15:00:00,1172.089274604073,42.983123640024466
 12/24  15:15:00,1196.4233670975852,31.239255793434143
 12/24  15:30:00,1217.9602621728832,21.262882521121753
 12/24  15:45:00,1230.6488525221314,16.699651802996737
 12/24  16:00:00,1246.0383195573695,12.134674593850635
 12/24  16:15:00,4056.5162065584914,7.578874535086981
 12/24  16:30:00,3537.2711043289646,3.1491497975805354
 12/24  16:45:00,3155.595676486349,0.0
 12/24  17:00:00,3194.212343773016,0.0
 12/24  17:15:00,8141.045855512772,0.0
 12/24  17:30:00,7514.006111047754,0.0
 12/24  17:45:00,4063.0797735067063,0.0
 12/24  18:00:00,3448.303298864278,0.0
 12/24  18:15:00,3217.615052834261,0.0
 12/24  18:30:00,4763.529680206386,0.0
 12/24  18:45:00,6444.920944796471,0.0
 12/24  19:00:00,6394.857386550693,0.0
 12/24  19:15:00,5129.538442949585,0.0
 12/24  19:30:00,4552.8288567261625,0.0
 12/24  19:45:00,3067.042679529263,0.0
 12/24  20:00:00,3135.83582281222,0.0
 12/24  20:15:00,3157.9157522818264,0.0
 12/24  20:30:00,3137.721567338704,0.0
 12/24  20:45:00,3153.4030424686807,0.0
 12/24  21:00:00,3179.3970725041154,0.0
 12/24  21:15:00,3174.9355401004686,0.0
 12/24  21:30:00,3135.285271432644,0.0
 12/24  21:45:00,3135.355254185593,0.0
 12/24  22:00:00,3174.891811692777,0.0
 12/24  22:15:00,3179.07162578444,0.0
 12/24  22:30:00,3148.710698278842,0.0
 12/24  22:45:00,3127.0963947294936,0.0
 12/24  23:00:00,3139.837728180248,0.0
 12/24  23:15:00,744.0383402485036,0.0
 12/24  23:30:00,672.4449311893762,0.0
 12/24  23:45:00,696.2201617979213,0.0
 12/24  24:00:00,748.0975671246538,0.0
 12/25  00:15:00,1542.4565034372515,0.0
 12/25  00:30:00,760.6505904279386,0.0
 12/25  00:45:00,951.138197331024,0.0
 12/25  01:00:00,806.8457522340144,0.0
 12/25  01:15:00,871.2922438435627,0.0
 12/25  01:30:00,903.2998153866106,0.0
 12/25  01:45:00,926.6337014246894,0.0
 12/25  02:00:00,941.3816863306848,0.0
 12/25  02:15:00,953.7908122900895,0.0
 12/25  02:30:00,969.9634082455814,0.0
 12/25  02:45:00,978.1599848091856,0.0
 12/25  03:00:00,980.201159112864,0.0
 12/25  03:15:00,990.14612260587,0.0
 12/25  03:30:00,1006.0463090595704,0.0
 12/25  03:45:00,1019.8291228647768,0.0
 12/25  04:00:00,1031.4543794005344,0.0
 12/25  04:15:00,1032.5130924693024,0.0
 12/25  04:30:00,1042.8571520544,0.0
 12/25  04:45:00,1057.8223728958324,0.0
 12/25  05:00:00,1066.3891132546005,0.0
 12/25  05:15:00,1069.79586800781,0.0
 12/25  05:30:00,1076.059148601015,0.0
 12/25  05:45:00,1086.531691759879,0.0
 12/25  06:00:00,1099.8043643628016,0.0
 12/25  06:15:00,1110.5301844682374,0.0
 12/25  06:30:00,1284.0619227579518,0.0
 12/25  06:45:00,1041.7467790388807,0.0
 12/25  07:00:00,1160.1187488831629,0.0
 12/25  07:15:00,1139.138779944876,0.0
 12/25  07:30:00,1149.927054620947,0.0
 12/25  07:45:00,1154.9120022335387,0.0
 12/25  08:00:00,1167.945037907586,0.0
 12/25  08:15:00,1179.180308086054,0.0
 12/25  08:30:00,1187.6375318092446,0.0
 12/25  08:45:00,3541.286294123503,0.0
 12/25  09:00:00,4342.619618386133,13.937522414801927
 12/25  09:15:00,2308.279259916413,20.968040102699458
 12/25  09:30:00,2444.9078916539643,39.23216764385407
 12/25  09:45:00,2463.006849621127,56.4714089694783
 12/25  10:00:00,4477.324942473655,70.85390453992606
 12/25  10:15:00,2929.445121302334,86.01273932096497
 12/25  10:30:00,2964.142378653373,101.90622051968462
 12/25  10:45:00,2955.5853847408403,93.29364043120324
 12/25  11:00:00,2932.807020031675,85.48057122054314
 12/25  11:15:00,7949.567389339169,69.56373732897679
 12/25  11:30:00,7004.889392596456,62.18794342296425
 12/25  11:45:00,3725.7605298080193,63.357418893753845
 12/25  12:00:00,2988.93189906978,64.77067247757138
 12/25  12:15:00,543.6428741655913,66.35917212767335
 12/25  12:30:00,650.1459762224846,68.15814763499264
 12/25  12:45:00,747.7612930966544,65.9844429912045
 12/25  13:00:00,825.1950351767587,64.05021291275705
 12/25  13:15:00,957.0310884228744,62.33196231945515
 12/25  13:30:00,889.3632463067219,60.7998558835806
 12/25  13:45:00,965.3642059000242,55.659150360459414
 12/25  14:00:00,959.9376932632302,50.720435411214446
 12/25  14:15:00,965.6184926074092,45.95571081658418
 12/25  14:30:00,981.0017159624556,41.326265251296405
 12/25  14:45:00,989.343935062075,33.31012435214932
 12/25  15:00:00,1005.8783918699768,26.69025729003679
 12/25  15:15:00,1019.9546059078428,20.083450768420775
 12/25  15:30:00,1031.3762694558147,13.490430488171075
 12/25  15:45:00,1036.7794272294311,10.672928144562297
 12/25  16:00:00,1045.6235777575614,7.857478601981782
 12/25  16:15:00,4012.692706988693,5.048396481287355
 12/25  16:30:00,3438.4949946493643,2.334941768739048
 12/25  16:45:00,3051.701861431861,0.0
 12/25  17:00:00,3088.0588311148986,0.0
 12/25  17:15:00,8138.901288883115,0.0
 12/25  17:30:00,7191.668661671483,0.0
 12/25  17:45:00,3943.459129719731,0.0
 12/25  18:00:00,3337.7758454352443,0.0
 12/25  18:15:00,3104.2301701750075,0.0
 12/25  18:30:00,4656.233740352918,0.0
 12/25  18:45:00,6354.561237002187,0.0
 12/25  19:00:00,6296.13163729884,0.0
 12/25  19:15:00,5019.130252676174,0.0
 12/25  19:30:00,4438.357631865971,0.0
 12/25  19:45:00,2946.377332363604,0.0
 12/25  20:00:00,3011.7220265544847,0.0
 12/25  20:15:00,3031.7854767174363,0.0
 12/25  20:30:00,3009.4633810896207,0.0
 12/25  20:45:00,3022.619795731504,0.0
 12/25  21:00:00,3046.8167469705336,0.0
 12/25  21:15:00,3040.3661030430835,0.0
 12/25  21:30:00,3000.33662874091,0.0
 12/25  21:45:00,2998.049478215904,0.0
 12/25  22:00:00,3036.9855652313267,0.0
 12/25  22:15:00,3038.6011533293854,0.0
 12/25  22:30:00,3007.0998532584704,0.0
 12/25  22:45:00,2983.230400614763,0.0
 12/25  23:00:00,2993.996944040464,0.0
 12/25  23:15:00,605.3083325926772,0.0
 12/25  23:30:00,517.5124843676459,0.0
 12/25  23:45:00,531.8095377741852,0.0
 12/25  24:00:00,575.393024742495,0.0
 12/26  00:15:00,650.3389072166433,0.0
 12/26  00:30:00,668.224157419045,0.0
 12/26  00:45:00,646.7228812952817,0.0
 12/26  01:00:00,635.9481669453332,0.0
 12/26  01:15:00,664.7154814907378,0.0
 12/26  01:30:00,695.5624563893548,0.0
 12/26  01:45:00,693.4350988317891,0.0
 12/26  02:00:00,662.8910838093244,0.0
 12/26  02:15:00,663.8287718836632,0.0
 12/26  02:30:00,706.4201818169154,0.0
 12/26  02:45:00,709.995082847721,0.0
 12/26  03:00:00,678.3335513084924,0.0
 12/26  03:15:00,667.3005445593491,0.0
 12/26  03:30:00,695.4822878866457,0.0
 12/26  03:45:00,720.4762809580254,0.0
 12/26  04:00:00,717.6429888871068,0.0
 12/26  04:15:00,692.3077798925319,0.0
 12/26  04:30:00,723.2899751165979,0.0
 12/26  04:45:00,739.9413584989239,0.0
 12/26  05:00:00,750.6739539545845,0.0
 12/26  05:15:00,745.3124970450286,0.0
 12/26  05:30:00,754.3846521858669,0.0
 12/26  05:45:00,757.1805578557656,0.0
 12/26  06:00:00,763.767762644685,0.0
 12/26  06:15:00,789.1049119258392,0.0
 12/26  06:30:00,1015.336744062131,0.0
 12/26  06:45:00,769.1135340567711,0.0
 12/26  07:00:00,786.3758238868377,0.0
 12/26  07:15:00,854.1269829789214,0.0
 12/26  07:30:00,828.3820782616193,0.0
 12/26  07:45:00,846.5106369182911,0.0
 12/26  08:00:00,862.4682079523042,0.0
 12/26  08:15:00,875.3555238555888,0.0
 12/26  08:30:00,885.7745445655951,0.0
 12/26  08:45:00,3364.906539436131,0.0
 12/26  09:00:00,4196.194361414585,24.304217828559057
 12/26  09:15:00,2188.8512498901646,38.225706645608504
 12/26  09:30:00,2300.418198215604,74.03398724638178
 12/26  09:45:00,2305.4017823241875,94.48683568060886
 12/26  10:00:00,4314.919998212688,109.3236178249256
 12/26  10:15:00,2768.602523686235,124.81367166253663
 12/26  10:30:00,2796.208655126996,140.79441369964135
 12/26  10:45:00,2783.583186658788,116.5588910657273
 12/26  11:00:00,2757.7112748538566,103.6582624735641
 12/26  11:15:00,7945.917815742583,90.52593109969409
 12/26  11:30:00,6598.198681764149,67.83467425843469
 12/26  11:45:00,3525.3058699603207,70.14176432007795
 12/26  12:00:00,2829.553319394261,72.66268424795616
 12/26  12:15:00,399.899364864986,75.34661287183876
 12/26  12:30:00,474.59293899287024,78.29845101345502
 12/26  12:45:00,558.7778857262006,76.53274042172822
 12/26  13:00:00,616.473028412413,75.06186912372145
 12/26  13:15:00,629.2460881069526,73.88612825334106
 12/26  13:30:00,620.5126628548187,72.9675735013692
 12/26  13:45:00,639.7963776556785,67.38260901574604
 12/26  14:00:00,692.7125938116064,62.0604970985708
 12/26  14:15:00,702.8706309613228,56.994439331089865
 12/26  14:30:00,674.0933425861701,52.11587188910567
 12/26  14:45:00,674.3201658169512,40.99223417699914
 12/26  15:00:00,707.7694834339775,30.493639208146263
 12/26  15:15:00,738.0406633969163,21.994015871654973
 12/26  15:30:00,733.7138571299644,13.509575485531403
 12/26  15:45:00,706.8531575400586,10.504491353419557
 12/26  16:00:00,739.6222004553033,7.49889619695544
 12/26  16:15:00,3974.6538425085655,4.495740808843033
 12/26  16:30:00,3325.0117756875466,1.5603262331611885
 12/26  16:45:00,2932.1693044468666,0.0
 12/26  17:00:00,2968.7499720228134,0.0
 12/26  17:15:00,8136.2043915191025,0.0
 12/26  17:30:00,6900.942586998337,0.0
 12/26  17:45:00,3791.596512762735,0.0
 12/26  18:00:00,3211.979815108283,0.0
 12/26  18:15:00,2975.1776391734797,0.0
 12/26  18:30:00,4524.815920752922,0.0
 12/26  18:45:00,6223.93362680381,0.0
 12/26  19:00:00,6165.02109538932,0.0
 12/26  19:15:00,4884.388274074188,0.0
 12/26  19:30:00,4299.317997570958,0.0
 12/26  19:45:00,2800.7173511071933,0.0
 12/26  20:00:00,2856.1919892177307,0.0
 12/26  20:15:00,2872.261319222151,0.0
 12/26  20:30:00,2845.313600845371,0.0
 12/26  20:45:00,2854.287564682781,0.0
 12/26  21:00:00,2874.062281764673,0.0
 12/26  21:15:00,2866.321127646156,0.0
 12/26  21:30:00,2825.033074003339,0.0
 12/26  21:45:00,2823.4806251421783,0.0
 12/26  22:00:00,2861.3462211455394,0.0
 12/26  22:15:00,2868.751341515336,0.0
 12/26  22:30:00,2842.3226175620543,0.0
 12/26  22:45:00,2825.526899862992,0.0
 12/26  23:00:00,2842.1019710442047,0.0
 12/26  23:15:00,502.7495820100106,0.0
 12/26  23:30:00,386.00801328868033,0.0
 12/26  23:45:00,388.3285941619324,0.0
 12/26  24:00:00,422.483910836871,0.0
 12/27  00:15:00,2370.121597187959,0.0
 12/27  00:30:00,1675.5804988274044,0.0
 12/27  00:45:00,1933.531836866544,0.0
 12/27  01:00:00,502.1592706312573,0.0
 12/27  01:15:00,510.3794664437564,0.0
 12/27  01:30:00,541.2363472013994,0.0
 12/27  01:45:00,535.6020994535355,0.0
 12/27  02:00:00,502.9414730749463,0.0
 12/27  02:15:00,504.2275854330709,0.0
 12/27  02:30:00,547.3806263876683,0.0
 12/27  02:45:00,550.8583470873564,0.0
 12/27  03:00:00,519.7176884039477,0.0
 12/27  03:15:00,504.65350509686334,0.0
 12/27  03:30:00,522.4721844262566,0.0
 12/27  03:45:00,549.8956454813272,0.0
 12/27  04:00:00,543.3682761088064,0.0
 12/27  04:15:00,505.5440183130976,0.0
 12/27  04:30:00,507.0098289376025,0.0
 12/27  04:45:00,548.9143695186594,0.0
 12/27  05:00:00,556.3714717776235,0.0
 12/27  05:15:00,532.6940928264574,0.0
 12/27  05:30:00,517.9815337074803,0.0
 12/27  05:45:00,536.8810306039342,0.0
 12/27  06:00:00,570.9953822613722,0.0
 12/27  06:15:00,589.7192189542174,0.0
 12/27  06:30:00,811.9090943511746,0.0
 12/27  06:45:00,581.2722540906541,0.0
 12/27  07:00:00,583.9418624065106,0.0
 12/27  07:15:00,589.7299416459606,0.0
 12/27  07:30:00,594.3660883164871,0.0
 12/27  07:45:00,553.80840391466,0.0
 12/27  08:00:00,559.4959755389567,0.0
 12/27  08:15:00,600.3911085688297,0.0
 12/27  08:30:00,619.5555569239172,0.0
 12/27  08:45:00,3241.4845133377567,0.0
 12/27  09:00:00,4081.393251791397,3.92313806024316
 12/27  09:15:00,2099.2952752142523,5.893685416483464
 12/27  09:30:00,2197.141887556213,7.572165728525121
 12/27  09:45:00,2199.098778255508,11.568475273318962
 12/27  10:00:00,4206.719389050407,15.571813852426851
 12/27  10:15:00,2683.058748666353,19.56445473997566
 12/27  10:30:00,2720.9603384095417,23.556295257116503
 12/27  10:45:00,2715.9506694307183,26.782971896868123
 12/27  11:00:00,2694.240399637406,30.010641371785148
 12/27  11:15:00,7944.638041561749,33.23521567528053
 12/27  11:30:00,6416.412366935907,36.46095569762418
 12/27  11:45:00,3412.803393662697,37.9683774501716
 12/27  12:00:00,2749.3955503515363,39.48110875356628
 12/27  12:15:00,338.59708152730667,40.97206162929555
 12/27  12:30:00,397.3334824665554,42.462410445721005
 12/27  12:45:00,473.06489725818494,41.66505338864477
 12/27  13:00:00,530.5059648993619,40.873746708922305
 12/27  13:15:00,537.5496124326153,40.012052422948564
 12/27  13:30:00,520.048291565678,39.15973548525848
 12/27  13:45:00,529.1570148695346,36.61344924127554
 12/27  14:00:00,569.045102136438,34.08260696281425
 12/27  14:15:00,570.8677026438685,31.613280710360545
 12/27  14:30:00,536.0632993104483,29.14956130557276
 12/27  14:45:00,528.3120179328922,25.188909389163825
 12/27  15:00:00,553.7077615305188,21.238684134465018
 12/27  15:15:00,579.0210924804541,17.30982523234232
 12/27  15:30:00,570.8277507093366,13.386635702907439
 12/27  15:45:00,539.6753336508818,10.776003185589538
 12/27  16:00:00,542.7574883790255,8.168307919588226
 12/27  16:15:00,3883.805845541014,5.564016822378225
 12/27  16:30:00,3163.352886875066,3.0851094635780036
 12/27  16:45:00,2763.395748970659,0.0
 12/27  17:00:00,2794.8373478098038,0.0
 12/27  17:15:00,8132.975761783292,0.0
 12/27  17:30:00,6482.91823010195,0.0
 12/27  17:45:00,3537.5403558969665,0.0
 12/27  18:00:00,3042.20751969399,0.0
 12/27  18:15:00,2807.620182946178,0.0
 12/27  18:30:00,4361.653074121278,0.0
 12/27  18:45:00,6067.787133057971,0.0
 12/27  19:00:00,6007.8083816198,0.0
 12/27  19:15:00,4730.0659025350105,0.0
 12/27  19:30:00,4148.906518536149,0.0
 12/27  19:45:00,2656.279321418194,0.0
 12/27  20:00:00,2709.2473500673864,0.0
 12/27  20:15:00,2729.20516931204,0.0
 12/27  20:30:00,2706.4452802311607,0.0
 12/27  20:45:00,2719.3827822779745,0.0
 12/27  21:00:00,2743.363243048487,0.0
 12/27  21:15:00,2734.315490227868,0.0
 12/27  21:30:00,2691.125523200213,0.0
 12/27  21:45:00,2686.581147966412,0.0
 12/27  22:00:00,2722.160037113785,0.0
 12/27  22:15:00,2725.8092058729503,0.0
 12/27  22:30:00,2696.131753419976,0.0
 12/27  22:45:00,2676.209996537604,0.0
 12/27  23:00:00,2689.279435425683,0.0
 12/27  23:15:00,438.23233316688936,0.0
 12/27  23:30:00,285.1395478021363,0.0
 12/27  23:45:00,276.88339500055935,0.0
 12/27  24:00:00,301.65051811996227,0.0
 12/28  00:15:00,2055.474845351979,0.0
 12/28  00:30:00,1150.507918061673,0.0
 12/28  00:45:00,336.53121182927066,0.0
 12/28  01:00:00,334.633535744066,0.0
 12/28  01:15:00,312.2602196980709,0.0
 12/28  01:30:00,347.32423421190543,0.0
 12/28  01:45:00,385.0348392149487,0.0
 12/28  02:00:00,343.9351318926176,0.0
 12/28  02:15:00,361.5539705042786,0.0
 12/28  02:30:00,411.43346964989394,0.0
 12/28  02:45:00,420.97594099356456,0.0
 12/28  03:00:00,396.7427683358649,0.0
 12/28  03:15:00,385.06114427052967,0.0
 12/28  03:30:00,405.6831822652367,0.0
 12/28  03:45:00,435.69254420602766,0.0
 12/28  04:00:00,431.458945799004,0.0
 12/28  04:15:00,395.7737425948296,0.0
 12/28  04:30:00,399.8187589627648,0.0
 12/28  04:45:00,443.4484987914195,0.0
 12/28  05:00:00,453.46984190475706,0.0
 12/28  05:15:00,427.504222129436,0.0
 12/28  05:30:00,409.7370199773833,0.0
 12/28  05:45:00,425.6484194633298,0.0
 12/28  06:00:00,457.0458339234501,0.0
 12/28  06:15:00,477.16916764882535,0.0
 12/28  06:30:00,701.1643977850475,0.0
 12/28  06:45:00,472.2336963809783,0.0
 12/28  07:00:00,477.66064645009885,0.0
 12/28  07:15:00,481.2548166905323,0.0
 12/28  07:30:00,484.8945212183838,0.0
 12/28  07:45:00,442.4851370126853,0.0
 12/28  08:00:00,446.78319082962753,0.0
 12/28  08:15:00,481.3750722537418,0.0
 12/28  08:30:00,2847.489529341413,0.0
 12/28  08:45:00,2508.0335526945187,0.0
 12/28  09:00:00,3939.001333475797,3.8962908364020694
 12/28  09:15:00,1988.5025461797095,5.846925553588953
 12/28  09:30:00,2084.476880339875,7.509025919129201
 12/28  09:45:00,4095.511431433351,11.467703467933084
 12/28  10:00:00,3957.18223519498,15.431769543032246
 12/28  10:15:00,2500.4781063477226,19.403725703151025
 12/28  10:30:00,2542.115603046232,23.381602937783512
 12/28  10:45:00,2555.266483600536,26.60520687518473
 12/28  11:00:00,2537.620117267368,29.833796609280483
 12/28  11:15:00,2508.42653205375,33.060941621637475
 12/28  11:30:00,2512.892439463917,36.29154284530397
 12/28  11:45:00,2551.7237225321664,37.81231613723357
 12/28  12:00:00,2551.3913592997305,39.33743915049994
 12/28  12:15:00,2014.139158517209,40.858916844031775
 12/28  12:30:00,2023.9238331367264,42.38264809974243
 12/28  12:45:00,2061.8308137110444,41.813112302725784
 12/28  13:00:00,2091.0483833186568,41.24748629739192
 12/28  13:15:00,2659.120016541586,40.671339004662585
 12/28  13:30:00,2543.02906708319,40.09661092342201
 12/28  13:45:00,2519.082485974784,37.4298592603015
 12/28  14:00:00,2554.4525610137543,34.76801381467383
 12/28  14:15:00,2544.632809112707,32.13419524190794
 12/28  14:30:00,2500.267046301277,29.50008095766387
 12/28  14:45:00,2489.604494262783,25.723813975931304
 12/28  15:00:00,2515.396860019179,21.94750699941789
 12/28  15:15:00,2535.041585044931,18.145386125304103
 12/28  15:30:00,2520.1269974626257,14.349058914111538
 12/28  15:45:00,2482.9051893390315,11.317139414568475
 12/28  16:00:00,2479.4765859940007,8.289693944176683
 12/28  16:15:00,2941.022869812129,5.269369969603267
 12/28  16:30:00,2943.58348260811,2.3490706633579403
 12/28  16:45:00,2608.3700053750504,0.0
 12/28  17:00:00,2653.097310856354,0.0
 12/28  17:15:00,2671.14761477109,0.0
 12/28  17:30:00,8155.275891982269,0.0
 12/28  17:45:00,6525.292725868143,0.0
 12/28  18:00:00,3615.23170813286,0.0
 12/28  18:15:00,2765.814873355664,0.0
 12/28  18:30:00,2717.254002294537,0.0
 12/28  18:45:00,5908.060451412472,0.0
 12/28  19:00:00,5925.018379183326,0.0
 12/28  19:15:00,4666.275647501564,0.0
 12/28  19:30:00,4082.341350857672,0.0
 12/28  19:45:00,2770.281211197293,0.0
 12/28  20:00:00,2684.647009775246,0.0
 12/28  20:15:00,8125.675761840895,0.0
 12/28  20:30:00,6301.853098955876,0.0
 12/28  20:45:00,3133.415038742594,0.0
 12/28  21:00:00,2742.0965082482194,0.0
 12/28  21:15:00,2699.8258971094488,0.0
 12/28  21:30:00,2652.096352267958,0.0
 12/28  21:45:00,2652.864477292198,0.0
 12/28  22:00:00,2693.8101846360214,0.0
 12/28  22:15:00,2702.0178292831456,0.0
 12/28  22:30:00,2676.898475383568,0.0
 12/28  22:45:00,2661.3889693250694,0.0
 12/28  23:00:00,2679.866640381443,0.0
 12/28  23:15:00,2330.874499013141,0.0
 12/28  23:30:00,203.37618801296043,0.0
 12/28  23:45:00,205.4879929207248,0.0
 12/28  24:00:00,221.0130208716429,0.0
 12/29  00:15:00,2135.72640164174,0.0
 12/29  00:30:00,2020.6256825639823,0.0
 12/29  00:45:00,353.207528047294,0.0
 12/29  01:00:00,355.6443417445513,0.0
 12/29  01:15:00,388.7860282781032,0.0
 12/29  01:30:00,423.3009656973731,0.0
 12/29  01:45:00,423.3292424665145,0.0
 12/29  02:00:00,394.9429328475181,0.0
 12/29  02:15:00,328.5004852100778,0.0
 12/29  02:30:00,407.8395145726042,0.0
 12/29  02:45:00,409.4991696592688,0.0
 12/29  03:00:00,389.61160939247145,0.0
 12/29  03:15:00,387.2635515594243,0.0
 12/29  03:30:00,416.2470811750639,0.0
 12/29  03:45:00,454.2309765489951,0.0
 12/29  04:00:00,457.6232274030911,0.0
 12/29  04:15:00,424.0980552931816,0.0
 12/29  04:30:00,428.9807473113581,0.0
 12/29  04:45:00,474.2007018634896,0.0
 12/29  05:00:00,484.9350843910059,0.0
 12/29  05:15:00,462.7233635245776,0.0
 12/29  05:30:00,449.807648604293,0.0
 12/29  05:45:00,469.80401863788217,0.0
 12/29  06:00:00,506.2519803787594,0.0
 12/29  06:15:00,528.5068162703997,0.0
 12/29  06:30:00,754.9008377990295,0.0
 12/29  06:45:00,528.2298904416683,0.0
 12/29  07:00:00,535.6848316169627,0.0
 12/29  07:15:00,546.4850935681079,0.0
 12/29  07:30:00,558.0693998961406,0.0
 12/29  07:45:00,523.13082084183,0.0
 12/29  08:00:00,535.604993698594,0.0
 12/29  08:15:00,577.6999333516472,0.0
 12/29  08:30:00,2866.1112286107714,0.0
 12/29  08:45:00,2606.329909278508,0.0
 12/29  09:00:00,4051.823871559797,6.7594867804816365
 12/29  09:15:00,2095.351725219147,9.751332821450255
 12/29  09:30:00,2198.464766823759,12.311102622528345
 12/29  09:45:00,4214.1461998751865,19.4573979582042
 12/29  10:00:00,4076.043822776588,27.79966710419385
 12/29  10:15:00,2616.4421332245306,36.01487856443384
 12/29  10:30:00,2661.758459164682,44.2520991219161
 12/29  10:45:00,2672.039313795243,50.39947751550625
 12/29  11:00:00,2653.0878094603204,56.735171225303716
 12/29  11:15:00,2617.1236983186886,63.22927529919229
 12/29  11:30:00,2613.047699390288,69.93366936894051
 12/29  11:45:00,2636.048980424638,117.22844451256088
 12/29  12:00:00,2613.7733577802287,170.4595370967371
 12/29  12:15:00,2056.110246537799,210.2022983789978
 12/29  12:30:00,2045.533378578343,250.41095567853327
 12/29  12:45:00,2073.9706992441725,212.257623739424
 12/29  13:00:00,2101.959704528545,174.73798398176712
 12/29  13:15:00,2681.288146876174,122.42320110922529
 12/29  13:30:00,2577.0466386264216,75.5486745042078
 12/29  13:45:00,2547.3027719888946,70.04032329391812
 12/29  14:00:00,2582.4279713540323,64.65269991535398
 12/29  14:15:00,2570.682545142092,59.4989004532768
 12/29  14:30:00,2526.2840453802446,54.54326848750995
 12/29  14:45:00,2515.3547995303297,46.337776012829664
 12/29  15:00:00,2540.655573274133,38.32345538441876
 12/29  15:15:00,2564.273116541362,30.454098180298338
 12/29  15:30:00,2554.606848856324,23.54760626276569
 12/29  15:45:00,2523.108909180647,18.789989282562907
 12/29  16:00:00,2525.405136826932,14.033631227563113
 12/29  16:15:00,2990.0252748442635,9.286682804389763
 12/29  16:30:00,2994.8319101797542,4.720174688327776
 12/29  16:45:00,2660.961532362316,0.0
 12/29  17:00:00,2708.1552906528086,0.0
 12/29  17:15:00,2727.9936170446485,0.0
 12/29  17:30:00,8156.333721492893,0.0
 12/29  17:45:00,6678.686425600907,0.0
 12/29  18:00:00,3709.455427037665,0.0
 12/29  18:15:00,2828.14135398934,0.0
 12/29  18:30:00,2781.7201167914045,0.0
 12/29  18:45:00,5973.797392174133,0.0
 12/29  19:00:00,5990.751784334555,0.0
 12/29  19:15:00,4733.975745635913,0.0
 12/29  19:30:00,4151.599579065921,0.0
 12/29  19:45:00,2877.224182544793,0.0
 12/29  20:00:00,2764.630763026974,0.0
 12/29  20:15:00,8126.996263488072,0.0
 12/29  20:30:00,6372.766980328417,0.0
 12/29  20:45:00,3199.349430076592,0.0
 12/29  21:00:00,2821.5305092300296,0.0
 12/29  21:15:00,2782.0412007020363,0.0
 12/29  21:30:00,2736.0512035902025,0.0
 12/29  21:45:00,2738.304415452509,0.0
 12/29  22:00:00,2780.577786813012,0.0
 12/29  22:15:00,2788.005489984984,0.0
 12/29  22:30:00,2762.1279880736893,0.0
 12/29  22:45:00,2745.22186197577,0.0
 12/29  23:00:00,2762.067136610489,0.0
 12/29  23:15:00,2385.447414366909,0.0
 12/29  23:30:00,256.3065006469393,0.0
 12/29  23:45:00,240.90248449242927,0.0
 12/29  24:00:00,258.548393942621,0.0
 12/30  00:15:00,419.7697989132104,0.0
 12/30  00:30:00,1261.2126987375102,0.0
 12/30  00:45:00,460.4059008487485,0.0
 12/30  01:00:00,471.4755009545896,0.0
 12/30  01:15:00,510.3140340144235,0.0
 12/30  01:30:00,549.3237519641871,0.0
 12/30  01:45:00,554.1155420531403,0.0
 12/30  02:00:00,528.7849534698421,0.0
 12/30  02:15:00,1463.9845319928768,0.0
 12/30  02:30:00,1777.5452997660625,0.0
 12/30  02:45:00,593.6765862372473,0.0
 12/30  03:00:00,567.0295914098888,0.0
 12/30  03:15:00,546.5650001745104,0.0
 12/30  03:30:00,537.1729600549554,0.0
 12/30  03:45:00,571.5752703665247,0.0
 12/30  04:00:00,570.7118891029254,0.0
 12/30  04:15:00,534.5202534571841,0.0
 12/30  04:30:00,538.4408247075053,0.0
 12/30  04:45:00,581.7864613029889,0.0
 12/30  05:00:00,591.5493046866226,0.0
 12/30  05:15:00,568.8553797304812,0.0
 12/30  05:30:00,555.0827939506141,0.0
 12/30  05:45:00,574.7033738290831,0.0
 12/30  06:00:00,609.7466529915414,0.0
 12/30  06:15:00,631.4329749368525,0.0
 12/30  06:30:00,855.6433876326578,0.0
 12/30  06:45:00,627.2771946789592,0.0
 12/30  07:00:00,632.9197648049982,0.0
 12/30  07:15:00,641.377649767536,0.0
 12/30  07:30:00,649.2859167365291,0.0
 12/30  07:45:00,611.4118444099021,0.0
 12/30  08:00:00,619.8221558731325,0.0
 12/30  08:15:00,658.1612860315956,0.0
 12/30  08:30:00,673.299142408339,0.0
 12/30  08:45:00,3233.580330065048,0.0
 12/30  09:00:00,4119.39625494331,7.124234814609683
 12/30  09:15:00,2131.232345244448,10.29341561667222
 12/30  09:30:00,2238.5785708508997,13.01247653143222
 12/30  09:45:00,2241.236280017274,20.32068850660177
 12/30  10:00:00,4242.647640836671,28.2475841500735
 12/30  10:15:00,2721.045718163013,36.07818250886694
 12/30  10:30:00,2755.274029861387,43.94194915247609
 12/30  10:45:00,2748.0243138142405,48.51918507597407
 12/30  11:00:00,2724.046471377154,53.33057903585626
 12/30  11:15:00,7945.6027034564195,58.31578175710563
 12/30  11:30:00,6489.67970413158,63.49253460605166
 12/30  11:45:00,3441.0432032556737,76.26440249426666
 12/30  12:00:00,2747.75304690381,89.4653148449119
 12/30  12:15:00,336.6171945360072,103.14167479517812
 12/30  12:30:00,386.0480886623925,117.36803082954812
 12/30  12:45:00,457.3319961129015,96.11547436043084
 12/30  13:00:00,511.1096379457625,76.56612230852107
 12/30  13:15:00,526.4609472104945,58.349929437011944
 12/30  13:30:00,524.5369803145533,41.517598491019974
 12/30  13:45:00,546.495244806321,40.77517210639852
 12/30  14:00:00,601.0726825015411,40.00780566864544
 12/30  14:15:00,612.6509422272213,39.41662473094563
 12/30  14:30:00,584.6610967445464,39.037797730390594
 12/30  14:45:00,584.9922231369267,33.202771138416765
 12/30  15:00:00,618.8539967693866,27.90670122954344
 12/30  15:15:00,646.6653026126602,22.60715845567488
 12/30  15:30:00,640.4461561390517,17.313799438175945
 12/30  15:45:00,612.8781774370906,13.539867481924396
 12/30  16:00:00,617.128170659999,9.768961393953866
 12/30  16:15:00,3906.955972474209,6.0089638300354045
 12/30  16:30:00,3240.622445678297,2.3451616075115393
 12/30  16:45:00,2846.0624596683333,0.0
 12/30  17:00:00,2883.571853143728,0.0
 12/30  17:15:00,8134.8984861538365,0.0
 12/30  17:30:00,6715.264466447707,0.0
 12/30  17:45:00,3676.842535437165,0.0
 12/30  18:00:00,3132.903480094952,0.0
 12/30  18:15:00,2899.1313743344967,0.0
 12/30  18:30:00,4450.034944960407,0.0
 12/30  18:45:00,6154.742741971965,0.0
 12/30  19:00:00,6096.579082076232,0.0
 12/30  19:15:00,4822.595967460689,0.0
 12/30  19:30:00,4245.77402981125,0.0
 12/30  19:45:00,2761.675709403597,0.0
 12/30  20:00:00,2824.2005455179506,0.0
 12/30  20:15:00,2850.146141440362,0.0
 12/30  20:30:00,2834.004687692053,0.0
 12/30  20:45:00,2853.499475524888,0.0
 12/30  21:00:00,2883.5134468103583,0.0
 12/30  21:15:00,2878.158268998949,0.0
 12/30  21:30:00,2838.141359706567,0.0
 12/30  21:45:00,2835.661093434349,0.0
 12/30  22:00:00,2874.399700027026,0.0
 12/30  22:15:00,2879.553788786539,0.0
 12/30  22:30:00,2852.333832109498,0.0
 12/30  22:45:00,2833.7613077539345,0.0
 12/30  23:00:00,2849.2561469338884,0.0
 12/30  23:15:00,519.8686594021854,0.0
 12/30  23:30:00,411.4095625245451,0.0
 12/30  23:45:00,419.8220605857972,0.0
 12/30  24:00:00,460.02442951262657,0.0
 12/31  00:15:00,540.0025309343476,0.0
 12/31  00:30:00,565.7301147517114,0.0
 12/31  00:45:00,549.8713081614834,0.0
 12/31  01:00:00,549.4950821861157,0.0
 12/31  01:15:00,578.1500600724461,0.0
 12/31  01:30:00,609.716823361324,0.0
 12/31  01:45:00,606.6394892867797,0.0
 12/31  02:00:00,575.3408725948037,0.0
 12/31  02:15:00,576.8563469438903,0.0
 12/31  02:30:00,621.5469513606471,0.0
 12/31  02:45:00,625.4451933537684,0.0
 12/31  03:00:00,594.985013497767,0.0
 12/31  03:15:00,582.5468809097063,0.0
 12/31  03:30:00,602.8856491766663,0.0
 12/31  03:45:00,633.5094333624952,0.0
 12/31  04:00:00,629.5159206582575,0.0
 12/31  04:15:00,591.3280986527802,0.0
 12/31  04:30:00,592.0041442717043,0.0
 12/31  04:45:00,632.3246214040495,0.0
 12/31  05:00:00,639.8707217173226,0.0
 12/31  05:15:00,614.2925656820938,0.0
 12/31  05:30:00,599.1692345906285,0.0
 12/31  05:45:00,616.473280428464,0.0
 12/31  06:00:00,649.9180533412253,0.0
 12/31  06:15:00,668.9096186518188,0.0
 12/31  06:30:00,891.113165423387,0.0
 12/31  06:45:00,660.7230179385766,0.0
 12/31  07:00:00,664.5772112715637,0.0
 12/31  07:15:00,670.6035674907004,0.0
 12/31  07:30:00,676.1185533325009,0.0
 12/31  07:45:00,636.1304521441418,0.0
 12/31  08:00:00,642.335789035957,0.0
 12/31  08:15:00,689.2300254467855,0.0
 12/31  08:30:00,715.146279857956,0.0
 12/31  08:45:00,3237.0269977348794,0.0
 12/31  09:00:00,4122.489349380484,3.935872236931813
 12/31  09:15:00,2139.321652317374,5.906981717204756
 12/31  09:30:00,2246.948883545768,7.583879148083445
 12/31  09:45:00,2248.8542402927783,11.577874102425314
 12/31  10:00:00,4263.724296648646,15.573256862512725
 12/31  10:15:00,2740.5515695471463,19.55746053543802
 12/31  10:30:00,2775.938857314925,23.53771876545941
 12/31  10:45:00,2768.374042456684,26.941220380114373
 12/31  11:00:00,2744.423255941046,30.34216540878481
 12/31  11:15:00,7945.840083701911,33.728422665191296
 12/31  11:30:00,6532.722904699993,37.108443781388964
 12/31  11:45:00,3472.002403923437,40.101513253268244
 12/31  12:00:00,2774.8893237677567,43.4682884519141
 12/31  12:15:00,355.6282244964917,47.01489737351584
 12/31  12:30:00,415.0345016313455,50.68474568185093
 12/31  12:45:00,489.5979840360427,47.795747910062055
 12/31  13:00:00,544.6249862624409,45.088783858338736
 12/31  13:15:00,559.1827903614244,42.62992270272718
 12/31  13:30:00,551.0676102240858,40.54231694894593
 12/31  13:45:00,568.1398190640365,38.0798638336859
 12/31  14:00:00,618.1979610067857,35.62161979811495
 12/31  14:15:00,624.9748786005505,33.17922408325188
 12/31  14:30:00,596.6117212861237,30.73818376070974
 12/31  14:45:00,593.2517184089781,26.79046250699571
 12/31  15:00:00,625.3881235235087,22.846663244467898
 12/31  15:15:00,650.5077708767736,18.90007302069569
 12/31  15:30:00,642.639263717427,14.957572562708785
 12/31  15:45:00,612.8180432173106,11.770430622233018
 12/31  16:00:00,616.3253243918981,8.586300863434614
 12/31  16:15:00,3911.208867165289,5.411233490515553
 12/31  16:30:00,3238.099070694325,2.331244709872837
 12/31  16:45:00,2841.489161899788,0.0
 12/31  17:00:00,2876.150056767993,0.0
 12/31  17:15:00,8134.53601281288,0.0
 12/31  17:30:00,6678.772027042834,0.0
 12/31  17:45:00,3657.139092788698,0.0
 12/31  18:00:00,3120.7939649858527,0.0
 12/31  18:15:00,2885.1868433905083,0.0
 12/31  18:30:00,4435.976861518964,0.0
 12/31  18:45:00,6138.404982702362,0.0
 12/31  19:00:00,6077.784802253367,0.0
 12/31  19:15:00,4802.525786177603,0.0
 12/31  19:30:00,4224.699804799161,0.0
 12/31  19:45:00,2737.1689502480936,0.0
 12/31  20:00:00,2797.9590245049467,0.0
 12/31  20:15:00,2822.841593654959,0.0
 12/31  20:30:00,2805.4268592212065,0.0
 12/31  20:45:00,2823.928836850947,0.0
 12/31  21:00:00,2853.075722552155,0.0
 12/31  21:15:00,2850.5785604011785,0.0
 12/31  21:30:00,2813.531283393674,0.0
 12/31  21:45:00,2815.720335294409,0.0
 12/31  22:00:00,2857.8648275814585,0.0
 12/31  22:15:00,2871.017087014984,0.0
 12/31  22:30:00,2851.6133337520696,0.0
 12/31  22:45:00,2842.0550177380205,0.0
 12/31  23:00:00,2866.436178555575,0.0
 12/31  23:15:00,539.1843454866327,0.0
 12/31  23:30:00,443.2013403322321,0.0
 12/31  23:45:00,466.7775920301393,0.0
 12/31  24:00:00,523.1528866414395,0.0
